Date_x,SessionTime_x,Time,RPM_x,Speed_x,nGear_x,Throttle_x,Brake_x,DRS_x,Source_x,Distance,RelativeDistance,X,Y,Z,Source_y,SessionTime_y
2024-05-05 21:11:29.623,0 days 02:03:48.855000,0 days 00:00:00.271000,11260,284,7,100,False,0,car,21.428333333333335,0.0040040294627473,2052,-7,250,car,0 days 02:03:48.855000
2024-05-05 21:11:29.863,0 days 02:03:49.095000,0 days 00:00:00.511000,11260,286,7,100,False,0,car,40.495000000000005,0.0075667654862231586,2250,-130,250,car,0 days 02:03:49.095000
2024-05-05 21:11:30.023,0 days 02:03:49.255000,0 days 00:00:00.671000,11383,288,7,100,False,0,car,53.29500000000001,0.009958532327158001,2351,-194,251,car,0 days 02:03:49.255000
2024-05-05 21:11:30.263,0 days 02:03:49.495000,0 days 00:00:00.911000,11446,290,7,100,False,0,car,72.62833333333334,0.013571096826486669,2482,-277,250,car,0 days 02:03:49.495000
2024-05-05 21:11:30.423,0 days 02:03:49.655000,0 days 00:00:01.071000,11446,291,7,100,False,0,car,85.56166666666667,0.015987777905347913,2591,-345,250,car,0 days 02:03:49.655000
2024-05-05 21:11:30.743,0 days 02:03:49.975000,0 days 00:00:01.391000,11519,292,7,100,False,0,car,111.51722222222223,0.020837749555021344,2827,-493,249,car,0 days 02:03:49.975000
2024-05-05 21:11:31.063,0 days 02:03:50.295000,0 days 00:00:01.711000,11520,292,7,100,False,0,car,137.4727777777778,0.02568772120469477,3084,-653,249,car,0 days 02:03:50.295000
2024-05-05 21:11:31.303,0 days 02:03:50.535000,0 days 00:00:01.951000,11527,292,7,100,False,0,car,156.93944444444446,0.029325199941949844,3202,-723,248,car,0 days 02:03:50.535000
2024-05-05 21:11:31.543,0 days 02:03:50.775000,0 days 00:00:02.191000,11481,292,7,100,False,0,car,176.4061111111111,0.03296267867920491,3435,-862,248,car,0 days 02:03:50.775000
2024-05-05 21:11:31.943,0 days 02:03:51.175000,0 days 00:00:02.591000,11505,292,7,100,False,0,car,208.85055555555556,0.0390251432412967,3650,-989,247,car,0 days 02:03:51.175000
2024-05-05 21:11:32.103,0 days 02:03:51.335000,0 days 00:00:02.751000,11268,292,7,45,False,0,car,221.82833333333332,0.04145012906613341,3775,-1059,247,car,0 days 02:03:51.335000
2024-05-05 21:11:32.263,0 days 02:03:51.495000,0 days 00:00:02.911000,11527,292,7,1,False,0,car,234.8061111111111,0.04387511489097013,3874,-1112,246,car,0 days 02:03:51.495000
2024-05-05 21:11:32.463,0 days 02:03:51.695000,0 days 00:00:03.111000,11008,287,7,0,False,0,car,250.75055555555556,0.046854442509669345,4096,-1227,244,car,0 days 02:03:51.695000
2024-05-05 21:11:32.623,0 days 02:03:51.855000,0 days 00:00:03.271000,10972,280,7,0,False,0,car,263.195,0.04917977138280044,4237,-1300,243,car,0 days 02:03:51.855000
2024-05-05 21:11:32.863,0 days 02:03:52.095000,0 days 00:00:03.511000,10364,277,7,0,True,0,car,281.6616666666667,0.052630393335607484,4303,-1334,244,car,0 days 02:03:52.095000
2024-05-05 21:11:33.063,0 days 02:03:52.295000,0 days 00:00:03.711000,10041,248,7,0,True,0,car,295.43944444444446,0.055204864588002625,4429,-1401,245,car,0 days 02:03:52.295000
2024-05-05 21:11:33.423,0 days 02:03:52.655000,0 days 00:00:04.071000,9692,196,7,0,True,0,car,315.0394444444445,0.0588672575631841,4642,-1515,247,car,0 days 02:03:52.655000
2024-05-05 21:11:33.623,0 days 02:03:52.855000,0 days 00:00:04.271000,10212,174,7,0,True,0,car,324.70611111111117,0.06067353981284844,4751,-1579,248,car,0 days 02:03:52.855000
2024-05-05 21:11:34.022,0 days 02:03:53.254000,0 days 00:00:04.670000,10357,145,4,0,True,0,car,340.7769444444445,0.0636764840529154,4858,-1657,247,car,0 days 02:03:53.254000
2024-05-05 21:11:34.263,0 days 02:03:53.495000,0 days 00:00:04.911000,9174,132,3,0,True,0,car,349.61361111111114,0.06532767517148785,4925,-1719,246,car,0 days 02:03:53.495000
2024-05-05 21:11:34.503,0 days 02:03:53.735000,0 days 00:00:05.151000,8194,123,3,0,True,0,car,357.81361111111113,0.06685990080396173,4977,-1796,244,car,0 days 02:03:53.735000
2024-05-05 21:11:34.863,0 days 02:03:54.095000,0 days 00:00:05.511000,7475,114,3,0,True,0,car,369.21361111111116,0.06899006814666933,5013,-1892,243,car,0 days 02:03:54.095000
2024-05-05 21:11:35.063,0 days 02:03:54.295000,0 days 00:00:05.711000,6910,101,3,0,True,0,car,374.8247222222223,0.0700385423260722,5011,-1942,242,car,0 days 02:03:54.295000
2024-05-05 21:11:35.263,0 days 02:03:54.495000,0 days 00:00:05.911000,6589,98,3,0,True,0,car,380.2691666666667,0.07105587370806705,5003,-1998,243,car,0 days 02:03:54.495000
2024-05-05 21:11:35.543,0 days 02:03:54.775000,0 days 00:00:06.191000,6500,91,3,2,False,0,car,387.3469444444445,0.07237840450466036,4975,-2064,242,car,0 days 02:03:54.775000
2024-05-05 21:11:35.863,0 days 02:03:55.095000,0 days 00:00:06.511000,6562,90,3,14,False,0,car,395.3469444444445,0.07387325878024463,4928,-2132,244,car,0 days 02:03:55.095000
2024-05-05 21:11:36.103,0 days 02:03:55.335000,0 days 00:00:06.751000,6934,92,3,31,False,0,car,401.4802777777778,0.07501931372485925,4885,-2182,243,car,0 days 02:03:55.335000
2024-05-05 21:11:36.263,0 days 02:03:55.495000,0 days 00:00:06.911000,7213,92,3,36,False,0,car,405.56916666666666,0.07578335035460232,4859,-2209,244,car,0 days 02:03:55.495000
2024-05-05 21:11:36.543,0 days 02:03:55.775000,0 days 00:00:07.191000,7615,101,3,50,False,0,car,413.4247222222222,0.07725121420576632,4805,-2265,245,car,0 days 02:03:55.775000
2024-05-05 21:11:36.743,0 days 02:03:55.975000,0 days 00:00:07.391000,8200,106,3,62,False,0,car,419.31361111111113,0.07835159304751586,4764,-2305,244,car,0 days 02:03:55.975000
2024-05-05 21:11:36.943,0 days 02:03:56.175000,0 days 00:00:07.591000,8742,113,3,73,False,0,car,425.5913888888889,0.07952463841655075,4720,-2347,244,car,0 days 02:03:56.175000
2024-05-05 21:11:37.103,0 days 02:03:56.335000,0 days 00:00:07.751000,9208,113,3,89,False,0,car,430.61361111111114,0.08046307471177865,4661,-2406,245,car,0 days 02:03:56.335000
2024-05-05 21:11:37.383,0 days 02:03:56.615000,0 days 00:00:08.031000,10217,133,3,71,False,0,car,440.9580555555556,0.08239600433756887,4603,-2468,246,car,0 days 02:03:56.615000
2024-05-05 21:11:37.543,0 days 02:03:56.775000,0 days 00:00:08.191000,9657,137,3,61,False,0,car,447.0469444444445,0.08353375453620802,4577,-2501,245,car,0 days 02:03:56.775000
2024-05-05 21:11:37.783,0 days 02:03:57.015000,0 days 00:00:08.431000,8927,143,4,51,False,0,car,456.5802777777777,0.08531512254794593,4522,-2580,244,car,0 days 02:03:57.015000
2024-05-05 21:11:38.103,0 days 02:03:57.335000,0 days 00:00:08.751000,9295,148,4,48,False,0,car,469.7358333333333,0.08777332735668451,4449,-2729,243,car,0 days 02:03:57.335000
2024-05-05 21:11:38.343,0 days 02:03:57.575000,0 days 00:00:08.991000,9227,152,4,55,False,0,car,479.8691666666666,0.08966680943909126,4427,-2813,243,car,0 days 02:03:57.575000
2024-05-05 21:11:38.623,0 days 02:03:57.855000,0 days 00:00:09.271000,9825,158,4,70,False,0,car,492.15805555555556,0.09196307170130824,4416,-2900,244,car,0 days 02:03:57.855000
2024-05-05 21:11:38.943,0 days 02:03:58.175000,0 days 00:00:09.591000,10548,167,4,92,False,0,car,507.00249999999994,0.09473685685711461,4414,-3027,244,car,0 days 02:03:58.175000
2024-05-05 21:11:39.183,0 days 02:03:58.415000,0 days 00:00:09.831000,11084,176,4,100,False,0,car,518.7358333333333,0.09692930979463821,4413,-3142,243,car,0 days 02:03:58.415000
2024-05-05 21:11:39.423,0 days 02:03:58.655000,0 days 00:00:10.071000,11581,189,4,100,False,0,car,531.3358333333333,0.09928370527868345,4401,-3264,242,car,0 days 02:03:58.655000
2024-05-05 21:11:39.623,0 days 02:03:58.855000,0 days 00:00:10.271000,11783,194,4,89,False,0,car,542.1136111111111,0.10129760617773449,4380,-3376,242,car,0 days 02:03:58.855000
2024-05-05 21:11:39.943,0 days 02:03:59.175000,0 days 00:00:10.591000,10475,199,5,82,False,0,car,559.8024999999999,0.10460289507597081,4329,-3532,241,car,0 days 02:03:59.175000
2024-05-05 21:11:40.263,0 days 02:03:59.495000,0 days 00:00:10.911000,10736,204,5,90,False,0,car,577.9358333333332,0.10799123143396185,4249,-3691,243,car,0 days 02:03:59.495000
2024-05-05 21:11:40.423,0 days 02:03:59.655000,0 days 00:00:11.071000,11006,208,5,100,False,0,car,587.1802777777776,0.10971861859685922,4192,-3768,243,car,0 days 02:03:59.655000
2024-05-05 21:11:40.702,0 days 02:03:59.934000,0 days 00:00:11.350000,11358,214,5,100,False,0,car,603.7652777777777,0.11281763836692987,4052,-3905,245,car,0 days 02:03:59.934000
2024-05-05 21:11:41.103,0 days 02:04:00.335000,0 days 00:00:11.751000,11549,223,5,100,False,0,car,628.6049999999999,0.11745910898795671,3874,-4023,247,car,0 days 02:04:00.335000
2024-05-05 21:11:41.303,0 days 02:04:00.535000,0 days 00:00:11.951000,11465,227,5,100,False,0,car,641.2161111111111,0.11981558065849583,3763,-4082,249,car,0 days 02:04:00.535000
2024-05-05 21:11:41.503,0 days 02:04:00.735000,0 days 00:00:12.151000,10627,231,6,100,False,0,car,654.0494444444444,0.12221357605891225,3645,-4135,252,car,0 days 02:04:00.735000
2024-05-05 21:11:41.863,0 days 02:04:01.095000,0 days 00:00:12.511000,10812,239,6,100,False,0,car,677.9494444444443,0.12667945320722027,3417,-4212,255,car,0 days 02:04:01.095000
2024-05-05 21:11:42.103,0 days 02:04:01.335000,0 days 00:00:12.751000,11079,243,6,100,False,0,car,694.1494444444444,0.12970653311527844,3170,-4261,257,car,0 days 02:04:01.335000
2024-05-05 21:11:42.583,0 days 02:04:01.815000,0 days 00:00:13.231000,11356,251,6,100,False,0,car,727.6161111111111,0.135960006834806,2929,-4281,257,car,0 days 02:04:01.815000
2024-05-05 21:11:42.783,0 days 02:04:02.015000,0 days 00:00:13.431000,11508,254,6,100,False,0,car,741.7272222222222,0.13859676368201715,2799,-4279,256,car,0 days 02:04:02.015000
2024-05-05 21:11:43.063,0 days 02:04:02.295000,0 days 00:00:13.711000,11577,259,6,100,False,0,car,761.8716666666667,0.14236088979539813,2568,-4256,256,car,0 days 02:04:02.295000
2024-05-05 21:11:43.383,0 days 02:04:02.615000,0 days 00:00:14.031000,10779,262,7,100,False,0,car,785.1605555555556,0.14671257668654347,2361,-4208,252,car,0 days 02:04:02.615000
2024-05-05 21:11:43.743,0 days 02:04:02.975000,0 days 00:00:14.391000,10707,268,7,100,False,0,car,811.9605555555555,0.15172033850975078,2121,-4120,249,car,0 days 02:04:02.975000
2024-05-05 21:11:44.263,0 days 02:04:03.495000,0 days 00:00:14.911000,10977,276,7,100,False,0,car,851.8272222222222,0.15916969564974576,1703,-3888,247,car,0 days 02:04:03.495000
2024-05-05 21:11:44.503,0 days 02:04:03.735000,0 days 00:00:15.151000,11069,278,7,100,False,0,car,870.3605555555555,0.162632774721516,1545,-3789,247,car,0 days 02:04:03.735000
2024-05-05 21:11:44.823,0 days 02:04:04.055000,0 days 00:00:15.471000,11172,283,7,100,False,0,car,895.5161111111111,0.167333260943631,1376,-3681,247,car,0 days 02:04:04.055000
2024-05-05 21:11:45.063,0 days 02:04:04.295000,0 days 00:00:15.711000,11312,284,7,100,False,0,car,914.4494444444445,0.17087108272918047,1247,-3599,248,car,0 days 02:04:04.295000
2024-05-05 21:11:45.263,0 days 02:04:04.495000,0 days 00:00:15.911000,11253,286,7,100,False,0,car,930.3383333333333,0.17384002941541032,1111,-3512,249,car,0 days 02:04:04.495000
2024-05-05 21:11:45.463,0 days 02:04:04.695000,0 days 00:00:16.111000,11408,287,7,100,False,0,car,946.2827777777778,0.17681935703410956,977,-3426,251,car,0 days 02:04:04.695000
2024-05-05 21:11:45.703,0 days 02:04:04.935000,0 days 00:00:16.351000,11413,288,7,100,False,0,car,965.4827777777778,0.18040700729551182,804,-3315,250,car,0 days 02:04:04.935000
2024-05-05 21:11:45.903,0 days 02:04:05.135000,0 days 00:00:16.551000,11442,289,7,100,False,0,car,981.5383333333333,0.1834070967791497,604,-3188,251,car,0 days 02:04:05.135000
2024-05-05 21:11:46.263,0 days 02:04:05.495000,0 days 00:00:16.911000,11359,289,7,100,False,0,car,1010.4383333333335,0.18880725784969793,313,-3010,250,car,0 days 02:04:05.495000
2024-05-05 21:11:46.543,0 days 02:04:05.775000,0 days 00:00:17.191000,11452,290,7,100,False,0,car,1032.993888888889,0.19302191643224803,184,-2944,248,car,0 days 02:04:05.775000
2024-05-05 21:11:46.823,0 days 02:04:06.055000,0 days 00:00:17.471000,11395,287,7,0,True,0,car,1055.3161111111112,0.19719297509842695,1,-2844,246,car,0 days 02:04:06.055000
2024-05-05 21:11:47.023,0 days 02:04:06.255000,0 days 00:00:17.671000,10801,279,7,0,True,0,car,1070.8161111111112,0.20008925525737148,-196,-2762,245,car,0 days 02:04:06.255000
2024-05-05 21:11:47.382,0 days 02:04:06.614000,0 days 00:00:18.030000,10407,271,7,0,True,0,car,1097.8408333333336,0.2051390079524173,-440,-2687,244,car,0 days 02:04:06.614000
2024-05-05 21:11:47.663,0 days 02:04:06.895000,0 days 00:00:18.311000,11506,262,7,3,False,0,car,1118.291388888889,0.20896033300370428,-653,-2685,242,car,0 days 02:04:06.895000
2024-05-05 21:11:47.943,0 days 02:04:07.175000,0 days 00:00:18.591000,10998,251,6,29,False,0,car,1137.8136111111114,0.2126081926734287,-847,-2693,241,car,0 days 02:04:07.175000
2024-05-05 21:11:48.343,0 days 02:04:07.575000,0 days 00:00:18.991000,10901,244,6,79,False,0,car,1164.9247222222225,0.2176740877184643,-1084,-2773,243,car,0 days 02:04:07.575000
2024-05-05 21:11:48.583,0 days 02:04:07.815000,0 days 00:00:19.231000,10852,243,6,94,False,0,car,1181.1247222222225,0.22070116762652248,-1212,-2844,246,car,0 days 02:04:07.815000
2024-05-05 21:11:48.863,0 days 02:04:08.095000,0 days 00:00:19.511000,10777,245,6,91,False,0,car,1200.180277777778,0.22426182746350443,-1399,-2955,249,car,0 days 02:04:08.095000
2024-05-05 21:11:49.183,0 days 02:04:08.415000,0 days 00:00:19.831000,10379,233,6,2,True,0,car,1220.8913888888892,0.22813183908807264,-1554,-3033,252,car,0 days 02:04:08.415000
2024-05-05 21:11:49.623,0 days 02:04:08.855000,0 days 00:00:20.271000,11038,219,5,25,False,0,car,1247.6580555555558,0.23313337235179835,-1816,-3089,254,car,0 days 02:04:08.855000
2024-05-05 21:11:49.943,0 days 02:04:09.175000,0 days 00:00:20.591000,10784,212,5,43,False,0,car,1266.5025000000003,0.23665458464539688,-2023,-3087,255,car,0 days 02:04:09.175000
2024-05-05 21:11:50.103,0 days 02:04:09.335000,0 days 00:00:20.751000,11036,211,5,62,False,0,car,1275.880277777778,0.23840688604622065,-2070,-3074,255,car,0 days 02:04:09.335000
2024-05-05 21:11:50.303,0 days 02:04:09.535000,0 days 00:00:20.951000,10925,212,5,64,False,0,car,1287.6580555555558,0.24060764372971974,-2178,-3037,254,car,0 days 02:04:09.535000
2024-05-05 21:11:50.623,0 days 02:04:09.855000,0 days 00:00:21.271000,11018,214,5,89,False,0,car,1306.680277777778,0.24416207500722012,-2355,-2943,253,car,0 days 02:04:09.855000
2024-05-05 21:11:50.823,0 days 02:04:10.055000,0 days 00:00:21.471000,11226,217,5,100,False,0,car,1318.7358333333334,0.24641473735306585,-2518,-2828,251,car,0 days 02:04:10.055000
2024-05-05 21:11:50.983,0 days 02:04:10.215000,0 days 00:00:21.631000,11388,218,5,100,False,0,car,1328.4247222222223,0.2482251719757179,-2555,-2800,250,car,0 days 02:04:10.215000
2024-05-05 21:11:51.223,0 days 02:04:10.455000,0 days 00:00:21.871000,11500,224,5,100,False,0,car,1343.3580555555554,0.2510155666234752,-2645,-2715,249,car,0 days 02:04:10.455000
2024-05-05 21:11:51.463,0 days 02:04:10.695000,0 days 00:00:22.111000,11708,224,5,100,False,0,car,1358.2913888888888,0.2538059612712325,-2770,-2612,248,car,0 days 02:04:10.695000
2024-05-05 21:11:51.703,0 days 02:04:10.935000,0 days 00:00:22.351000,11708,229,5,100,False,0,car,1373.5580555555555,0.25665864151380585,-2898,-2535,247,car,0 days 02:04:10.935000
2024-05-05 21:11:51.903,0 days 02:04:11.135000,0 days 00:00:22.551000,11797,230,5,67,False,0,car,1386.3358333333333,0.25904625598175296,-3016,-2487,247,car,0 days 02:04:11.135000
2024-05-05 21:11:52.183,0 days 02:04:11.415000,0 days 00:00:22.831000,11818,230,5,70,False,0,car,1404.2247222222222,0.26238891623687893,-3189,-2445,245,car,0 days 02:04:11.415000
2024-05-05 21:11:52.343,0 days 02:04:11.575000,0 days 00:00:22.991000,11861,231,5,78,False,0,car,1414.4913888888889,0.26430731255721207,-3281,-2436,246,car,0 days 02:04:11.575000
2024-05-05 21:11:52.623,0 days 02:04:11.855000,0 days 00:00:23.271000,11614,232,5,1,False,0,car,1432.5358333333334,0.26767903942325216,-3532,-2464,245,car,0 days 02:04:11.855000
2024-05-05 21:11:53.063,0 days 02:04:12.295000,0 days 00:00:23.711000,10837,220,5,0,True,0,car,1459.424722222222,0.27270341073841037,-3741,-2526,243,car,0 days 02:04:12.295000
2024-05-05 21:11:53.303,0 days 02:04:12.535000,0 days 00:00:23.951000,10598,212,5,0,True,0,car,1473.5580555555555,0.2753443199586093,-3881,-2584,243,car,0 days 02:04:12.535000
2024-05-05 21:11:53.503,0 days 02:04:12.735000,0 days 00:00:24.151000,10007,209,5,0,True,0,car,1485.1691666666666,0.2775139348447003,-3970,-2635,242,car,0 days 02:04:12.735000
2024-05-05 21:11:53.863,0 days 02:04:13.095000,0 days 00:00:24.511000,10617,191,5,0,True,0,car,1504.2691666666665,0.2810828994276578,-4133,-2759,243,car,0 days 02:04:13.095000
2024-05-05 21:11:54.143,0 days 02:04:13.375000,0 days 00:00:24.791000,10366,183,4,0,True,0,car,1518.5024999999998,0.2837424943263015,-4224,-2855,242,car,0 days 02:04:13.375000
2024-05-05 21:11:54.343,0 days 02:04:13.575000,0 days 00:00:24.991000,10278,176,4,0,True,0,car,1528.2802777777777,0.2855695384409045,-4292,-2950,243,car,0 days 02:04:13.575000
2024-05-05 21:11:54.623,0 days 02:04:13.855000,0 days 00:00:25.271000,9337,161,4,0,True,0,car,1540.8025,0.28790940061949266,-4366,-3092,242,car,0 days 02:04:13.855000
2024-05-05 21:11:54.863,0 days 02:04:14.095000,0 days 00:00:25.511000,9104,155,4,0,True,0,car,1551.1358333333333,0.28984025405878905,-4400,-3202,241,car,0 days 02:04:14.095000
2024-05-05 21:11:55.223,0 days 02:04:14.455000,0 days 00:00:25.871000,8371,146,4,0,True,0,car,1565.7358333333332,0.2925683631117303,-4418,-3346,241,car,0 days 02:04:14.455000
2024-05-05 21:11:55.503,0 days 02:04:14.735000,0 days 00:00:26.151000,8036,141,4,0,True,0,car,1576.7024999999999,0.2946175591811771,-4413,-3458,242,car,0 days 02:04:14.735000
2024-05-05 21:11:55.823,0 days 02:04:15.055000,0 days 00:00:26.471000,7808,135,4,0,False,0,car,1588.7024999999999,0.2968598405945535,-4402,-3543,241,car,0 days 02:04:15.055000
2024-05-05 21:11:56.023,0 days 02:04:15.255000,0 days 00:00:26.671000,7627,132,4,0,False,0,car,1596.0358333333331,0.2982301236805058,-4385,-3589,241,car,0 days 02:04:15.255000
2024-05-05 21:11:56.223,0 days 02:04:15.455000,0 days 00:00:26.871000,7429,126,4,1,False,0,car,1603.0358333333331,0.29953812117164197,-4343,-3671,242,car,0 days 02:04:15.455000
2024-05-05 21:11:56.503,0 days 02:04:15.735000,0 days 00:00:27.151000,7781,125,4,42,False,0,car,1612.7580555555553,0.30135478435377566,-4301,-3740,241,car,0 days 02:04:15.735000
2024-05-05 21:11:56.943,0 days 02:04:16.175000,0 days 00:00:27.591000,7907,130,4,39,False,0,car,1628.6469444444442,0.30432373104000554,-4133,-3847,241,car,0 days 02:04:16.175000
2024-05-05 21:11:57.103,0 days 02:04:16.335000,0 days 00:00:27.751000,8042,130,4,42,False,0,car,1634.424722222222,0.3054033480168164,-4114,-3853,241,car,0 days 02:04:16.335000
2024-05-05 21:11:57.263,0 days 02:04:16.495000,0 days 00:00:27.911000,8042,133,4,44,False,0,car,1640.335833333333,0.30650787923155365,-4080,-3860,242,car,0 days 02:04:16.495000
2024-05-05 21:11:57.463,0 days 02:04:16.695000,0 days 00:00:28.111000,8531,136,4,61,False,0,car,1647.8913888888885,0.30791968604738323,-4002,-3877,242,car,0 days 02:04:16.695000
2024-05-05 21:11:57.623,0 days 02:04:16.855000,0 days 00:00:28.271000,8743,136,4,69,False,0,car,1653.935833333333,0.3090491315000469,-3921,-3886,243,car,0 days 02:04:16.855000
2024-05-05 21:11:57.943,0 days 02:04:17.175000,0 days 00:00:28.591000,9264,149,4,82,False,0,car,1667.1802777777775,0.31152394580073645,-3757,-3892,245,car,0 days 02:04:17.175000
2024-05-05 21:11:58.103,0 days 02:04:17.335000,0 days 00:00:28.751000,9836,153,4,100,False,0,car,1673.9802777777775,0.3127945719349831,-3691,-3892,245,car,0 days 02:04:17.335000
2024-05-05 21:11:58.503,0 days 02:04:17.735000,0 days 00:00:29.151000,10654,166,4,100,False,0,car,1692.4247222222218,0.31624104151480237,-3553,-3895,246,car,0 days 02:04:17.735000
2024-05-05 21:11:58.703,0 days 02:04:17.935000,0 days 00:00:29.351000,10750,179,4,100,False,0,car,1702.3691666666662,0.3180992284268134,-3456,-3898,248,car,0 days 02:04:17.935000
2024-05-05 21:11:58.903,0 days 02:04:18.135000,0 days 00:00:29.551000,11450,183,4,100,False,0,car,1712.535833333333,0.31999893906870175,-3354,-3904,248,car,0 days 02:04:18.135000
2024-05-05 21:11:59.263,0 days 02:04:18.495000,0 days 00:00:29.911000,11246,200,4,100,False,0,car,1732.5358333333331,0.3237360747576625,-3160,-3925,248,car,0 days 02:04:18.495000
2024-05-05 21:11:59.423,0 days 02:04:18.655000,0 days 00:00:30.071000,10884,206,4,100,False,0,car,1741.6913888888887,0.32544685242860893,-3042,-3941,248,car,0 days 02:04:18.655000
2024-05-05 21:11:59.663,0 days 02:04:18.895000,0 days 00:00:30.311000,10989,212,4,100,False,0,car,1755.824722222222,0.32808776164880776,-2905,-3961,247,car,0 days 02:04:18.895000
2024-05-05 21:11:59.903,0 days 02:04:19.135000,0 days 00:00:30.551000,11348,218,5,100,False,0,car,1770.3580555555552,0.33080341358278587,-2816,-3976,248,car,0 days 02:04:19.135000
2024-05-05 21:12:00.103,0 days 02:04:19.335000,0 days 00:00:30.751000,11594,224,5,100,False,0,car,1782.8024999999998,0.333128742455917,-2706,-3996,246,car,0 days 02:04:19.335000
2024-05-05 21:12:00.423,0 days 02:04:19.655000,0 days 00:00:31.071000,11936,233,5,100,False,0,car,1803.513611111111,0.3369987540804852,-2505,-4035,245,car,0 days 02:04:19.655000
2024-05-05 21:12:00.664,0 days 02:04:19.896000,0 days 00:00:31.312000,10682,238,5,100,False,0,car,1819.4463888888888,0.33997590170336583,-2351,-4070,244,car,0 days 02:04:19.896000
2024-05-05 21:12:00.983,0 days 02:04:20.215000,0 days 00:00:31.631000,11044,244,6,100,False,0,car,1841.0674999999999,0.3440159530017817,-2139,-4113,243,car,0 days 02:04:20.215000
2024-05-05 21:12:01.383,0 days 02:04:20.615000,0 days 00:00:32.031000,11370,251,6,100,False,0,car,1868.9563888888886,0.349227181101388,-1798,-4141,244,car,0 days 02:04:20.615000
2024-05-05 21:12:01.623,0 days 02:04:20.855000,0 days 00:00:32.271000,11502,255,6,100,False,0,car,1885.9563888888888,0.3524037464370046,-1676,-4143,245,car,0 days 02:04:20.855000
2024-05-05 21:12:01.863,0 days 02:04:21.095000,0 days 00:00:32.511000,11533,260,6,100,False,0,car,1903.2897222222223,0.35564259736743725,-1531,-4139,246,car,0 days 02:04:21.095000
2024-05-05 21:12:02.223,0 days 02:04:21.455000,0 days 00:00:32.871000,10692,265,6,100,False,0,car,1929.7897222222223,0.3605943021553102,-1188,-4123,245,car,0 days 02:04:21.455000
2024-05-05 21:12:02.663,0 days 02:04:21.895000,0 days 00:00:33.311000,10850,271,7,100,False,0,car,1962.9119444444443,0.3667834140935278,-935,-4111,245,car,0 days 02:04:21.895000
2024-05-05 21:12:02.903,0 days 02:04:22.135000,0 days 00:00:33.551000,10950,273,7,100,False,0,car,1981.1119444444444,0.37018420757048204,-702,-4104,246,car,0 days 02:04:22.135000
2024-05-05 21:12:03.103,0 days 02:04:22.335000,0 days 00:00:33.751000,11008,277,7,100,False,0,car,1996.5008333333328,0.3730597258644878,-546,-4100,247,car,0 days 02:04:22.335000
2024-05-05 21:12:03.383,0 days 02:04:22.615000,0 days 00:00:34.031000,11148,280,7,100,False,0,car,2018.2786111111106,0.3771290513924673,-381,-4098,248,car,0 days 02:04:22.615000
2024-05-05 21:12:03.703,0 days 02:04:22.935000,0 days 00:00:34.351000,11281,283,7,100,False,0,car,2043.4341666666662,0.38182953761458227,-39,-4094,249,car,0 days 02:04:22.935000
2024-05-05 21:12:03.983,0 days 02:04:23.215000,0 days 00:00:34.631000,11322,285,7,100,False,0,car,2065.600833333333,0.38597152966984705,163,-4091,249,car,0 days 02:04:23.215000
2024-05-05 21:12:04.143,0 days 02:04:23.375000,0 days 00:00:34.791000,11361,287,7,100,False,0,car,2078.3563888888884,0.3883549917648064,264,-4090,248,car,0 days 02:04:23.375000
2024-05-05 21:12:04.503,0 days 02:04:23.735000,0 days 00:00:35.151000,11506,290,7,100,False,0,car,2107.356388888889,0.3937738385137995,506,-4087,247,car,0 days 02:04:23.735000
2024-05-05 21:12:04.823,0 days 02:04:24.055000,0 days 00:00:35.471000,11505,293,7,100,False,0,car,2133.4008333333327,0.39864041965542374,778,-4095,246,car,0 days 02:04:24.055000
2024-05-05 21:12:04.983,0 days 02:04:24.215000,0 days 00:00:35.631000,10665,293,7,100,False,0,car,2146.423055555555,0.40107371022623595,896,-4105,247,car,0 days 02:04:24.215000
2024-05-05 21:12:05.303,0 days 02:04:24.535000,0 days 00:00:35.951000,10534,294,8,100,False,0,car,2172.5563888888883,0.40595690085981123,1152,-4153,247,car,0 days 02:04:24.535000
2024-05-05 21:12:05.663,0 days 02:04:24.895000,0 days 00:00:36.311000,10601,297,8,100,False,0,car,2202.256388888888,0.4115065473579178,1450,-4243,246,car,0 days 02:04:24.895000
2024-05-05 21:12:06.103,0 days 02:04:25.335000,0 days 00:00:36.751000,10624,299,8,100,False,0,car,2238.8008333333323,0.4183351247362465,1782,-4361,246,car,0 days 02:04:25.335000
2024-05-05 21:12:06.343,0 days 02:04:25.575000,0 days 00:00:36.991000,10714,302,8,100,False,0,car,2258.934166666666,0.4220971746631337,1976,-4428,246,car,0 days 02:04:25.575000
2024-05-05 21:12:06.703,0 days 02:04:25.935000,0 days 00:00:37.351000,10757,302,8,100,False,0,car,2289.134166666666,0.4277402495534643,2257,-4519,248,car,0 days 02:04:25.935000
2024-05-05 21:12:06.863,0 days 02:04:26.095000,0 days 00:00:37.511000,10815,303,8,100,False,0,car,2302.600833333333,0.43025658758403124,2384,-4558,248,car,0 days 02:04:26.095000
2024-05-05 21:12:07.063,0 days 02:04:26.295000,0 days 00:00:37.711000,10797,304,8,100,False,0,car,2319.4897222222216,0.4334123910547091,2546,-4605,248,car,0 days 02:04:26.295000
2024-05-05 21:12:07.224,0 days 02:04:26.456000,0 days 00:00:37.872000,10857,305,8,100,False,0,car,2333.1299999999997,0.4359611694992427,2678,-4641,249,car,0 days 02:04:26.456000
2024-05-05 21:12:07.504,0 days 02:04:26.736000,0 days 00:00:38.152000,10852,305,8,100,False,0,car,2356.852222222222,0.4403938276636488,2909,-4698,248,car,0 days 02:04:26.736000
2024-05-05 21:12:07.983,0 days 02:04:27.215000,0 days 00:00:38.631000,10875,307,8,100,False,0,car,2397.7002777777775,0.4480265639757146,3320,-4765,246,car,0 days 02:04:27.215000
2024-05-05 21:12:08.143,0 days 02:04:27.375000,0 days 00:00:38.791000,10916,308,8,100,False,0,car,2411.389166666666,0.45058442573615876,3473,-4780,246,car,0 days 02:04:27.375000
2024-05-05 21:12:08.383,0 days 02:04:27.615000,0 days 00:00:39.031000,10916,308,8,100,False,0,car,2431.922499999999,0.45442121837682503,3714,-4792,245,car,0 days 02:04:27.615000
2024-05-05 21:12:08.543,0 days 02:04:27.775000,0 days 00:00:39.191000,10955,308,8,100,False,0,car,2445.6113888888885,0.45697908013726934,3878,-4793,244,car,0 days 02:04:27.775000
2024-05-05 21:12:08.703,0 days 02:04:27.935000,0 days 00:00:39.351000,10963,308,8,100,False,0,car,2459.300277777777,0.45953694189771344,4042,-4788,244,car,0 days 02:04:27.935000
2024-05-05 21:12:08.903,0 days 02:04:28.135000,0 days 00:00:39.551000,10996,309,8,100,False,0,car,2476.466944444444,0.4627446500307381,4212,-4779,243,car,0 days 02:04:28.135000
2024-05-05 21:12:09.183,0 days 02:04:28.415000,0 days 00:00:39.831000,10991,310,8,100,False,0,car,2500.5780555555552,0.46724997472242963,4365,-4767,243,car,0 days 02:04:28.415000
2024-05-05 21:12:09.383,0 days 02:04:28.615000,0 days 00:00:40.031000,10999,310,8,100,False,0,car,2517.800277777777,0.4704680637879235,4506,-4751,242,car,0 days 02:04:28.615000
2024-05-05 21:12:09.543,0 days 02:04:28.775000,0 days 00:00:40.191000,11008,310,8,100,False,0,car,2531.5780555555552,0.47304253504031873,4643,-4735,241,car,0 days 02:04:28.775000
2024-05-05 21:12:09.743,0 days 02:04:28.975000,0 days 00:00:40.391000,11040,310,8,100,False,0,car,2548.800277777777,0.47626062410581255,4814,-4709,242,car,0 days 02:04:28.975000
2024-05-05 21:12:09.943,0 days 02:04:29.175000,0 days 00:00:40.591000,11026,311,8,100,False,0,car,2566.078055555555,0.4794890941037758,4983,-4676,244,car,0 days 02:04:29.175000
2024-05-05 21:12:10.103,0 days 02:04:29.335000,0 days 00:00:40.751000,11000,311,8,100,False,0,car,2579.900277777777,0.4820718701021464,5117,-4645,246,car,0 days 02:04:29.335000
2024-05-05 21:12:10.343,0 days 02:04:29.575000,0 days 00:00:40.991000,11006,310,8,100,False,0,car,2600.566944444444,0.4859335769807392,5299,-4598,248,car,0 days 02:04:29.575000
2024-05-05 21:12:10.503,0 days 02:04:29.735000,0 days 00:00:41.151000,11069,311,8,100,False,0,car,2614.3891666666664,0.48851635297910984,5500,-4536,250,car,0 days 02:04:29.735000
2024-05-05 21:12:10.703,0 days 02:04:29.935000,0 days 00:00:41.351000,11050,311,8,100,False,0,car,2631.6669444444437,0.491744822977073,5689,-4475,251,car,0 days 02:04:29.935000
2024-05-05 21:12:11.063,0 days 02:04:30.295000,0 days 00:00:41.711000,11034,312,8,100,False,0,car,2662.8669444444436,0.4975747546518517,5965,-4382,251,car,0 days 02:04:30.295000
2024-05-05 21:12:11.383,0 days 02:04:30.615000,0 days 00:00:42.031000,11081,311,8,100,False,0,car,2690.511388888888,0.5027403066485929,6260,-4282,250,car,0 days 02:04:30.615000
2024-05-05 21:12:11.623,0 days 02:04:30.855000,0 days 00:00:42.271000,11091,312,8,100,False,0,car,2711.3113888888884,0.5066269277651121,6367,-4245,249,car,0 days 02:04:30.855000
2024-05-05 21:12:11.783,0 days 02:04:31.015000,0 days 00:00:42.431000,11137,313,8,100,False,0,car,2725.2224999999994,0.5092263132554335,6498,-4201,248,car,0 days 02:04:31.015000
2024-05-05 21:12:12.063,0 days 02:04:31.295000,0 days 00:00:42.711000,11068,313,8,100,False,0,car,2749.566944444444,0.5137752378634963,6733,-4121,245,car,0 days 02:04:31.295000
2024-05-05 21:12:12.263,0 days 02:04:31.495000,0 days 00:00:42.911000,10952,313,8,100,False,0,car,2766.955833333333,0.5170244697263983,6903,-4063,242,car,0 days 02:04:31.495000
2024-05-05 21:12:12.463,0 days 02:04:31.695000,0 days 00:00:43.111000,11047,312,8,100,False,0,car,2784.289166666666,0.5202633206568308,7256,-3935,241,car,0 days 02:04:31.695000
2024-05-05 21:12:12.703,0 days 02:04:31.935000,0 days 00:00:43.351000,11033,312,8,100,False,0,car,2805.089166666666,0.52414994177335,7344,-3901,241,car,0 days 02:04:31.935000
2024-05-05 21:12:12.983,0 days 02:04:32.215000,0 days 00:00:43.631000,11015,311,8,100,False,0,car,2829.278055555555,0.5286697997704985,7625,-3780,240,car,0 days 02:04:32.215000
2024-05-05 21:12:13.143,0 days 02:04:32.375000,0 days 00:00:43.791000,10998,311,8,100,False,0,car,2843.100277777777,0.5312525757688691,7787,-3712,241,car,0 days 02:04:32.375000
2024-05-05 21:12:13.423,0 days 02:04:32.655000,0 days 00:00:44.071000,10853,308,8,100,False,0,car,2867.055833333333,0.5357288338496465,7878,-3672,242,car,0 days 02:04:32.655000
2024-05-05 21:12:13.744,0 days 02:04:32.976000,0 days 00:00:44.392000,10846,307,8,100,False,0,car,2894.43,0.5408438826099244,8270,-3488,240,car,0 days 02:04:32.976000
2024-05-05 21:12:14.064,0 days 02:04:33.296000,0 days 00:00:44.712000,10793,306,8,76,False,0,car,2921.6299999999997,0.545926387146911,8441,-3406,240,car,0 days 02:04:33.296000
2024-05-05 21:12:14.263,0 days 02:04:33.495000,0 days 00:00:44.911000,10356,302,8,0,False,0,car,2938.323888888888,0.5490457535446215,8564,-3347,241,car,0 days 02:04:33.495000
2024-05-05 21:12:14.663,0 days 02:04:33.895000,0 days 00:00:45.311000,9991,297,8,0,True,0,car,2971.323888888888,0.5552120274314066,8835,-3211,241,car,0 days 02:04:33.895000
2024-05-05 21:12:14.823,0 days 02:04:34.055000,0 days 00:00:45.471000,9752,270,8,0,True,0,car,2983.3238888888877,0.557454308844783,8946,-3153,242,car,0 days 02:04:34.055000
2024-05-05 21:12:15.143,0 days 02:04:34.375000,0 days 00:00:45.791000,9059,231,8,0,True,0,car,3003.857222222221,0.5612911014854493,9142,-3042,242,car,0 days 02:04:34.375000
2024-05-05 21:12:15.503,0 days 02:04:34.735000,0 days 00:00:46.151000,9532,195,8,0,True,0,car,3023.3572222222215,0.564934808782186,9339,-2922,243,car,0 days 02:04:34.735000
2024-05-05 21:12:15.703,0 days 02:04:34.935000,0 days 00:00:46.351000,9866,174,8,0,True,0,car,3033.023888888888,0.5667410910318503,9393,-2882,242,car,0 days 02:04:34.935000
2024-05-05 21:12:15.903,0 days 02:04:35.135000,0 days 00:00:46.551000,9518,157,6,0,True,0,car,3041.74611111111,0.568370897429536,9469,-2822,242,car,0 days 02:04:35.135000
2024-05-05 21:12:16.383,0 days 02:04:35.615000,0 days 00:00:47.031000,9081,126,3,0,True,0,car,3058.54611111111,0.5715100914082628,9611,-2663,244,car,0 days 02:04:35.615000
2024-05-05 21:12:16.703,0 days 02:04:35.935000,0 days 00:00:47.351000,7588,113,3,0,True,0,car,3068.590555555554,0.5733869639987186,9646,-2600,243,car,0 days 02:04:35.935000
2024-05-05 21:12:17.183,0 days 02:04:36.415000,0 days 00:00:47.831000,6915,98,3,0,True,0,car,3081.6572222222208,0.5758285593155062,9676,-2448,244,car,0 days 02:04:36.415000
2024-05-05 21:12:17.383,0 days 02:04:36.615000,0 days 00:00:48.031000,6352,94,3,0,False,0,car,3086.879444444443,0.5768043669676238,9661,-2392,243,car,0 days 02:04:36.615000
2024-05-05 21:12:17.543,0 days 02:04:36.775000,0 days 00:00:48.191000,6303,91,3,0,False,0,car,3090.9238888888876,0.5775600988513915,9641,-2366,243,car,0 days 02:04:36.775000
2024-05-05 21:12:17.743,0 days 02:04:36.975000,0 days 00:00:48.391000,6526,90,3,4,False,0,car,3095.9238888888876,0.5784943827736316,9620,-2337,244,car,0 days 02:04:36.975000
2024-05-05 21:12:17.903,0 days 02:04:37.135000,0 days 00:00:48.551000,6456,87,3,18,False,0,car,3099.7905555555544,0.5792168956734973,9602,-2313,244,car,0 days 02:04:37.135000
2024-05-05 21:12:18.103,0 days 02:04:37.335000,0 days 00:00:48.751000,6577,87,3,30,False,0,car,3104.6238888888874,0.5801200367983295,9569,-2278,244,car,0 days 02:04:37.335000
2024-05-05 21:12:18.383,0 days 02:04:37.615000,0 days 00:00:49.031000,7001,91,3,39,False,0,car,3111.7016666666655,0.5814425675949229,9517,-2231,245,car,0 days 02:04:37.615000
2024-05-05 21:12:18.863,0 days 02:04:38.095000,0 days 00:00:49.511000,7708,102,3,49,False,0,car,3125.3016666666654,0.5839838198634161,9417,-2147,245,car,0 days 02:04:38.095000
2024-05-05 21:12:19.143,0 days 02:04:38.375000,0 days 00:00:49.791000,8525,112,3,63,False,0,car,3134.012777777776,0.5856115500746077,9360,-2102,245,car,0 days 02:04:38.375000
2024-05-05 21:12:19.303,0 days 02:04:38.535000,0 days 00:00:49.951000,9128,116,3,82,False,0,car,3139.1683333333317,0.5865749006077621,9311,-2056,244,car,0 days 02:04:38.535000
2024-05-05 21:12:19.503,0 days 02:04:38.735000,0 days 00:00:50.151000,9258,125,3,25,False,0,car,3146.112777777776,0.587872517166429,9238,-1981,245,car,0 days 02:04:38.735000
2024-05-05 21:12:19.863,0 days 02:04:39.095000,0 days 00:00:50.511000,8942,128,3,0,True,0,car,3158.9127777777762,0.5902642840073639,9191,-1918,244,car,0 days 02:04:39.095000
2024-05-05 21:12:20.063,0 days 02:04:39.295000,0 days 00:00:50.711000,8471,122,3,0,True,0,car,3165.690555555554,0.5915307577686227,9156,-1854,244,car,0 days 02:04:39.295000
2024-05-05 21:12:20.303,0 days 02:04:39.535000,0 days 00:00:50.951000,8089,120,3,0,True,0,car,3173.690555555554,0.593025612044207,9131,-1781,244,car,0 days 02:04:39.535000
2024-05-05 21:12:20.544,0 days 02:04:39.776000,0 days 00:00:51.192000,7861,113,3,0,False,0,car,3181.2552777777764,0.5944391317138941,9119,-1701,243,car,0 days 02:04:39.776000
2024-05-05 21:12:20.864,0 days 02:04:40.096000,0 days 00:00:51.512000,7439,108,3,0,False,0,car,3190.8552777777763,0.5962329568445952,9126,-1602,244,car,0 days 02:04:40.096000
2024-05-05 21:12:21.263,0 days 02:04:40.495000,0 days 00:00:51.911000,7249,100,3,0,False,0,car,3201.93861111111,0.5983039528722276,9169,-1476,243,car,0 days 02:04:40.495000
2024-05-05 21:12:21.543,0 days 02:04:40.775000,0 days 00:00:52.191000,6821,98,3,0,False,0,car,3209.560833333332,0.5997282168070205,9192,-1431,245,car,0 days 02:04:40.775000
2024-05-05 21:12:21.823,0 days 02:04:41.055000,0 days 00:00:52.471000,6675,93,3,0,False,0,car,3216.794166666665,0.6010798142145278,9236,-1373,244,car,0 days 02:04:41.055000
2024-05-05 21:12:21.983,0 days 02:04:41.215000,0 days 00:00:52.631000,6844,92,3,27,False,0,car,3220.883055555554,0.6018438508442709,9282,-1326,244,car,0 days 02:04:41.215000
2024-05-05 21:12:22.303,0 days 02:04:41.535000,0 days 00:00:52.951000,7195,94,3,29,False,0,car,3229.2386111111095,0.6034051430876589,9324,-1290,244,car,0 days 02:04:41.535000
2024-05-05 21:12:22.663,0 days 02:04:41.895000,0 days 00:00:53.311000,7438,99,3,31,False,0,car,3239.1386111111096,0.6052550252536945,9445,-1232,242,car,0 days 02:04:41.895000
2024-05-05 21:12:23.063,0 days 02:04:42.295000,0 days 00:00:53.711000,8269,108,3,61,False,0,car,3251.1386111111096,0.6074973066670709,9517,-1214,243,car,0 days 02:04:42.295000
2024-05-05 21:12:23.303,0 days 02:04:42.535000,0 days 00:00:53.951000,9099,112,3,70,False,0,car,3258.6052777777763,0.6088925039909495,9594,-1206,242,car,0 days 02:04:42.535000
2024-05-05 21:12:23.623,0 days 02:04:42.855000,0 days 00:00:54.271000,10105,131,3,90,False,0,car,3270.249722222221,0.6110683474365223,9705,-1201,242,car,0 days 02:04:42.855000
2024-05-05 21:12:23.823,0 days 02:04:43.055000,0 days 00:00:54.471000,10245,136,3,90,False,0,car,3277.805277777776,0.6124801542523518,9781,-1201,242,car,0 days 02:04:43.055000
2024-05-05 21:12:24.143,0 days 02:04:43.375000,0 days 00:00:54.791000,11149,156,3,100,False,0,car,3291.671944444443,0.6150712349966979,9912,-1198,242,car,0 days 02:04:43.375000
2024-05-05 21:12:24.463,0 days 02:04:43.695000,0 days 00:00:55.111000,10097,167,3,100,False,0,car,3306.5163888888874,0.6178450201525043,10052,-1176,242,car,0 days 02:04:43.695000
2024-05-05 21:12:24.703,0 days 02:04:43.935000,0 days 00:00:55.351000,10421,172,4,70,False,0,car,3317.983055555554,0.6199876446141751,10166,-1132,242,car,0 days 02:04:43.935000
2024-05-05 21:12:24.863,0 days 02:04:44.095000,0 days 00:00:55.511000,10301,171,4,10,True,0,car,3325.5830555555544,0.6214077561759802,10223,-1103,241,car,0 days 02:04:44.095000
2024-05-05 21:12:25.183,0 days 02:04:44.415000,0 days 00:00:55.831000,9457,167,4,0,True,0,car,3340.427499999999,0.6241815413317866,10392,-945,245,car,0 days 02:04:44.415000
2024-05-05 21:12:25.383,0 days 02:04:44.615000,0 days 00:00:56.031000,9056,154,4,0,True,0,car,3348.983055555554,0.6257802049320641,10439,-893,247,car,0 days 02:04:44.615000
2024-05-05 21:12:25.583,0 days 02:04:44.815000,0 days 00:00:56.231000,9958,145,4,0,True,0,car,3357.0386111111097,0.6272854401401178,10460,-847,250,car,0 days 02:04:44.815000
2024-05-05 21:12:25.823,0 days 02:04:45.055000,0 days 00:00:56.471000,9206,128,3,0,True,0,car,3365.571944444443,0.6288799513674077,10524,-724,258,car,0 days 02:04:45.055000
2024-05-05 21:12:25.983,0 days 02:04:45.215000,0 days 00:00:56.631000,8302,123,3,0,True,0,car,3371.0386111111097,0.6299014351223903,10539,-687,260,car,0 days 02:04:45.215000
2024-05-05 21:12:26.143,0 days 02:04:45.375000,0 days 00:00:56.791000,7769,113,3,0,True,0,car,3376.0608333333316,0.6308398714176181,10544,-662,262,car,0 days 02:04:45.375000
2024-05-05 21:12:26.303,0 days 02:04:45.535000,0 days 00:00:56.951000,7569,113,3,0,True,0,car,3381.083055555554,0.631778307712846,10554,-620,265,car,0 days 02:04:45.535000
2024-05-05 21:12:26.663,0 days 02:04:45.895000,0 days 00:00:57.311000,6318,97,3,0,True,0,car,3390.783055555554,0.633590818521992,10565,-518,268,car,0 days 02:04:45.895000
2024-05-05 21:12:26.823,0 days 02:04:46.055000,0 days 00:00:57.471000,6294,92,3,0,False,0,car,3394.8719444444428,0.6343548551517351,10559,-480,270,car,0 days 02:04:46.055000
2024-05-05 21:12:26.984,0 days 02:04:46.216000,0 days 00:00:57.632000,6263,91,3,4,False,0,car,3398.9416666666652,0.6351153103597762,10540,-450,271,car,0 days 02:04:46.216000
2024-05-05 21:12:27.144,0 days 02:04:46.376000,0 days 00:00:57.792000,6507,85,3,4,False,0,car,3402.719444444443,0.6358212137676911,10511,-425,272,car,0 days 02:04:46.376000
2024-05-05 21:12:27.344,0 days 02:04:46.576000,0 days 00:00:57.992000,6607,86,3,16,False,0,car,3407.497222222221,0.6367139739600539,10461,-401,273,car,0 days 02:04:46.576000
2024-05-05 21:12:28.263,0 days 02:04:47.495000,0 days 00:00:58.911000,6777,91,3,4,False,0,car,3430.7274999999986,0.641054708967444,10388,-207,268,car,0 days 02:04:47.495000
2024-05-05 21:12:28.583,0 days 02:04:47.815000,0 days 00:00:59.231000,7195,91,3,29,False,0,car,3438.8163888888876,0.6425661727349793,10406,-130,263,car,0 days 02:04:47.815000
2024-05-05 21:12:28.823,0 days 02:04:48.055000,0 days 00:00:59.471000,7135,96,3,40,False,0,car,3445.216388888887,0.6437620561554466,10429,-40,261,car,0 days 02:04:48.055000
2024-05-05 21:12:29.023,0 days 02:04:48.255000,0 days 00:00:59.671000,7617,100,3,48,False,0,car,3450.771944444443,0.6448001494023802,10439,-3,260,car,0 days 02:04:48.255000
2024-05-05 21:12:29.183,0 days 02:04:48.415000,0 days 00:00:59.831000,7757,102,3,53,False,0,car,3455.305277777776,0.6456472334918779,10450,28,260,car,0 days 02:04:48.415000
2024-05-05 21:12:29.463,0 days 02:04:48.695000,0 days 00:01:00.111000,8281,108,3,57,False,0,car,3463.705277777776,0.6472168304812413,10486,145,260,car,0 days 02:04:48.695000
2024-05-05 21:12:29.783,0 days 02:04:49.015000,0 days 00:01:00.431000,7640,113,3,0,True,0,car,3473.74972222222,0.6490937030716971,10507,200,259,car,0 days 02:04:49.015000
2024-05-05 21:12:29.943,0 days 02:04:49.175000,0 days 00:01:00.591000,7145,106,3,0,True,0,car,3478.4608333333313,0.6499740061450967,10526,248,259,car,0 days 02:04:49.175000
2024-05-05 21:12:30.223,0 days 02:04:49.455000,0 days 00:01:00.871000,6739,98,3,0,True,0,car,3486.0830555555535,0.6513982700798896,10550,318,258,car,0 days 02:04:49.455000
2024-05-05 21:12:30.423,0 days 02:04:49.655000,0 days 00:01:01.071000,6147,91,3,0,True,0,car,3491.138611111109,0.652342934934599,10558,389,259,car,0 days 02:04:49.655000
2024-05-05 21:12:30.663,0 days 02:04:49.895000,0 days 00:01:01.311000,5753,87,3,0,True,0,car,3496.9386111111094,0.6534267042843978,10547,458,260,car,0 days 02:04:49.895000
2024-05-05 21:12:30.943,0 days 02:04:50.175000,0 days 00:01:01.591000,5465,80,3,0,False,0,car,3503.1608333333315,0.6545893687209633,10516,501,258,car,0 days 02:04:50.175000
2024-05-05 21:12:31.303,0 days 02:04:50.535000,0 days 00:01:01.951000,5441,73,3,7,False,0,car,3510.4608333333317,0.655953423247434,10475,535,257,car,0 days 02:04:50.535000
2024-05-05 21:12:31.743,0 days 02:04:50.975000,0 days 00:01:02.391000,5782,76,3,21,False,0,car,3519.7497222222205,0.6576891151563068,10395,582,254,car,0 days 02:04:50.975000
2024-05-05 21:12:31.903,0 days 02:04:51.135000,0 days 00:01:02.551000,5964,77,3,29,False,0,car,3523.171944444443,0.6583285805964179,10363,596,254,car,0 days 02:04:51.135000
2024-05-05 21:12:32.223,0 days 02:04:51.455000,0 days 00:01:02.871000,6358,85,3,39,False,0,car,3530.7274999999986,0.6597403874122475,10295,620,251,car,0 days 02:04:51.455000
2024-05-05 21:12:32.463,0 days 02:04:51.695000,0 days 00:01:03.111000,7036,87,3,49,False,0,car,3536.5274999999983,0.6608241567620461,10240,634,249,car,0 days 02:04:51.695000
2024-05-05 21:12:32.823,0 days 02:04:52.055000,0 days 00:01:03.471000,8079,101,3,59,False,0,car,3546.6274999999982,0.6627114102849712,10147,651,246,car,0 days 02:04:52.055000
2024-05-05 21:12:33.143,0 days 02:04:52.375000,0 days 00:01:03.791000,9145,114,3,89,False,0,car,3556.7608333333314,0.6646048923673779,10051,661,243,car,0 days 02:04:52.375000
2024-05-05 21:12:33.423,0 days 02:04:52.655000,0 days 00:01:04.071000,9993,131,3,100,False,0,car,3566.9497222222203,0.666508755382254,9955,666,240,car,0 days 02:04:52.655000
2024-05-05 21:12:33.704,0 days 02:04:52.936000,0 days 00:01:04.352000,10775,143,3,100,False,0,car,3578.111666666665,0.6685944404293305,9849,670,238,car,0 days 02:04:52.936000
2024-05-05 21:12:33.984,0 days 02:04:53.216000,0 days 00:01:04.632000,11924,159,3,100,False,0,car,3590.4783333333316,0.6709052359970046,9701,674,237,car,0 days 02:04:53.216000
2024-05-05 21:12:34.424,0 days 02:04:53.656000,0 days 00:01:05.072000,11077,181,4,100,False,0,car,3612.600555555554,0.6750389233062939,9504,679,237,car,0 days 02:04:53.656000
2024-05-05 21:12:34.583,0 days 02:04:53.815000,0 days 00:01:05.231000,11412,185,4,100,False,0,car,3620.771388888887,0.6765656989492213,9373,684,238,car,0 days 02:04:53.815000
2024-05-05 21:12:34.823,0 days 02:04:54.055000,0 days 00:01:05.471000,12008,196,4,100,False,0,car,3633.838055555554,0.679007294266009,9197,689,240,car,0 days 02:04:54.055000
2024-05-05 21:12:35.063,0 days 02:04:54.295000,0 days 00:01:05.711000,11493,203,4,100,False,0,car,3647.371388888887,0.681536089415539,9081,692,241,car,0 days 02:04:54.295000
2024-05-05 21:12:35.383,0 days 02:04:54.615000,0 days 00:01:06.031000,11098,210,5,100,False,0,car,3666.038055555554,0.6850240827252357,8944,696,242,car,0 days 02:04:54.615000
2024-05-05 21:12:35.623,0 days 02:04:54.855000,0 days 00:01:06.271000,11405,221,5,100,False,0,car,3680.771388888887,0.6877771060161033,8731,703,243,car,0 days 02:04:54.855000
2024-05-05 21:12:36.023,0 days 02:04:55.255000,0 days 00:01:06.671000,11662,232,5,100,False,0,car,3706.5491666666653,0.692593858681875,8512,710,243,car,0 days 02:04:55.255000
2024-05-05 21:12:36.183,0 days 02:04:55.415000,0 days 00:01:06.831000,10822,235,5,100,False,0,car,3716.9936111111097,0.69454547398611,8438,712,244,car,0 days 02:04:55.415000
2024-05-05 21:12:36.423,0 days 02:04:55.655000,0 days 00:01:07.071000,10891,239,6,100,False,0,car,3732.9269444444426,0.6975227254183153,8297,715,243,car,0 days 02:04:55.655000
2024-05-05 21:12:36.783,0 days 02:04:56.015000,0 days 00:01:07.431000,11301,249,6,100,False,0,car,3757.8269444444427,0.7021754593510714,8048,722,244,car,0 days 02:04:56.015000
2024-05-05 21:12:36.983,0 days 02:04:56.215000,0 days 00:01:07.631000,11443,253,6,100,False,0,car,3771.8824999999983,0.7048018352658132,7910,724,244,car,0 days 02:04:56.215000
2024-05-05 21:12:37.263,0 days 02:04:56.495000,0 days 00:01:07.911000,11583,258,6,100,False,0,car,3791.949166666665,0.708551428073737,7713,729,244,car,0 days 02:04:56.495000
2024-05-05 21:12:37.623,0 days 02:04:56.855000,0 days 00:01:08.271000,10486,264,7,100,False,0,car,3818.349166666665,0.7134844471831652,7349,736,243,car,0 days 02:04:56.855000
2024-05-05 21:12:37.863,0 days 02:04:57.095000,0 days 00:01:08.511000,10674,268,7,100,False,0,car,3836.2158333333314,0.7168229550653034,7217,740,244,car,0 days 02:04:57.095000
2024-05-05 21:12:38.143,0 days 02:04:57.375000,0 days 00:01:08.791000,10807,273,7,100,False,0,car,3857.449166666665,0.7207905474550833,7067,743,244,car,0 days 02:04:57.375000
2024-05-05 21:12:38.463,0 days 02:04:57.695000,0 days 00:01:09.111000,11019,277,7,100,False,0,car,3882.0713888888877,0.7253913767254928,6814,749,244,car,0 days 02:04:57.695000
2024-05-05 21:12:38.743,0 days 02:04:57.975000,0 days 00:01:09.391000,11140,281,7,100,False,0,car,3903.9269444444435,0.7294752355589293,6529,754,244,car,0 days 02:04:57.975000
2024-05-05 21:12:38.903,0 days 02:04:58.135000,0 days 00:01:09.551000,11239,282,7,100,False,0,car,3916.4602777777764,0.7318171739240114,6367,758,245,car,0 days 02:04:58.135000
2024-05-05 21:12:39.143,0 days 02:04:58.375000,0 days 00:01:09.791000,11285,285,7,100,False,0,car,3935.460277777776,0.7353674528285239,6148,763,244,car,0 days 02:04:58.375000
2024-05-05 21:12:39.343,0 days 02:04:58.575000,0 days 00:01:09.991000,11397,289,7,100,False,0,car,3951.5158333333316,0.7383675423121617,6003,766,244,car,0 days 02:04:58.575000
2024-05-05 21:12:39.783,0 days 02:04:59.015000,0 days 00:01:10.431000,11558,292,7,100,False,0,car,3987.2047222222204,0.7450362533304627,5739,774,245,car,0 days 02:04:59.015000
2024-05-05 21:12:39.983,0 days 02:04:59.215000,0 days 00:01:10.631000,11661,294,7,100,False,0,car,4003.538055555554,0.7480882474764473,5589,780,244,car,0 days 02:04:59.215000
2024-05-05 21:12:40.144,0 days 02:04:59.376000,0 days 00:01:10.792000,11101,296,7,100,False,0,car,4016.775833333332,0.7505618160652405,5450,785,244,car,0 days 02:04:59.376000
2024-05-05 21:12:40.424,0 days 02:04:59.656000,0 days 00:01:11.072000,10490,299,8,100,False,0,car,4040.0313888888872,0.7549072743969043,5220,793,244,car,0 days 02:04:59.656000
2024-05-05 21:12:40.624,0 days 02:04:59.856000,0 days 00:01:11.272000,10705,300,8,100,False,0,car,4056.698055555554,0.7580215541377049,5028,800,245,car,0 days 02:04:59.856000
2024-05-05 21:12:40.864,0 days 02:05:00.096000,0 days 00:01:11.512000,10701,302,8,100,False,0,car,4076.831388888887,0.7617836040645919,4805,808,244,car,0 days 02:05:00.096000
2024-05-05 21:12:41.144,0 days 02:05:00.376000,0 days 00:01:11.792000,10812,304,8,100,False,0,car,4100.475833333331,0.7662017289235409,4622,814,245,car,0 days 02:05:00.376000
2024-05-05 21:12:41.463,0 days 02:05:00.695000,0 days 00:01:12.111000,10866,305,8,100,False,0,car,4127.502222222221,0.7712517930465609,4348,823,245,car,0 days 02:05:00.695000
2024-05-05 21:12:41.663,0 days 02:05:00.895000,0 days 00:01:12.311000,10902,307,8,100,False,0,car,4144.557777777776,0.7744387393146468,4178,830,244,car,0 days 02:05:00.895000
2024-05-05 21:12:41.823,0 days 02:05:01.055000,0 days 00:01:12.471000,10936,308,8,100,False,0,car,4158.246666666665,0.776996601075091,4042,835,245,car,0 days 02:05:01.055000
2024-05-05 21:12:42.023,0 days 02:05:01.255000,0 days 00:01:12.671000,11002,308,8,100,False,0,car,4175.357777777776,0.7801939282756464,3869,841,244,car,0 days 02:05:01.255000
2024-05-05 21:12:42.263,0 days 02:05:01.495000,0 days 00:01:12.911000,10960,310,8,100,False,0,car,4196.024444444442,0.7840556351542389,3674,847,245,car,0 days 02:05:01.495000
2024-05-05 21:12:42.463,0 days 02:05:01.695000,0 days 00:01:13.111000,11025,311,8,100,False,0,car,4213.302222222221,0.7872841051522023,3460,855,244,car,0 days 02:05:01.695000
2024-05-05 21:12:42.743,0 days 02:05:01.975000,0 days 00:01:13.391000,11104,312,8,100,False,0,car,4237.568888888887,0.7918184964548078,3140,866,245,car,0 days 02:05:01.975000
2024-05-05 21:12:43.103,0 days 02:05:02.335000,0 days 00:01:13.751000,11146,314,8,100,False,0,car,4268.968888888887,0.7976857994864761,2945,873,244,car,0 days 02:05:02.335000
2024-05-05 21:12:43.423,0 days 02:05:02.655000,0 days 00:01:14.071000,11121,315,8,100,False,0,car,4296.968888888886,0.8029177894510209,2548,886,245,car,0 days 02:05:02.655000
2024-05-05 21:12:43.663,0 days 02:05:02.895000,0 days 00:01:14.311000,11182,315,8,100,False,0,car,4317.968888888887,0.8068417819244298,2300,895,245,car,0 days 02:05:02.895000
2024-05-05 21:12:43.863,0 days 02:05:03.095000,0 days 00:01:14.511000,11147,316,8,100,False,0,car,4335.5244444444415,0.8101221565847395,2165,900,245,car,0 days 02:05:03.095000
2024-05-05 21:12:44.143,0 days 02:05:03.375000,0 days 00:01:14.791000,11191,318,8,100,False,0,car,4360.257777777775,0.8147437477200876,1991,906,244,car,0 days 02:05:03.375000
2024-05-05 21:12:44.343,0 days 02:05:03.575000,0 days 00:01:14.991000,11263,318,8,100,False,0,car,4377.924444444442,0.8180448842453363,1839,909,245,car,0 days 02:05:03.575000
2024-05-05 21:12:44.503,0 days 02:05:03.735000,0 days 00:01:15.151000,11299,318,8,100,False,0,car,4392.057777777775,0.8206857934655352,1696,912,246,car,0 days 02:05:03.735000
2024-05-05 21:12:44.903,0 days 02:05:04.135000,0 days 00:01:15.551000,11283,320,8,100,False,0,car,4427.613333333331,0.8273295902459098,1277,920,245,car,0 days 02:05:04.135000
2024-05-05 21:12:45.103,0 days 02:05:04.335000,0 days 00:01:15.751000,11289,320,8,100,False,0,car,4445.391111111109,0.8306514886360972,1115,922,246,car,0 days 02:05:04.335000
2024-05-05 21:12:45.383,0 days 02:05:04.615000,0 days 00:01:16.031000,11386,321,8,100,False,0,car,4470.357777777776,0.8353166796878165,920,926,245,car,0 days 02:05:04.615000
2024-05-05 21:12:45.663,0 days 02:05:04.895000,0 days 00:01:16.311000,11493,322,8,100,False,0,car,4495.402222222221,0.8399964040449929,663,931,246,car,0 days 02:05:04.895000
2024-05-05 21:12:45.823,0 days 02:05:05.055000,0 days 00:01:16.471000,11412,321,8,100,False,0,car,4509.6688888888875,0.8426622275031181,520,934,245,car,0 days 02:05:05.055000
2024-05-05 21:12:46.103,0 days 02:05:05.335000,0 days 00:01:16.751000,11322,321,8,100,False,0,car,4534.635555555555,0.8473274185548375,270,939,246,car,0 days 02:05:05.335000
2024-05-05 21:12:46.423,0 days 02:05:05.655000,0 days 00:01:17.071000,11312,319,8,100,False,0,car,4562.99111111111,0.8526258464871861,-24,944,246,car,0 days 02:05:05.655000
2024-05-05 21:12:46.784,0 days 02:05:06.016000,0 days 00:01:17.432000,11245,318,8,100,False,0,car,4594.879444444443,0.8585843979152599,-330,950,246,car,0 days 02:05:06.016000
2024-05-05 21:12:47.144,0 days 02:05:06.376000,0 days 00:01:17.792000,11235,316,8,100,False,0,car,4626.479444444443,0.8644890723038178,-643,957,246,car,0 days 02:05:06.376000
2024-05-05 21:12:47.344,0 days 02:05:06.576000,0 days 00:01:17.992000,11113,315,8,100,False,0,car,4643.979444444443,0.8677590660316584,-794,962,247,car,0 days 02:05:06.576000
2024-05-05 21:12:47.584,0 days 02:05:06.816000,0 days 00:01:18.232000,10802,314,8,11,False,0,car,4664.912777777776,0.8716706013861037,-1011,976,245,car,0 days 02:05:06.816000
2024-05-05 21:12:47.864,0 days 02:05:07.096000,0 days 00:01:18.512000,10738,306,8,0,False,0,car,4688.712777777776,0.876117792855967,-1260,999,246,car,0 days 02:05:07.096000
2024-05-05 21:12:48.143,0 days 02:05:07.375000,0 days 00:01:18.791000,9855,281,8,0,True,0,car,4710.490277777776,0.8801870664792841,-1504,1025,245,car,0 days 02:05:07.375000
2024-05-05 21:12:48.343,0 days 02:05:07.575000,0 days 00:01:18.991000,9133,254,8,0,True,0,car,4724.601388888887,0.8828238233264953,-1613,1036,245,car,0 days 02:05:07.575000
2024-05-05 21:12:48.583,0 days 02:05:07.815000,0 days 00:01:19.231000,9452,229,8,0,True,0,car,4739.868055555554,0.8856765035690686,-1886,1062,245,car,0 days 02:05:07.815000
2024-05-05 21:12:48.743,0 days 02:05:07.975000,0 days 00:01:19.391000,10012,205,8,0,True,0,car,4748.979166666665,0.8873789764940396,-1962,1070,245,car,0 days 02:05:07.975000
2024-05-05 21:12:49.063,0 days 02:05:08.295000,0 days 00:01:19.711000,10909,185,8,0,True,0,car,4765.4236111111095,0.8904517325049628,-2063,1075,244,car,0 days 02:05:08.295000
2024-05-05 21:12:49.343,0 days 02:05:08.575000,0 days 00:01:19.991000,10667,150,8,0,True,0,car,4777.0902777777765,0.8926317283235232,-2209,1080,245,car,0 days 02:05:08.575000
2024-05-05 21:12:49.583,0 days 02:05:08.815000,0 days 00:01:20.231000,9398,134,5,0,True,0,car,4786.02361111111,0.8943009822645924,-2271,1076,244,car,0 days 02:05:08.815000
2024-05-05 21:12:49.863,0 days 02:05:09.095000,0 days 00:01:20.511000,7853,115,3,0,True,0,car,4794.968055555554,0.8959723123921554,-2367,1066,245,car,0 days 02:05:09.095000
2024-05-05 21:12:50.183,0 days 02:05:09.415000,0 days 00:01:20.831000,6688,100,3,0,True,0,car,4803.856944444443,0.897633261587249,-2454,1048,244,car,0 days 02:05:09.415000
2024-05-05 21:12:50.423,0 days 02:05:09.655000,0 days 00:01:21.071000,6094,89,3,0,True,0,car,4809.790277777776,0.898741945174974,-2511,1027,245,car,0 days 02:05:09.655000
2024-05-05 21:12:50.663,0 days 02:05:09.895000,0 days 00:01:21.311000,5701,83,3,0,True,0,car,4815.32361111111,0.8997758860489198,-2557,1001,245,car,0 days 02:05:09.895000
2024-05-05 21:12:50.863,0 days 02:05:10.095000,0 days 00:01:21.511000,5371,79,3,0,True,0,car,4819.712499999999,0.9005959797139973,-2602,955,244,car,0 days 02:05:10.095000
2024-05-05 21:12:51.023,0 days 02:05:10.255000,0 days 00:01:21.671000,4976,76,3,0,True,0,car,4823.0902777777765,0.9012271404081329,-2619,931,245,car,0 days 02:05:10.255000
2024-05-05 21:12:51.463,0 days 02:05:10.695000,0 days 00:01:22.111000,4755,72,3,1,False,0,car,4831.890277777777,0.9028714801112756,-2636,857,245,car,0 days 02:05:10.695000
2024-05-05 21:12:51.663,0 days 02:05:10.895000,0 days 00:01:22.311000,4753,66,3,5,False,0,car,4835.556944444444,0.9035566216542518,-2635,821,244,car,0 days 02:05:10.895000
2024-05-05 21:12:51.823,0 days 02:05:11.055000,0 days 00:01:22.471000,5296,67,3,21,False,0,car,4838.534722222222,0.9041130396346082,-2632,792,243,car,0 days 02:05:11.055000
2024-05-05 21:12:52.103,0 days 02:05:11.335000,0 days 00:01:22.751000,5538,71,3,16,False,0,car,4844.056944444444,0.9051449043220601,-2617,741,244,car,0 days 02:05:11.335000
2024-05-05 21:12:52.303,0 days 02:05:11.535000,0 days 00:01:22.951000,5765,74,3,22,False,0,car,4848.168055555555,0.9059130933247909,-2590,689,244,car,0 days 02:05:11.535000
2024-05-05 21:12:52.543,0 days 02:05:11.775000,0 days 00:01:23.191000,5912,79,3,28,False,0,car,4853.434722222221,0.9068972057228838,-2559,644,245,car,0 days 02:05:11.775000
2024-05-05 21:12:52.903,0 days 02:05:12.135000,0 days 00:01:23.551000,6729,85,3,46,False,0,car,4861.934722222221,0.9084854883906921,-2490,579,246,car,0 days 02:05:12.135000
2024-05-05 21:12:53.224,0 days 02:05:12.456000,0 days 00:01:23.872000,7288,98,3,54,False,0,car,4870.673055555555,0.9101183052587939,-2427,528,248,car,0 days 02:05:12.456000
2024-05-05 21:12:53.504,0 days 02:05:12.736000,0 days 00:01:24.152000,8257,104,3,73,False,0,car,4878.7619444444435,0.9116297690263291,-2393,503,249,car,0 days 02:05:12.736000
2024-05-05 21:12:53.744,0 days 02:05:12.976000,0 days 00:01:24.392000,9548,117,3,84,False,0,car,4886.561944444444,0.9130872519450238,-2310,454,248,car,0 days 02:05:12.976000
2024-05-05 21:12:53.944,0 days 02:05:13.176000,0 days 00:01:24.592000,10210,127,3,91,False,0,car,4893.617499999999,0.9144056303686294,-2214,405,248,car,0 days 02:05:13.176000
2024-05-05 21:12:54.144,0 days 02:05:13.376000,0 days 00:01:24.792000,10533,132,3,90,False,0,car,4900.950833333332,0.9157759134545815,-2169,378,248,car,0 days 02:05:13.376000
2024-05-05 21:12:54.584,0 days 02:05:13.816000,0 days 00:01:25.232000,11602,159,3,100,False,0,car,4920.384166666666,0.9194071636323551,-2046,296,249,car,0 days 02:05:13.816000
2024-05-05 21:12:54.783,0 days 02:05:14.015000,0 days 00:01:25.431000,10543,167,3,100,False,0,car,4929.615555555554,0.921132111276122,-1964,245,250,car,0 days 02:05:14.015000
2024-05-05 21:12:55.023,0 days 02:05:14.255000,0 days 00:01:25.671000,10788,179,4,100,False,0,car,4941.548888888888,0.9233619355705353,-1862,185,252,car,0 days 02:05:14.255000
2024-05-05 21:12:55.423,0 days 02:05:14.655000,0 days 00:01:26.071000,11721,190,4,100,False,0,car,4962.659999999998,0.9273066899088825,-1680,113,253,car,0 days 02:05:14.655000
2024-05-05 21:12:55.783,0 days 02:05:15.015000,0 days 00:01:26.431000,10546,202,5,100,False,0,car,4982.859999999998,0.9310811969547328,-1489,85,254,car,0 days 02:05:15.015000
2024-05-05 21:12:56.063,0 days 02:05:15.295000,0 days 00:01:26.711000,10957,208,5,100,False,0,car,4999.037777777776,0.9341041244898033,-1299,118,253,car,0 days 02:05:15.295000
2024-05-05 21:12:56.383,0 days 02:05:15.615000,0 days 00:01:27.031000,11427,219,5,100,False,0,car,5018.504444444443,0.9377416032270585,-1062,195,252,car,0 days 02:05:15.615000
2024-05-05 21:12:56.583,0 days 02:05:15.815000,0 days 00:01:27.231000,11623,224,5,100,False,0,car,5030.948888888886,0.9400669321001893,-965,243,252,car,0 days 02:05:15.815000
2024-05-05 21:12:56.903,0 days 02:05:16.135000,0 days 00:01:27.551000,11556,231,5,100,False,0,car,5051.48222222222,0.9439037247408557,-785,333,248,car,0 days 02:05:16.135000
2024-05-05 21:12:57.143,0 days 02:05:16.375000,0 days 00:01:27.791000,10656,237,5,100,False,0,car,5067.282222222219,0.9468560619351345,-643,400,246,car,0 days 02:05:16.375000
2024-05-05 21:12:57.423,0 days 02:05:16.655000,0 days 00:01:28.071000,10976,244,6,100,False,0,car,5086.2599999999975,0.9504021884666595,-475,480,243,car,0 days 02:05:16.655000
2024-05-05 21:12:57.623,0 days 02:05:16.855000,0 days 00:01:28.271000,11174,248,6,100,False,0,car,5100.037777777776,0.9529766597190548,-348,530,242,car,0 days 02:05:16.855000
2024-05-05 21:12:57.823,0 days 02:05:17.055000,0 days 00:01:28.471000,11263,251,6,100,False,0,car,5113.98222222222,0.9555822737688578,-224,568,243,car,0 days 02:05:17.055000
2024-05-05 21:12:58.103,0 days 02:05:17.335000,0 days 00:01:28.751000,11470,254,6,100,False,0,car,5133.737777777776,0.9592737333549535,54,615,244,car,0 days 02:05:17.335000
2024-05-05 21:12:58.263,0 days 02:05:17.495000,0 days 00:01:28.911000,11541,257,6,100,False,0,car,5145.159999999997,0.9614080530706487,170,628,243,car,0 days 02:05:17.495000
2024-05-05 21:12:58.583,0 days 02:05:17.815000,0 days 00:01:29.231000,10485,261,7,100,False,0,car,5168.359999999997,0.9657431304698431,311,631,244,car,0 days 02:05:17.815000
2024-05-05 21:12:58.903,0 days 02:05:18.135000,0 days 00:01:29.551000,10615,265,7,100,False,0,car,5191.915555555553,0.9701446458368412,647,612,243,car,0 days 02:05:18.135000
2024-05-05 21:12:59.183,0 days 02:05:18.415000,0 days 00:01:29.831000,10727,268,7,100,False,0,car,5212.7599999999975,0.9740395716993359,808,587,244,car,0 days 02:05:18.415000
2024-05-05 21:12:59.503,0 days 02:05:18.735000,0 days 00:01:30.151000,10801,270,7,100,False,0,car,5236.759999999997,0.9785241345260886,1001,524,245,car,0 days 02:05:18.735000
2024-05-05 21:12:59.743,0 days 02:05:18.975000,0 days 00:01:30.391000,10837,274,7,100,False,0,car,5255.026666666664,0.9819373851220061,1158,473,246,car,0 days 02:05:18.975000
2024-05-05 21:13:00.064,0 days 02:05:19.296000,0 days 00:01:30.712000,10975,276,7,100,False,0,car,5279.636666666664,0.9865359305872722,1400,374,247,car,0 days 02:05:19.296000
2024-05-05 21:13:00.464,0 days 02:05:19.696000,0 days 00:01:31.112000,11070,280,7,100,False,0,car,5310.747777777774,0.9923492527700998,1671,233,249,car,0 days 02:05:19.696000
2024-05-05 21:13:00.744,0 days 02:05:19.976000,0 days 00:01:31.392000,11149,283,7,100,False,0,car,5332.758888888885,0.9964621782144504,1821,140,249,car,0 days 02:05:19.976000
