Date_x,SessionTime_x,Time,RPM_x,Speed_x,nGear_x,Throttle_x,Brake_x,DRS_x,Source_x,Distance,RelativeDistance,X,Y,Z,Source_y,SessionTime_y
2024-05-04 20:59:49.402,0 days 01:12:51.390000,0 days 00:00:00.045000,10366,293,8,100,False,12,car,4.387499999999996,0.0008196185387906065,1930.4609533449668,70.45385728043254,250.404293036176,car,0 days 01:12:51.390000
2024-05-04 20:59:49.562,0 days 01:12:51.550000,0 days 00:00:00.205000,10485,295,8,100,False,12,car,17.498611111111103,0.003268874317892642,2073.569516144281,-20.085542059029045,250.90278065399917,car,0 days 01:12:51.550000
2024-05-04 20:59:49.722,0 days 01:12:51.710000,0 days 00:00:00.365000,10533,297,8,100,False,12,car,30.698611111111106,0.005734735220920794,2177.7325116825687,-87.09699693491572,251.1078296791008,car,0 days 01:12:51.710000
2024-05-04 20:59:49.922,0 days 01:12:51.910000,0 days 00:00:00.565000,10628,298,8,100,False,12,car,47.254166666666656,0.008827439552159805,2268.1195266801383,-145.6749557774833,251.02591403502885,car,0 days 01:12:51.910000
2024-05-04 20:59:50.162,0 days 01:12:52.150000,0 days 00:00:00.805000,10713,300,8,100,False,12,car,67.25416666666666,0.012563592435535793,2421.7774453272978,-237.7326574727369,251.0349402481712,car,0 days 01:12:52.150000
2024-05-04 20:59:50.362,0 days 01:12:52.350000,0 days 00:00:01.005000,10786,302,8,100,False,12,car,84.03194444444443,0.01569780957659009,2591.3902641170275,-346.5627499537258,250.82300435183305,car,0 days 01:12:52.350000
2024-05-04 20:59:50.522,0 days 01:12:52.510000,0 days 00:00:01.165000,10816,302,8,100,False,12,car,97.45416666666667,0.018205183289433536,2770.580143088135,-459.13620109199474,250.25326604458053,car,0 days 01:12:52.510000
2024-05-04 20:59:50.842,0 days 01:12:52.830000,0 days 00:00:01.485000,10912,305,8,100,False,12,car,124.56527777777778,0.023269746086898763,2939.27379422932,-564.49967436541,249.1943437620961,car,0 days 01:12:52.830000
2024-05-04 20:59:51.002,0 days 01:12:52.990000,0 days 00:00:01.645000,10940,307,8,100,False,12,car,138.2097222222222,0.02581863260955749,3023.6975481855206,-615.9868669421953,248.98839554560922,car,0 days 01:12:52.990000
2024-05-04 20:59:51.202,0 days 01:12:53.190000,0 days 00:00:01.845000,10953,309,8,100,False,12,car,155.37638888888887,0.029025497167788544,3198.990683616149,-722.39076148574,249.09908659495355,car,0 days 01:12:53.190000
2024-05-04 20:59:51.362,0 days 01:12:53.350000,0 days 00:00:02.005000,11030,310,8,100,False,12,car,169.15416666666664,0.03159929137633644,3306.268683664729,-786.9568462628779,248.69978867132767,car,0 days 01:12:53.350000
2024-05-04 20:59:51.522,0 days 01:12:53.510000,0 days 00:00:02.165000,11087,311,8,100,False,12,car,182.97638888888886,0.03418138814684741,3409.1317621873873,-847.7931411757652,247.9652167257809,car,0 days 01:12:53.510000
2024-05-04 20:59:51.802,0 days 01:12:53.790000,0 days 00:00:02.445000,11113,312,8,100,False,12,car,207.24305555555551,0.03871458697867693,3746.895146931239,-1044.5989684926453,246.94835188617475,car,0 days 01:12:53.790000
2024-05-04 20:59:52.122,0 days 01:12:54.110000,0 days 00:00:02.765000,11128,313,8,100,False,12,car,235.06527777777777,0.04391199076755109,4007.6170721062226,-1182.7321244358905,244.3499374233112,car,0 days 01:12:54.110000
2024-05-04 20:59:52.402,0 days 01:12:54.390000,0 days 00:00:03.045000,11157,314,8,100,False,12,car,259.48749999999995,0.04847424856625132,4216.235349140148,-1290.1438394926008,243.92498134164902,car,0 days 01:12:54.390000
2024-05-04 20:59:52.762,0 days 01:12:54.750000,0 days 00:00:03.405000,9968,270,8,3,True,8,car,286.48749999999995,0.0535180549588089,4441.544581345499,-1406.8851402951275,245.8783575134963,car,0 days 01:12:54.750000
2024-05-04 20:59:52.922,0 days 01:12:54.910000,0 days 00:00:03.565000,8953,252,8,0,True,8,car,297.68749999999994,0.05561030057349945,4506.498438089672,-1440.3348668963254,247.19080051206203,car,0 days 01:12:54.910000
2024-05-04 20:59:53.202,0 days 01:12:55.190000,0 days 00:00:03.845000,9247,206,8,0,True,8,car,313.7097222222222,0.058603374161181776,4636.034085181044,-1511.1992904609788,248.00274953183106,car,0 days 01:12:55.190000
2024-05-04 20:59:53.442,0 days 01:12:55.430000,0 days 00:00:04.085000,9506,181,7,0,True,8,car,325.77638888888885,0.06085751973415195,4744.176981658593,-1574.6678703385057,247.99899680748257,car,0 days 01:12:55.430000
2024-05-04 20:59:53.682,0 days 01:12:55.670000,0 days 00:00:04.325000,9718,156,6,0,True,8,car,336.1763888888889,0.06280031923350747,4835.968209529727,-1639.5988265834696,248.02720820196978,car,0 days 01:12:55.670000
2024-05-04 20:59:54.002,0 days 01:12:55.990000,0 days 00:00:04.645000,9810,137,4,0,True,8,car,348.35416666666663,0.06507522121138529,4928.907551396484,-1723.7694270632767,246.27654321401963,car,0 days 01:12:55.990000
2024-05-04 20:59:54.202,0 days 01:12:56.190000,0 days 00:00:04.845000,9084,128,3,0,True,8,car,355.46527777777777,0.06640363112547454,4970.167292275874,-1778.8545995763793,244.84146321336684,car,0 days 01:12:56.190000
2024-05-04 20:59:54.522,0 days 01:12:56.510000,0 days 00:00:05.165000,8145,117,3,0,True,8,car,365.8652777777778,0.06834643062483006,5006.925788394808,-1884.9658063211753,243.59518401232043,car,0 days 01:12:56.510000
2024-05-04 20:59:54.722,0 days 01:12:56.710000,0 days 00:00:05.365000,7843,112,3,0,True,8,car,372.08750000000003,0.06950878929965815,5010.131609613061,-1969.6441518970378,243.01640373577015,car,0 days 01:12:56.710000
2024-05-04 20:59:55.123,0 days 01:12:57.111000,0 days 00:00:05.766000,7239,103,3,2,False,8,car,383.5605555555556,0.07165204377940923,4984.026469349659,-2047.0345462696425,242.96231695382204,car,0 days 01:12:57.111000
2024-05-04 20:59:55.363,0 days 01:12:57.351000,0 days 00:00:06.006000,7311,98,3,27,False,8,car,390.09388888888896,0.07287252038797873,4947.768799065198,-2108.2671290688704,243.67708464891223,car,0 days 01:12:57.351000
2024-05-04 20:59:55.562,0 days 01:12:57.550000,0 days 00:00:06.205000,7488,100,3,37,False,8,car,395.6216666666667,0.07390515153213403,4915.453333780604,-2150.010191267625,244.0131548648952,car,0 days 01:12:57.550000
2024-05-04 20:59:55.722,0 days 01:12:57.710000,0 days 00:00:06.365000,7661,101,3,41,False,8,car,400.1105555555556,0.07474371029040286,4878.315313490762,-2191.0333737269307,244.12817753003384,car,0 days 01:12:57.710000
2024-05-04 20:59:56.122,0 days 01:12:58.110000,0 days 00:00:06.765000,8334,110,3,57,False,8,car,412.33277777777784,0.07702691483024375,4785.342767585434,-2285.50658253777,244.99720255666568,car,0 days 01:12:58.110000
2024-05-04 20:59:56.322,0 days 01:12:58.310000,0 days 00:00:06.965000,8722,115,3,67,False,8,car,418.72166666666675,0.0782204081124333,4756.37796904769,-2312.843139821193,245.13634706043524,car,0 days 01:12:58.310000
2024-05-04 20:59:56.562,0 days 01:12:58.550000,0 days 00:00:07.205000,9468,128,3,86,False,8,car,427.2550000000001,0.0798145000093404,4682.1209029450965,-2384.8285940644373,245.974274491699,car,0 days 01:12:58.550000
2024-05-04 20:59:57.002,0 days 01:12:58.990000,0 days 00:00:07.645000,10029,148,3,74,False,8,car,445.34388888888896,0.08319364272830489,4564.274818237118,-2517.235040319712,245.975147619419,car,0 days 01:12:58.990000
2024-05-04 20:59:57.362,0 days 01:12:59.350000,0 days 00:00:08.005000,9891,157,4,67,False,8,car,461.043888888889,0.08612652274175506,4502.869574491609,-2615.9186756358426,244.6102382587795,car,0 days 01:12:59.350000
2024-05-04 20:59:57.562,0 days 01:12:59.550000,0 days 00:00:08.205000,10122,161,4,64,False,8,car,469.9883333333334,0.08779741333682041,4460.617581486315,-2701.5366974172275,244.07816553906048,car,0 days 01:12:59.550000
2024-05-04 20:59:57.882,0 days 01:12:59.870000,0 days 00:00:08.525000,10931,168,4,72,False,8,car,484.92166666666674,0.09058707415640782,4423.624293179584,-2830.620784178401,243.9667108985619,car,0 days 01:12:59.870000
2024-05-04 20:59:58.042,0 days 01:13:00.030000,0 days 00:00:08.685000,10884,170,4,72,False,8,car,492.4772222222223,0.09199850969012764,4415.986676274706,-2897.52102147034,244.0013414337179,car,0 days 01:13:00.030000
2024-05-04 20:59:58.322,0 days 01:13:00.310000,0 days 00:00:08.965000,11697,177,4,100,False,8,car,506.24388888888893,0.09457022825818477,4413.079112758867,-3025.65923580434,244.0160649485257,car,0 days 01:13:00.310000
2024-05-04 20:59:58.562,0 days 01:13:00.550000,0 days 00:00:09.205000,11933,191,4,100,False,8,car,518.9772222222223,0.09694891226060082,4413.309385517407,-3147.162265199024,244.12433629020535,car,0 days 01:13:00.550000
2024-05-04 20:59:58.842,0 days 01:13:00.830000,0 days 00:00:09.485000,10849,195,4,100,False,8,car,534.1438888888889,0.09978216153049427,4390.107544945662,-3333.6634532884764,242.86166384104789,car,0 days 01:13:00.830000
2024-05-04 20:59:59.042,0 days 01:13:01.030000,0 days 00:00:09.685000,11258,205,5,100,False,8,car,545.5327777777778,0.10190969303352783,4369.636791827754,-3418.082003468382,242.15380312744162,car,0 days 01:13:01.030000
2024-05-04 20:59:59.402,0 days 01:13:01.390000,0 days 00:00:10.045000,11824,215,5,100,False,8,car,567.0327777777778,0.10592605738315701,4288.146180097551,-3617.460975795874,242.1845549164683,car,0 days 01:13:01.390000
2024-05-04 20:59:59.562,0 days 01:13:01.550000,0 days 00:00:10.205000,11912,220,5,100,False,8,car,576.8105555555557,0.10775262101502972,4218.217064750744,-3731.3081033905496,242.70106931150886,car,0 days 01:13:01.550000
2024-05-04 20:59:59.882,0 days 01:13:01.870000,0 days 00:00:10.525000,10750,227,6,100,False,8,car,596.9883333333335,0.11152198414625794,4117.17570244138,-3852.9595654095947,244.34962726279184,car,0 days 01:13:01.870000
2024-05-04 21:00:00.162,0 days 01:13:02.150000,0 days 00:00:10.805000,11075,233,6,100,False,8,car,615.1105555555556,0.11490735378669473,3988.1568930958106,-3951.6199058612783,246.0154452069807,car,0 days 01:13:02.150000
2024-05-04 21:00:00.322,0 days 01:13:02.310000,0 days 00:00:10.965000,11180,234,6,100,False,8,car,625.5105555555556,0.11685015328605024,3900.059168072849,-4009.630287886715,247.59334512747537,car,0 days 01:13:02.310000
2024-05-04 21:00:00.562,0 days 01:13:02.550000,0 days 00:00:11.205000,11346,240,6,100,False,8,car,641.5105555555556,0.11983907559275103,3695.6221016231284,-4111.399842662279,251.79285061649387,car,0 days 01:13:02.550000
2024-05-04 21:00:00.722,0 days 01:13:02.710000,0 days 00:00:11.365000,11523,241,6,100,False,8,car,652.2216666666667,0.12183999302584794,3594.4457339489686,-4157.409566450963,253.5254569690481,car,0 days 01:13:02.710000
2024-05-04 21:00:01.122,0 days 01:13:03.110000,0 days 00:00:11.765000,11723,248,6,100,False,8,car,679.7772222222222,0.12698758144294375,3384.6193054365754,-4217.980564535362,255.5233786981193,car,0 days 01:13:03.110000
2024-05-04 21:00:01.522,0 days 01:13:03.510000,0 days 00:00:12.165000,10523,255,7,100,False,8,car,708.1105555555555,0.13228046469439306,3119.35916319011,-4269.514493898702,257.87193110602175,car,0 days 01:13:03.510000
2024-05-04 21:00:01.683,0 days 01:13:03.671000,0 days 00:00:12.326000,10694,258,7,100,False,8,car,719.6488888888889,0.1344359135620274,3014.4757557694165,-4277.25661026799,258.10788171518567,car,0 days 01:13:03.671000
2024-05-04 21:00:02.123,0 days 01:13:04.111000,0 days 00:00:12.766000,10915,265,7,100,False,8,car,752.0377777777777,0.14048640559260572,2649.2520845882705,-4263.957554650229,256.1537536121429,car,0 days 01:13:04.111000
2024-05-04 21:00:02.402,0 days 01:13:04.390000,0 days 00:00:13.045000,11052,269,7,100,False,8,car,772.8852777777777,0.14438087795441476,2366.5848195887274,-4211.489009655001,253.89994512439026,car,0 days 01:13:04.390000
2024-05-04 21:00:02.602,0 days 01:13:04.590000,0 days 00:00:13.245000,11140,272,7,100,False,8,car,787.9963888888888,0.14720374902185437,2223.936599427103,-4161.379514583432,251.37005296339882,car,0 days 01:13:04.590000
2024-05-04 21:00:02.802,0 days 01:13:04.790000,0 days 00:00:13.445000,11275,274,7,100,False,8,car,803.218611111111,0.15004737649420166,2114.719500685345,-4116.425090368172,249.42595584304397,car,0 days 01:13:04.790000
2024-05-04 21:00:03.162,0 days 01:13:05.150000,0 days 00:00:13.805000,11381,279,7,100,False,8,car,831.118611111111,0.15525930976651117,1948.1076375262392,-4032.9423250186273,248.00571031105676,car,0 days 01:13:05.150000
2024-05-04 21:00:03.322,0 days 01:13:05.310000,0 days 00:00:13.965000,11440,280,7,100,False,8,car,843.5630555555555,0.15758402711616734,1838.69570634909,-3970.7284896993415,248.0268862584938,car,0 days 01:13:05.310000
2024-05-04 21:00:03.482,0 days 01:13:05.470000,0 days 00:00:14.125000,11561,280,7,100,False,8,car,856.0074999999999,0.1599087444658235,1734.2931152584774,-3908.357870373975,247.92923691855526,car,0 days 01:13:05.470000
2024-05-04 21:00:03.682,0 days 01:13:05.670000,0 days 00:00:14.325000,11538,283,7,100,False,8,car,871.7297222222221,0.1628457757602552,1616.4441676815272,-3834.088573166873,247.31164212918065,car,0 days 01:13:05.670000
2024-05-04 21:00:03.882,0 days 01:13:05.870000,0 days 00:00:14.525000,11690,285,7,100,False,8,car,887.5630555555555,0.16580356345959452,1445.1855556641044,-3724.75118967868,246.92295339355366,car,0 days 01:13:05.870000
2024-05-04 21:00:04.042,0 days 01:13:06.030000,0 days 00:00:14.685000,11620,285,7,100,False,8,car,900.2297222222221,0.16816979361906598,1291.7922719061955,-3627.0024225240986,247.27651983875688,car,0 days 01:13:06.030000
2024-05-04 21:00:04.402,0 days 01:13:06.390000,0 days 00:00:15.045000,10346,289,8,100,False,8,car,929.1297222222221,0.17356853453554427,1068.309878492776,-3484.627297281113,250.17044544299605,car,0 days 01:13:06.390000
2024-05-04 21:00:04.602,0 days 01:13:06.590000,0 days 00:00:15.245000,10367,291,8,100,False,8,car,945.2963888888887,0.1765885914496065,973.7804015711408,-3424.1827531151475,250.879169747675,car,0 days 01:13:06.590000
2024-05-04 21:00:04.762,0 days 01:13:06.750000,0 days 00:00:15.405000,10426,293,8,100,False,8,car,958.318611111111,0.17902124210478243,873.1438233491542,-3359.4977555131672,251.0766848941185,car,0 days 01:13:06.750000
2024-05-04 21:00:05.002,0 days 01:13:06.990000,0 days 00:00:15.645000,10560,295,8,100,False,8,car,977.9852777777776,0.1826951257734355,682.9391203761869,-3237.2641614205186,251.00731057402027,car,0 days 01:13:06.990000
2024-05-04 21:00:05.162,0 days 01:13:07.150000,0 days 00:00:15.805000,10548,297,8,100,False,8,car,991.1852777777776,0.18516098667646366,568.8026412591854,-3164.8712126491705,250.99162923429603,car,0 days 01:13:07.150000
2024-05-04 21:00:05.402,0 days 01:13:07.390000,0 days 00:00:16.045000,10645,298,8,100,False,8,car,1011.0519444444444,0.1888722318739505,403.4466491332458,-3064.6280055094476,250.77182711966861,car,0 days 01:13:07.390000
2024-05-04 21:00:05.762,0 days 01:13:07.750000,0 days 00:00:16.405000,10687,300,8,100,False,8,car,1041.0519444444444,0.19447646119901446,120.35076902234613,-2908.425196439557,248.22416903139822,car,0 days 01:13:07.750000
2024-05-04 21:00:05.922,0 days 01:13:07.910000,0 days 00:00:16.565000,10648,301,8,100,False,8,car,1054.4297222222222,0.19697553234989484,-26.37748556277674,-2832.769220523587,246.7162235081065,car,0 days 01:13:07.910000
2024-05-04 21:00:06.242,0 days 01:13:08.230000,0 days 00:00:16.885000,10547,296,8,51,False,8,car,1080.7408333333333,0.20189064903202503,-223.0661894408974,-2748.157234566257,244.68798537948126,car,0 days 01:13:08.230000
2024-05-04 21:00:06.402,0 days 01:13:08.390000,0 days 00:00:17.045000,10403,290,8,45,False,8,car,1093.6297222222222,0.20429839200131178,-338.8354371975704,-2713.2698484251814,246.03888877727405,car,0 days 01:13:08.390000
2024-05-04 21:00:06.562,0 days 01:13:08.550000,0 days 00:00:17.205000,10099,287,8,45,False,8,car,1106.3852777777774,0.2066812272847093,-462.0283146644479,-2690.6643164429092,244.81435670095598,car,0 days 01:13:08.550000
2024-05-04 21:00:06.882,0 days 01:13:08.870000,0 days 00:00:17.525000,11064,274,7,39,False,8,car,1130.740833333333,0.21123103124046497,-726.6400062915732,-2683.809156272017,242.1664979660564,car,0 days 01:13:08.870000
2024-05-04 21:00:07.122,0 days 01:13:09.110000,0 days 00:00:17.765000,10991,274,7,39,False,8,car,1149.0075,0.21464338420728174,-902.0126361189709,-2709.3260526203094,241.97379766101918,car,0 days 01:13:09.110000
2024-05-04 21:00:07.522,0 days 01:13:09.510000,0 days 00:00:18.165000,10857,262,7,85,False,8,car,1178.118611111111,0.22008156229308456,-1156.6012702123667,-2810.6854771693324,245.49436275923932,car,0 days 01:13:09.510000
2024-05-04 21:00:07.802,0 days 01:13:09.790000,0 days 00:00:18.445000,10753,263,7,100,False,8,car,1198.5741666666668,0.22390281643658191,-1406.5814553027901,-2960.2431739688755,250.3603436207035,car,0 days 01:13:09.790000
2024-05-04 21:00:08.163,0 days 01:13:10.151000,0 days 00:00:18.806000,10423,260,7,35,True,8,car,1224.646388888889,0.2287733068481607,-1535.755921340667,-3023.176297383279,252.3969420426977,car,0 days 01:13:10.151000
2024-05-04 21:00:08.363,0 days 01:13:10.351000,0 days 00:00:19.006000,10281,246,7,28,False,8,car,1238.3130555555556,0.2313263446518009,-1660.1174842217588,-3072.3673029016486,253.98602258643308,car,0 days 01:13:10.351000
2024-05-04 21:00:08.523,0 days 01:13:10.511000,0 days 00:00:19.166000,11297,246,7,29,False,8,car,1249.246388888889,0.23336877489471314,-1754.7542530710182,-3092.0530147194218,254.82556946016388,car,0 days 01:13:10.511000
2024-05-04 21:00:08.882,0 days 01:13:10.870000,0 days 00:00:19.525000,10867,233,6,31,False,8,car,1272.4816666666666,0.23770930239798743,-2101.540387983876,-3072.8371975725645,255.0418233309407,car,0 days 01:13:10.870000
2024-05-04 21:00:09.162,0 days 01:13:11.150000,0 days 00:00:19.805000,10908,226,6,62,False,8,car,1290.0594444444444,0.24099296565437678,-2181.2485401640342,-3038.1463355752157,255.1041594734557,car,0 days 01:13:11.150000
2024-05-04 21:00:09.562,0 days 01:13:11.550000,0 days 00:00:20.205000,10963,230,6,94,False,8,car,1315.6149999999998,0.24576693878313494,-2468.3558531023414,-2864.1898536584995,251.45531808307072,car,0 days 01:13:11.550000
2024-05-04 21:00:09.762,0 days 01:13:11.750000,0 days 00:00:20.405000,11113,234,6,100,False,8,car,1328.615,0.2481954381573294,-2547.65110994344,-2806.341450556054,250.40976450280465,car,0 days 01:13:11.750000
2024-05-04 21:00:09.922,0 days 01:13:11.910000,0 days 00:00:20.565000,11234,234,6,100,False,8,car,1339.015,0.2501382376566849,-2582.7366988715744,-2773.560151005394,249.94414526459826,car,0 days 01:13:11.910000
2024-05-04 21:00:10.082,0 days 01:13:12.070000,0 days 00:00:20.725000,11352,240,6,100,False,8,car,1349.6816666666668,0.2521308525278188,-2669.306475931759,-2694.602602761925,248.60720915047605,car,0 days 01:13:12.070000
2024-05-04 21:00:10.362,0 days 01:13:12.350000,0 days 00:00:21.005000,11496,245,6,100,False,8,car,1368.7372222222223,0.25569057596947975,-2826.003123052822,-2574.9513638844483,247.9783287365209,car,0 days 01:13:12.350000
2024-05-04 21:00:10.682,0 days 01:13:12.670000,0 days 00:00:21.325000,11496,247,6,100,False,8,car,1390.6927777777778,0.2597920415792303,-3022.9702892879104,-2485.1853820177284,246.2835187487242,car,0 days 01:13:12.670000
2024-05-04 21:00:10.962,0 days 01:13:12.950000,0 days 00:00:21.605000,11764,245,6,100,False,8,car,1409.7483333333334,0.2633517650208913,-3209.558433444119,-2442.846240785973,245.99217643594164,car,0 days 01:13:12.950000
2024-05-04 21:00:11.242,0 days 01:13:13.230000,0 days 00:00:21.885000,11352,241,6,42,False,8,car,1428.492777777778,0.266853370528811,-3398.889527490979,-2441.672697046584,245.79936039697043,car,0 days 01:13:13.230000
2024-05-04 21:00:11.402,0 days 01:13:13.390000,0 days 00:00:22.045000,11173,239,6,44,False,8,car,1439.1150000000002,0.26883768283798176,-3505.1015954136305,-2457.5449040154995,244.83765275030817,car,0 days 01:13:13.390000
2024-05-04 21:00:11.722,0 days 01:13:13.710000,0 days 00:00:22.365000,10947,232,6,36,False,8,car,1459.7372222222223,0.2726900715888405,-3708.9847150819337,-2512.846025383853,244.03700482555982,car,0 days 01:13:13.710000
2024-05-04 21:00:11.962,0 days 01:13:13.950000,0 days 00:00:22.605000,11008,231,6,70,False,8,car,1475.1372222222224,0.27556690930904004,-3852.037406692158,-2570.4260881841806,243.1952321064646,car,0 days 01:13:13.950000
2024-05-04 21:00:12.202,0 days 01:13:14.190000,0 days 00:00:22.845000,10708,232,6,55,False,8,car,1490.6038888888888,0.2784562008721841,-3987.165152720637,-2644.228073414311,241.9853351378722,car,0 days 01:13:14.190000
2024-05-04 21:00:12.442,0 days 01:13:14.430000,0 days 00:00:23.085000,10751,226,6,36,True,8,car,1505.6705555555557,0.2812707693776607,-4107.600979786482,-2735.197901533977,242.95402552170165,car,0 days 01:13:14.430000
2024-05-04 21:00:12.762,0 days 01:13:14.750000,0 days 00:00:23.405000,10637,204,6,2,True,8,car,1523.803888888889,0.2846582146585883,-4260.82743896698,-2901.095611111997,243.01943250794722,car,0 days 01:13:14.750000
2024-05-04 21:00:12.922,0 days 01:13:14.910000,0 days 00:00:23.565000,10435,199,5,1,True,8,car,1532.6483333333335,0.28631042448923677,-4321.150358883182,-3000.1810888868786,242.63653987631898,car,0 days 01:13:14.910000
2024-05-04 21:00:13.082,0 days 01:13:15.070000,0 days 00:00:23.725000,10244,188,5,0,True,8,car,1541.0038888888892,0.28787130613829165,-4366.650932099373,-3099.8814872851367,242.18122588803587,car,0 days 01:13:15.070000
2024-05-04 21:00:13.242,0 days 01:13:15.230000,0 days 00:00:23.885000,11364,184,5,0,True,8,car,1549.1816666666668,0.2893989775394943,-4393.232099515162,-3165.478476840336,241.95853583464765,car,0 days 01:13:15.230000
2024-05-04 21:00:13.602,0 days 01:13:15.590000,0 days 00:00:24.245000,10079,166,4,1,True,8,car,1565.7816666666668,0.2924999844326963,-4412.0996801215515,-3268.4737251675137,242.00825598315248,car,0 days 01:13:15.590000
2024-05-04 21:00:13.882,0 days 01:13:15.870000,0 days 00:00:24.525000,9480,155,4,1,True,8,car,1577.8372222222222,0.2947520543651757,-4419.7975886045315,-3402.2288013552643,242.00158488178104,car,0 days 01:13:15.870000
2024-05-04 21:00:14.202,0 days 01:13:16.190000,0 days 00:00:24.845000,8859,147,4,1,True,8,car,1590.9038888888888,0.29719300758231465,-4402.135736416713,-3533.7499065417496,242.02593902439963,car,0 days 01:13:16.190000
2024-05-04 21:00:14.442,0 days 01:13:16.430000,0 days 00:00:25.085000,8566,144,4,2,False,8,car,1600.503888888889,0.2989863609663352,-4364.428697991594,-3632.22584961995,241.75972159776362,car,0 days 01:13:16.430000
2024-05-04 21:00:14.642,0 days 01:13:16.630000,0 days 00:00:25.285000,8290,144,4,0,True,8,car,1608.503888888889,0.3004808221196856,-4308.181693922439,-3725.748885894213,241.00127317185394,car,0 days 01:13:16.630000
2024-05-04 21:00:15.003,0 days 01:13:16.991000,0 days 00:00:25.646000,8295,129,4,27,False,8,car,1621.4397222222224,0.3028973346700458,-4249.111788141542,-3779.60243223444,242.15892766872548,car,0 days 01:13:16.991000
2024-05-04 21:00:15.203,0 days 01:13:17.191000,0 days 00:00:25.846000,8288,130,4,27,False,8,car,1628.6619444444445,0.3042465009890427,-4184.323137241071,-3823.21904097287,242.00307670492236,car,0 days 01:13:17.191000
2024-05-04 21:00:15.602,0 days 01:13:17.590000,0 days 00:00:26.245000,8861,136,4,64,False,8,car,1643.7352777777778,0.3070623148788137,-4046.2442727170337,-3870.5976845883138,241.94998655281472,car,0 days 01:13:17.590000
2024-05-04 21:00:15.842,0 days 01:13:17.830000,0 days 00:00:26.485000,9326,142,4,69,False,8,car,1653.2019444444445,0.30883076057694503,-3910.8441293452647,-3886.717846285795,242.8434169325514,car,0 days 01:13:17.830000
2024-05-04 21:00:16.082,0 days 01:13:18.070000,0 days 00:00:26.725000,9882,153,4,93,False,8,car,1663.4019444444446,0.31073619854746676,-3828.332217241339,-3891.496450914273,244.2180052981762,car,0 days 01:13:18.070000
2024-05-04 21:00:16.242,0 days 01:13:18.230000,0 days 00:00:26.885000,10178,157,4,100,False,8,car,1670.3797222222224,0.3120397007756669,-3781.862529333678,-3892.0572753988877,245.03949703894727,car,0 days 01:13:18.230000
2024-05-04 21:00:16.402,0 days 01:13:18.390000,0 days 00:00:27.045000,10614,162,4,100,False,8,car,1677.5797222222225,0.3133847158136822,-3713.914684543719,-3893.5093758973653,245.68667811890782,car,0 days 01:13:18.390000
2024-05-04 21:00:16.722,0 days 01:13:18.710000,0 days 00:00:27.365000,11007,179,4,100,False,8,car,1693.4908333333335,0.3163570329964569,-3502.553423550651,-3896.436065648294,248.32922196157898,car,0 days 01:13:18.710000
2024-05-04 21:00:16.922,0 days 01:13:18.910000,0 days 00:00:27.565000,11427,188,4,100,False,8,car,1703.935277777778,0.3183081350577755,-3439.0250245706056,-3898.594644086391,248.91855855741377,car,0 days 01:13:18.910000
2024-05-04 21:00:17.122,0 days 01:13:19.110000,0 days 00:00:27.765000,11630,191,4,100,False,8,car,1714.5463888888892,0.3202903717264555,-3347.8768620664127,-3905.4370598791056,249.010842218823,car,0 days 01:13:19.110000
2024-05-04 21:00:17.282,0 days 01:13:19.270000,0 days 00:00:27.925000,11111,202,4,100,False,8,car,1723.524166666667,0.32196748924299323,-3258.335761687057,-3914.022803612732,248.99300474529707,car,0 days 01:13:19.270000
2024-05-04 21:00:17.482,0 days 01:13:19.470000,0 days 00:00:28.125000,11313,208,5,100,False,8,car,1735.0797222222225,0.3241261553533882,-3146.2656257544177,-3927.6462781981686,249.00817831454944,car,0 days 01:13:19.470000
2024-05-04 21:00:17.762,0 days 01:13:19.750000,0 days 00:00:28.405000,11475,217,5,100,False,8,car,1751.9575000000002,0.32727905325885936,-2994.7967660154745,-3949.613596161709,248.9925117524671,car,0 days 01:13:19.750000
2024-05-04 21:00:18.162,0 days 01:13:20.150000,0 days 00:00:28.805000,10720,229,6,100,False,8,car,1777.4019444444446,0.3320322699827099,-2824.624826372497,-3975.6153658577828,247.83501377409402,car,0 days 01:13:20.150000
2024-05-04 21:00:18.322,0 days 01:13:20.310000,0 days 00:00:28.965000,10963,229,6,100,False,8,car,1787.5797222222222,0.3339335566722501,-2730.443636134296,-3992.0739369853873,246.8333198116488,car,0 days 01:13:20.310000
2024-05-04 21:00:18.642,0 days 01:13:20.630000,0 days 00:00:29.285000,11277,239,6,100,False,8,car,1808.8241666666668,0.33790218129059174,-2508.2467716756005,-4035.8479223795093,245.34994031351064,car,0 days 01:13:20.630000
2024-05-04 21:00:18.882,0 days 01:13:20.870000,0 days 00:00:29.525000,11556,244,6,100,False,8,car,1825.0908333333334,0.34094091896907086,-2348.1370618826254,-4071.3942797805657,244.97997700763648,car,0 days 01:13:20.870000
2024-05-04 21:00:19.122,0 days 01:13:21.110000,0 days 00:00:29.765000,11270,249,6,100,False,8,car,1841.6908333333336,0.34404192586227295,-2212.0139807154974,-4099.850542101765,244.7847660160904,car,0 days 01:13:21.110000
2024-05-04 21:00:19.322,0 days 01:13:21.310000,0 days 00:00:29.965000,10646,254,6,100,False,8,car,1855.8019444444446,0.3466779892855438,-2073.9297518510098,-4123.72434596805,244.01546503224924,car,0 days 01:13:21.310000
2024-05-04 21:00:19.562,0 days 01:13:21.550000,0 days 00:00:30.205000,10617,257,7,100,False,8,car,1872.9352777777779,0.34987862692230254,-1873.6196880502007,-4139.851625885317,244.64089634603835,car,0 days 01:13:21.550000
2024-05-04 21:00:19.722,0 days 01:13:21.710000,0 days 00:00:30.365000,10710,261,7,100,False,8,car,1884.5352777777778,0.3520455955946606,-1762.1833106678876,-4143.287163601669,245.44820000899955,car,0 days 01:13:21.710000
2024-05-04 21:00:20.922,0 days 01:13:22.910000,0 days 00:00:31.565000,11404,278,7,100,False,8,car,1977.2019444444447,0.36935643728763606,-828.6970339450281,-4108.289065951023,245.95563020187257,car,0 days 01:13:22.910000
2024-05-04 21:00:21.082,0 days 01:13:23.070000,0 days 00:00:31.725000,11521,281,7,100,False,8,car,1989.6908333333336,0.3716894571992553,-704.6658705114048,-4104.574737091023,246.7508408419661,car,0 days 01:13:23.070000
2024-05-04 21:00:21.403,0 days 01:13:23.391000,0 days 00:00:32.046000,11714,284,7,100,False,8,car,2015.0141666666668,0.3764200494417565,-452.6492931777417,-4099.934555397999,247.50799896711905,car,0 days 01:13:23.391000
2024-05-04 21:00:21.603,0 days 01:13:23.591000,0 days 00:00:32.246000,11702,286,7,100,False,8,car,2030.903055555556,0.37938821534354966,-294.20425443844545,-4098.183770149347,247.97449180598537,car,0 days 01:13:23.591000
2024-05-04 21:00:21.803,0 days 01:13:23.791000,0 days 00:00:32.446000,10722,287,7,100,False,8,car,2046.8475,0.3823667594477966,-135.0167706636181,-4096.339376620269,248.8854727792763,car,0 days 01:13:23.791000
2024-05-04 21:00:22.123,0 days 01:13:24.111000,0 days 00:00:32.766000,10357,290,8,100,False,8,car,2072.6252777777777,0.38718224538637,119.96651915581637,-4092.4470257625817,249.00577666674303,car,0 days 01:13:24.111000
2024-05-04 21:00:22.362,0 days 01:13:24.350000,0 days 00:00:33.005000,10438,292,8,100,False,8,car,2092.0108333333337,0.39080361535060687,312.6730261421801,-4090.1590732467907,248.73090980753562,car,0 days 01:13:24.350000
2024-05-04 21:00:22.762,0 days 01:13:24.750000,0 days 00:00:33.405000,10521,295,8,100,False,8,car,2124.7886111111115,0.396926754798362,639.7028353119438,-4089.4704738775004,247.05315530957427,car,0 days 01:13:24.750000
2024-05-04 21:00:22.962,0 days 01:13:24.950000,0 days 00:00:33.605000,10587,297,8,100,False,8,car,2141.288611111111,0.40000908092714704,794.4852155862014,-4096.194624380374,246.9910552504578,car,0 days 01:13:24.950000
2024-05-04 21:00:23.122,0 days 01:13:25.110000,0 days 00:00:33.765000,10635,297,8,100,False,8,car,2154.4886111111114,0.4024749418301753,968.811401193378,-4117.383933081615,246.9693560863553,car,0 days 01:13:25.110000
2024-05-04 21:00:23.362,0 days 01:13:25.350000,0 days 00:00:34.005000,10649,299,8,100,False,8,car,2174.4219444444448,0.4061986408706067,1219.3052700825288,-4169.200099577429,247.43494304164756,car,0 days 01:13:25.350000
2024-05-04 21:00:23.602,0 days 01:13:25.590000,0 days 00:00:34.245000,10699,298,8,100,False,8,car,2194.288611111111,0.4099098860680934,1395.6500074877601,-4225.880657697081,247.99596987725135,car,0 days 01:13:25.590000
2024-05-04 21:00:23.842,0 days 01:13:25.830000,0 days 00:00:34.485000,10726,299,8,100,False,8,car,2214.2219444444445,0.4136335851085248,1524.5144073156584,-4270.517102320552,247.25330053673693,car,0 days 01:13:25.830000
2024-05-04 21:00:24.002,0 days 01:13:25.990000,0 days 00:00:34.645000,10755,301,8,100,False,8,car,2227.5997222222227,0.4161326562594053,1633.1288681927358,-4309.250538325747,246.96778234784438,car,0 days 01:13:25.990000
2024-05-04 21:00:24.322,0 days 01:13:26.310000,0 days 00:00:34.965000,10806,303,8,100,False,8,car,2254.533055555556,0.42116400880901833,1864.22574386337,-4391.139420110663,246.8110091073723,car,0 days 01:13:26.310000
2024-05-04 21:00:24.562,0 days 01:13:26.550000,0 days 00:00:35.205000,10798,304,8,100,False,8,car,2274.7997222222225,0.4249499770641726,2154.228783020875,-4486.233423704573,247.58670431995216,car,0 days 01:13:26.550000
2024-05-04 21:00:24.762,0 days 01:13:26.750000,0 days 00:00:35.405000,10838,304,8,100,False,8,car,2291.6886111111116,0.4281049506101346,2353.4834294295347,-4549.822201913104,248.55403926566865,car,0 days 01:13:26.750000
2024-05-04 21:00:25.042,0 days 01:13:27.030000,0 days 00:00:35.685000,10868,304,8,100,False,14,car,2315.3330555555563,0.43252191357448133,2464.19056709103,-4581.9075443277725,249.00996587758598,car,0 days 01:13:27.030000
2024-05-04 21:00:25.362,0 days 01:13:27.350000,0 days 00:00:36.005000,10982,308,8,100,False,14,car,2342.710833333334,0.4376362917437249,2731.617480396074,-4656.307202892058,248.98626910518306,car,0 days 01:13:27.350000
2024-05-04 21:00:25.722,0 days 01:13:27.710000,0 days 00:00:36.365000,11117,311,8,100,False,12,car,2373.810833333334,0.44344600947737456,3151.923142675383,-4745.360684466112,247.40921139294966,car,0 days 01:13:27.710000
2024-05-04 21:00:25.922,0 days 01:13:27.910000,0 days 00:00:36.565000,11136,312,8,100,False,12,car,2391.144166666667,0.44668400864296703,3235.7104857276286,-4756.869502486619,246.28597153025186,car,0 days 01:13:27.910000
2024-05-04 21:00:26.282,0 days 01:13:28.270000,0 days 00:00:36.925000,11198,315,8,100,False,12,car,2422.644166666667,0.4525684494342842,3514.7076949174784,-4784.096595583399,245.66160852498666,car,0 days 01:13:28.270000
2024-05-04 21:00:26.442,0 days 01:13:28.430000,0 days 00:00:37.085000,11253,315,8,100,False,12,car,2436.6441666666674,0.45518375645264747,3653.5023485347547,-4791.781817863811,244.88779495286423,car,0 days 01:13:28.430000
2024-05-04 21:00:26.682,0 days 01:13:28.670000,0 days 00:00:37.325000,11282,316,8,100,False,12,car,2457.7108333333344,0.4591191708231369,3864.089379143155,-4793.672874998888,244.88722997697502,car,0 days 01:13:28.670000
2024-05-04 21:00:26.842,0 days 01:13:28.830000,0 days 00:00:37.485000,11293,317,8,100,False,12,car,2471.799722222223,0.46175108296542616,4005.340145130646,-4790.333759042025,244.14955268019708,car,0 days 01:13:28.830000
2024-05-04 21:00:27.162,0 days 01:13:29.150000,0 days 00:00:37.805000,11334,318,8,100,False,12,car,2500.06638888889,0.4670315123739309,4297.69543101234,-4773.172191768856,244.07242576478865,car,0 days 01:13:29.150000
2024-05-04 21:00:27.402,0 days 01:13:29.390000,0 days 00:00:38.045000,11368,318,8,100,False,12,car,2521.26638888889,0.4709918344303095,4586.2620944152395,-4744.642694749317,241.68806015167084,car,0 days 01:13:29.390000
2024-05-04 21:00:27.722,0 days 01:13:29.710000,0 days 00:00:38.365000,11419,320,8,100,False,12,car,2549.7108333333344,0.47630547408666646,4821.124392973299,-4704.697941447984,243.40074346219603,car,0 days 01:13:29.710000
2024-05-04 21:00:27.923,0 days 01:13:29.911000,0 days 00:00:38.566000,11426,320,8,100,False,12,car,2567.5775000000012,0.4796431039958157,5090.141346405043,-4651.350811108399,246.45764742252337,car,0 days 01:13:29.911000
2024-05-04 21:00:28.123,0 days 01:13:30.111000,0 days 00:00:38.766000,11439,321,8,100,False,12,car,2585.4108333333343,0.4829745069834926,5234.320424477478,-4618.467162992462,247.99960227968154,car,0 days 01:13:30.111000
2024-05-04 21:00:28.323,0 days 01:13:30.311000,0 days 00:00:38.966000,11438,321,8,100,False,12,car,2603.2441666666678,0.4863059099711695,5323.071817643575,-4590.817830828788,248.93018847217965,car,0 days 01:13:30.311000
2024-05-04 21:00:28.523,0 days 01:13:30.511000,0 days 00:00:39.166000,11458,321,8,100,False,12,car,2621.077500000001,0.4896373129588464,5489.741736634456,-4539.938653822686,250.80067140525307,car,0 days 01:13:30.511000
2024-05-04 21:00:28.723,0 days 01:13:30.711000,0 days 00:00:39.366000,11515,322,8,100,False,12,car,2638.96638888889,0.49297909414897717,5663.451207177865,-4483.69335738574,251.1321133904967,car,0 days 01:13:30.711000
2024-05-04 21:00:28.883,0 days 01:13:30.871000,0 days 00:00:39.526000,11504,322,8,100,False,12,car,2653.2775000000015,0.4956525191010819,5800.026609361696,-4437.713853540129,251.89014891328333,car,0 days 01:13:30.871000
2024-05-04 21:00:29.042,0 days 01:13:31.030000,0 days 00:00:39.685000,11482,323,8,100,False,12,car,2667.543333333335,0.4983174858181866,5918.20019032672,-4398.223472568674,252.32026217714167,car,0 days 01:13:31.030000
2024-05-04 21:00:29.322,0 days 01:13:31.310000,0 days 00:00:39.965000,11536,324,8,100,False,12,car,2692.743333333335,0.5030250384512404,6268.638174272257,-4279.851801033189,250.50069681638396,car,0 days 01:13:31.310000
2024-05-04 21:00:29.482,0 days 01:13:31.470000,0 days 00:00:40.125000,11535,324,8,100,False,12,car,2707.143333333335,0.505715068527271,6420.60231222614,-4228.251618815146,249.2128817520757,car,0 days 01:13:31.470000
2024-05-04 21:00:29.762,0 days 01:13:31.750000,0 days 00:00:40.405000,11590,325,8,100,False,12,car,2732.4211111111126,0.5104371506437602,6537.297036375434,-4188.750054257468,247.59880935400204,car,0 days 01:13:31.750000
2024-05-04 21:00:29.962,0 days 01:13:31.950000,0 days 00:00:40.605000,11596,326,8,100,False,12,car,2750.5322222222235,0.5138204446437061,6727.282799721029,-4124.044613654317,245.36557749190203,car,0 days 01:13:31.950000
2024-05-04 21:00:30.202,0 days 01:13:32.190000,0 days 00:00:40.845000,11621,327,8,100,False,12,car,2772.3322222222237,0.517892851286586,6991.803789159065,-4032.209578977673,242.10349134799216,car,0 days 01:13:32.190000
2024-05-04 21:00:30.402,0 days 01:13:32.390000,0 days 00:00:41.045000,11649,327,8,100,False,12,car,2790.4988888888906,0.5212865234889859,7105.218965487947,-3992.385962053004,241.07102180402268,car,0 days 01:13:32.390000
2024-05-04 21:00:30.562,0 days 01:13:32.550000,0 days 00:00:41.205000,11652,327,8,100,False,12,car,2805.0322222222235,0.5240014612509057,7204.2989512167915,-3954.1363199275975,241.00427771872302,car,0 days 01:13:32.550000
2024-05-04 21:00:30.842,0 days 01:13:32.830000,0 days 00:00:41.485000,11645,327,8,100,False,12,car,2830.465555555557,0.5287526023342655,7548.648068417722,-3816.1026898819473,240.98797897934588,car,0 days 01:13:32.830000
2024-05-04 21:00:31.042,0 days 01:13:33.030000,0 days 00:00:41.685000,11661,328,8,100,False,12,car,2848.6877777777795,0.5321566527391193,7638.207998452246,-3777.194169389129,240.8805536121286,car,0 days 01:13:33.030000
2024-05-04 21:00:31.362,0 days 01:13:33.350000,0 days 00:00:42.005000,11660,328,8,100,False,12,car,2877.843333333335,0.5376031333868851,7872.3037359414575,-3673.6162648689515,242.22167565899065,car,0 days 01:13:33.350000
2024-05-04 21:00:31.682,0 days 01:13:33.670000,0 days 00:00:42.325000,11732,329,8,100,False,12,car,2907.0877777777796,0.5430662191585771,8144.734023233366,-3548.3245633428305,240.7980897497107,car,0 days 01:13:33.670000
2024-05-04 21:00:31.962,0 days 01:13:33.950000,0 days 00:00:42.605000,11705,329,8,100,False,12,car,2932.676666666668,0.5478464192088076,8375.914647829557,-3438.328209545771,241.00407887567678,car,0 days 01:13:33.950000
2024-05-04 21:00:32.162,0 days 01:13:34.150000,0 days 00:00:42.805000,11725,329,8,100,False,12,car,2950.954444444446,0.5512608478161151,8541.457595856318,-3359.4013866904465,241.01322930072135,car,0 days 01:13:34.150000
2024-05-04 21:00:32.362,0 days 01:13:34.350000,0 days 00:00:43.005000,11644,328,8,100,False,12,car,2969.1766666666686,0.5546648982209689,8707.048569272354,-3277.897203318706,241.7066273695939,car,0 days 01:13:34.350000
2024-05-04 21:00:32.682,0 days 01:13:34.670000,0 days 00:00:43.325000,10855,303,8,65,True,8,car,2996.110000000002,0.5596962507705818,8978.337689151784,-3135.523471233414,241.9345105383323,car,0 days 01:13:34.670000
2024-05-04 21:00:32.882,0 days 01:13:34.870000,0 days 00:00:43.525000,9749,283,8,0,True,8,car,3011.8322222222237,0.5626332820650134,9168.740701564784,-3028.676798999869,241.94407331165255,car,0 days 01:13:34.870000
2024-05-04 21:00:33.082,0 days 01:13:35.070000,0 days 00:00:43.725000,8861,231,8,0,True,8,car,3024.665555555557,0.5650306468318465,9259.572093528506,-2974.1794619704087,242.5977104836374,car,0 days 01:13:35.070000
2024-05-04 21:00:33.282,0 days 01:13:35.270000,0 days 00:00:43.925000,9624,204,8,0,True,8,car,3035.99888888889,0.567147800132426,9325.489635660568,-2930.408028747447,243.08784797873574,car,0 days 01:13:35.270000
2024-05-04 21:00:33.762,0 days 01:13:35.750000,0 days 00:00:44.405000,9661,153,8,0,True,8,car,3056.3988888888903,0.5709586760734696,9546.215548084627,-2748.010460163091,243.0146392935077,car,0 days 01:13:35.750000
2024-05-04 21:00:34.002,0 days 01:13:35.990000,0 days 00:00:44.645000,9966,147,8,0,True,8,car,3066.1988888888905,0.5727893909863239,9583.506393390957,-2712.840597874043,243.73176555801842,car,0 days 01:13:35.990000
2024-05-04 21:00:34.282,0 days 01:13:36.270000,0 days 00:00:44.925000,9262,127,5,0,True,8,car,3076.076666666668,0.5746346353826134,9649.372742419706,-2591.7560468491183,244.0076572455556,car,0 days 01:13:36.270000
2024-05-04 21:00:34.603,0 days 01:13:36.591000,0 days 00:00:45.246000,8118,115,3,0,True,8,car,3086.330833333335,0.5765501921005276,9686.0007971729,-2514.2656923127115,244.011829449857,car,0 days 01:13:36.591000
2024-05-04 21:00:34.883,0 days 01:13:36.871000,0 days 00:00:45.526000,7430,108,3,0,True,8,car,3094.730833333335,0.5781193763115456,9672.213241797494,-2441.192709264053,243.9678654988237,car,0 days 01:13:36.871000
2024-05-04 21:00:35.043,0 days 01:13:37.031000,0 days 00:00:45.686000,7199,108,3,0,True,8,car,3099.5308333333346,0.5790160530035557,9657.181925147896,-2386.6314560649494,244.1256506355108,car,0 days 01:13:37.031000
2024-05-04 21:00:35.363,0 days 01:13:37.351000,0 days 00:00:46.006000,6736,96,3,0,False,8,car,3108.064166666668,0.5806101449004628,9617.237561040445,-2331.2033396351662,245.02613180907136,car,0 days 01:13:37.351000
2024-05-04 21:00:35.603,0 days 01:13:37.591000,0 days 00:00:46.246000,6829,92,3,14,False,8,car,3114.197500000001,0.5817558984513648,9574.249226902146,-2282.1161308759397,244.99619128431544,car,0 days 01:13:37.591000
2024-05-04 21:00:35.802,0 days 01:13:37.790000,0 days 00:00:46.445000,6953,92,3,27,False,8,car,3119.2830555555565,0.5827059191039876,9535.558274721907,-2245.863400718187,245.00151005593628,car,0 days 01:13:37.790000
2024-05-04 21:00:36.002,0 days 01:13:37.990000,0 days 00:00:46.645000,7195,94,3,39,False,8,car,3124.5052777777787,0.5836814701346469,9497.324545719799,-2213.252027803137,244.9997262232344,car,0 days 01:13:37.990000
2024-05-04 21:00:36.162,0 days 01:13:38.150000,0 days 00:00:46.805000,7301,98,3,43,False,8,car,3128.860833333334,0.5844951212070265,9464.03830741093,-2185.500596739208,244.99998213451988,car,0 days 01:13:38.150000
2024-05-04 21:00:36.442,0 days 01:13:38.430000,0 days 00:00:47.085000,7806,102,3,51,False,8,car,3136.7941666666675,0.5859771285174323,9371.509719000209,-2110.039832391168,245.00002737825946,car,0 days 01:13:38.430000
2024-05-04 21:00:36.842,0 days 01:13:38.830000,0 days 00:00:47.485000,9018,112,3,78,False,8,car,3149.238611111112,0.5883018458670886,9313.680417756683,-2059.6505754039554,245.0018424991986,car,0 days 01:13:38.830000
2024-05-04 21:00:37.202,0 days 01:13:39.190000,0 days 00:00:47.845000,9139,132,3,23,False,8,car,3162.4386111111116,0.5907677067701167,9202.610098310515,-1933.1636448081956,244.99418561431753,car,0 days 01:13:39.190000
2024-05-04 21:00:37.362,0 days 01:13:39.350000,0 days 00:00:48.005000,9267,126,3,21,True,8,car,3168.0386111111115,0.5918138295774619,9174.709145474919,-1898.7756098074958,245.1384879410645,car,0 days 01:13:39.350000
2024-05-04 21:00:37.602,0 days 01:13:39.590000,0 days 00:00:48.245000,8475,119,3,16,True,8,car,3175.9719444444445,0.5932958368878677,9154.66844137775,-1852.240550847503,245.1046498436096,car,0 days 01:13:39.590000
2024-05-04 21:00:37.842,0 days 01:13:39.830000,0 days 00:00:48.485000,8190,117,3,12,True,8,car,3183.7719444444447,0.5947529365123843,9122.98553413853,-1735.115318369631,244.01642829922764,car,0 days 01:13:39.830000
2024-05-04 21:00:38.202,0 days 01:13:40.190000,0 days 00:00:48.845000,7582,110,3,11,False,8,car,3194.7719444444447,0.5968078205982411,9119.95127526865,-1670.0957208096543,245.0864617185067,car,0 days 01:13:40.190000
2024-05-04 21:00:38.402,0 days 01:13:40.390000,0 days 00:00:49.045000,7394,105,3,6,False,8,car,3200.605277777778,0.5978975318558925,9126.030421511101,-1608.5000441268069,244.86979335515872,car,0 days 01:13:40.390000
2024-05-04 21:00:38.722,0 days 01:13:40.710000,0 days 00:00:49.365000,7139,99,3,0,False,8,car,3209.4052777777783,0.5995414391245779,9152.0939677003,-1516.2851171962664,243.8974004578684,car,0 days 01:13:40.710000
2024-05-04 21:00:38.962,0 days 01:13:40.950000,0 days 00:00:49.605000,7354,96,3,0,False,8,car,3215.805277777778,0.6007370080472582,9184.601331047143,-1445.6504779992558,244.0164799961679,car,0 days 01:13:40.950000
2024-05-04 21:00:39.202,0 days 01:13:41.190000,0 days 00:00:49.845000,6975,95,3,7,False,8,car,3222.1386111111115,0.601920123126994,9213.822312763723,-1402.8876497038914,244.00799869463037,car,0 days 01:13:41.190000
2024-05-04 21:00:39.442,0 days 01:13:41.430000,0 days 00:00:50.085000,7337,96,3,34,False,8,car,3228.5386111111115,0.6031156920496743,9235.491440504982,-1372.0189171497063,243.98571765681424,car,0 days 01:13:41.430000
2024-05-04 21:00:39.642,0 days 01:13:41.630000,0 days 00:00:50.285000,7574,99,3,39,False,8,car,3234.0386111111115,0.6041431340926027,9263.468779344785,-1342.2230680695595,243.997665145204,car,0 days 01:13:41.630000
2024-05-04 21:00:39.802,0 days 01:13:41.790000,0 days 00:00:50.445000,7864,100,3,43,False,8,car,3238.483055555556,0.6049733902889084,9310.551766501585,-1303.8509479794911,244.04851122592896,car,0 days 01:13:41.790000
2024-05-04 21:00:40.122,0 days 01:13:42.110000,0 days 00:00:50.765000,8450,107,3,48,False,8,car,3247.994166666667,0.6067501385490027,9406.806230685588,-1245.0519409658082,243.60744988185,car,0 days 01:13:42.110000
2024-05-04 21:00:40.282,0 days 01:13:42.270000,0 days 00:00:50.925000,8566,109,3,54,False,8,car,3252.8386111111113,0.6076551178029761,9444.571779711287,-1232.8068148504678,243.15035614104534,car,0 days 01:13:42.270000
2024-05-04 21:00:40.442,0 days 01:13:42.430000,0 days 00:00:51.085000,8821,111,3,60,False,8,car,3257.7719444444447,0.6085767021808755,9480.516809687597,-1222.9615243181886,242.9388865817742,car,0 days 01:13:42.430000
2024-05-04 21:00:40.682,0 days 01:13:42.670000,0 days 00:00:51.325000,9155,117,3,72,False,8,car,3265.571944444445,0.6100338018053921,9537.149002660497,-1211.952568692355,242.9929079874975,car,0 days 01:13:42.670000
2024-05-04 21:00:40.842,0 days 01:13:42.830000,0 days 00:00:51.485000,9369,117,3,74,False,8,car,3270.7719444444447,0.6110052015550699,9591.443891674355,-1206.289206764959,242.99884070581118,car,0 days 01:13:42.830000
2024-05-04 21:00:41.123,0 days 01:13:43.111000,0 days 00:00:51.766000,10508,137,3,84,False,8,car,3281.4655555555555,0.6130028498543938,9699.169563517453,-1201.606306504067,242.9144558337849,car,0 days 01:13:43.111000
2024-05-04 21:00:41.403,0 days 01:13:43.391000,0 days 00:00:52.046000,11407,147,3,100,False,8,car,3292.898888888889,0.6151386839193904,9843.146116979584,-1200.826515494054,241.86618070003695,car,0 days 01:13:43.391000
2024-05-04 21:00:41.603,0 days 01:13:43.591000,0 days 00:00:52.246000,12004,157,3,100,False,8,car,3301.621111111111,0.6167680617046405,9912.058098537644,-1198.6622340192707,240.92814968138615,car,0 days 01:13:43.591000
2024-05-04 21:00:41.843,0 days 01:13:43.831000,0 days 00:00:52.486000,10869,167,3,100,False,8,car,3312.7544444444443,0.6188478534763864,10003.8348824401,-1189.3344184456148,241.5724172813328,car,0 days 01:13:43.831000
2024-05-04 21:00:42.243,0 days 01:13:44.231000,0 days 00:00:52.886000,10818,172,4,51,False,8,car,3331.8655555555556,0.6224179551205012,10224.507399456828,-1099.8700327514653,241.99466424375774,car,0 days 01:13:44.231000
2024-05-04 21:00:42.403,0 days 01:13:44.391000,0 days 00:00:53.046000,10541,170,4,41,False,8,car,3339.421111111111,0.623829390654221,10266.056750187114,-1074.8820826946567,242.32686757529413,car,0 days 01:13:44.391000
2024-05-04 21:00:42.562,0 days 01:13:44.550000,0 days 00:00:53.205000,10625,165,4,29,False,8,car,3346.7086111111107,0.6251907513611011,10305.866245496676,-1038.5626852684218,243.2130569851586,car,0 days 01:13:44.550000
2024-05-04 21:00:42.842,0 days 01:13:44.830000,0 days 00:00:53.485000,10349,163,4,1,True,8,car,3359.3863888888886,0.6275590571610634,10407.227164580218,-927.417065115235,246.0046025658897,car,0 days 01:13:44.830000
2024-05-04 21:00:43.002,0 days 01:13:44.990000,0 days 00:00:53.645000,10416,146,4,0,True,8,car,3365.8752777777777,0.6287712312076699,10445.760165357198,-870.8316884134451,248.61796177717935,car,0 days 01:13:44.990000
2024-05-04 21:00:43.282,0 days 01:13:45.270000,0 days 00:00:53.925000,10742,126,4,0,True,8,car,3375.6752777777774,0.630601946120524,10499.357310106827,-775.9866328214356,254.93363724924018,car,0 days 01:13:45.270000
2024-05-04 21:00:43.482,0 days 01:13:45.470000,0 days 00:00:54.125000,9903,121,2,0,True,8,car,3382.3974999999996,0.6318577086174365,10525.244825435127,-725.3529276551417,258.5676561654958,car,0 days 01:13:45.470000
2024-05-04 21:00:43.842,0 days 01:13:45.830000,0 days 00:00:54.485000,8835,106,2,0,True,8,car,3392.9974999999995,0.6338378696456257,10565.70820285946,-562.4861629903723,267.7563475341046,car,0 days 01:13:45.830000
2024-05-04 21:00:44.002,0 days 01:13:45.990000,0 days 00:00:54.645000,8305,102,2,0,True,8,car,3397.530833333333,0.6346847309658576,10571.936974352364,-522.2334212563356,269.7106005463893,car,0 days 01:13:45.990000
2024-05-04 21:00:44.162,0 days 01:13:46.150000,0 days 00:00:54.805000,8147,98,2,2,True,8,car,3401.886388888888,0.6354983820382373,10567.499100518025,-512.4976958117619,269.8318171213216,car,0 days 01:13:46.150000
2024-05-04 21:00:44.362,0 days 01:13:46.350000,0 days 00:00:55.005000,7798,95,2,4,True,8,car,3407.164166666666,0.6364843112713504,10554.342841921793,-476.47224392338165,270.8853104483568,car,0 days 01:13:46.350000
2024-05-04 21:00:44.722,0 days 01:13:46.710000,0 days 00:00:55.365000,8052,89,2,14,False,8,car,3416.064166666666,0.6381468993044527,10490.03763127156,-413.29485327828064,273.05223533673166,car,0 days 01:13:46.710000
2024-05-04 21:00:44.962,0 days 01:13:46.950000,0 days 00:00:55.605000,7763,89,2,18,False,8,car,3421.9974999999995,0.6392552913265209,10428.876418305648,-381.0902601318721,273.0342864466524,car,0 days 01:13:46.950000
2024-05-04 21:00:45.202,0 days 01:13:47.190000,0 days 00:00:55.845000,8189,93,2,36,False,8,car,3428.1974999999998,0.6404134987203676,10383.4939863898,-332.5743909505407,272.79341953694586,car,0 days 01:13:47.190000
2024-05-04 21:00:45.442,0 days 01:13:47.430000,0 days 00:00:56.085000,8352,94,2,21,False,8,car,3434.4641666666666,0.6415841599571588,10379.623547881833,-262.08241571492033,271.11554869742406,car,0 days 01:13:47.430000
2024-05-04 21:00:45.722,0 days 01:13:47.710000,0 days 00:00:56.365000,8317,91,2,21,False,8,car,3441.5419444444447,0.6429063429497758,10395.379435813595,-174.07795983965684,266.71436567956385,car,0 days 01:13:47.710000
2024-05-04 21:00:46.002,0 days 01:13:47.990000,0 days 00:00:56.645000,8450,93,2,36,False,8,car,3448.7752777777782,0.6442575849092634,10412.124530610654,-108.94674012440214,262.9832950383549,car,0 days 01:13:47.990000
2024-05-04 21:00:46.282,0 days 01:13:48.270000,0 days 00:00:56.925000,9131,102,2,48,False,8,car,3456.708611111111,0.6457395922196691,10423.67195858402,-66.93266573522163,261.80985717221915,car,0 days 01:13:48.270000
2024-05-04 21:00:47.362,0 days 01:13:49.350000,0 days 00:00:58.005000,8704,105,2,0,True,8,car,3488.208611111111,0.6516240330109864,10527.910632109935,252.8225207624826,258.9993009932387,car,0 days 01:13:49.350000
2024-05-04 21:00:47.562,0 days 01:13:49.550000,0 days 00:00:58.205000,7762,98,2,2,True,8,car,3493.6530555555555,0.6526410968514609,10544.9184939728,304.27999979893445,258.9528745036052,car,0 days 01:13:49.550000
2024-05-04 21:00:47.883,0 days 01:13:49.871000,0 days 00:00:58.526000,7028,91,2,3,True,8,car,3501.7672222222222,0.6541568852108539,10559.261704500652,381.94290603992505,258.93473202100495,car,0 days 01:13:49.871000
2024-05-04 21:00:48.043,0 days 01:13:50.031000,0 days 00:00:58.686000,6824,83,2,3,True,8,car,3505.456111111111,0.6548459978537877,10551.33660825668,450.23249214067516,260.19704445392057,car,0 days 01:13:50.031000
2024-05-04 21:00:48.403,0 days 01:13:50.391000,0 days 00:00:59.046000,6264,78,2,0,False,8,car,3513.2561111111113,0.6563030974783044,10528.069733461773,491.3219055385139,259.5297773454972,car,0 days 01:13:50.391000
2024-05-04 21:00:48.603,0 days 01:13:50.591000,0 days 00:00:59.246000,6382,72,2,9,False,8,car,3517.2561111111113,0.6570503280549795,10488.046271856727,524.8602958500787,257.73959705406696,car,0 days 01:13:50.591000
2024-05-04 21:00:48.883,0 days 01:13:50.871000,0 days 00:00:59.526000,6636,74,2,24,False,8,car,3523.0116666666668,0.6581255098291955,10444.282388849824,558.3218715349218,256.39020026358435,car,0 days 01:13:50.871000
2024-05-04 21:00:49.083,0 days 01:13:51.071000,0 days 00:00:59.726000,6925,78,2,29,False,8,car,3527.345,0.6589350096205936,10410.16772071157,575.2341789374623,255.618201841327,car,0 days 01:13:51.071000
2024-05-04 21:00:49.322,0 days 01:13:51.310000,0 days 00:00:59.965000,7393,81,2,35,False,8,car,3532.7225,0.6599395677271114,10350.651288437683,602.6879404323618,253.77076329311697,car,0 days 01:13:51.310000
2024-05-04 21:00:49.522,0 days 01:13:51.510000,0 days 00:01:00.165000,7704,85,2,36,False,8,car,3537.444722222222,0.6608217149356862,10315.102604458594,615.4213057604305,252.20621267381657,car,0 days 01:13:51.510000
2024-05-04 21:00:49.802,0 days 01:13:51.790000,0 days 00:01:00.445000,8498,92,2,54,False,8,car,3544.6002777777776,0.6621584274117385,10252.697328253558,632.5709014275927,249.92152403321487,car,0 days 01:13:51.790000
2024-05-04 21:00:50.122,0 days 01:13:52.110000,0 days 00:01:00.765000,9604,100,2,64,False,8,car,3553.4891666666663,0.66381893980435,10167.629599154254,648.8035341141515,247.09114397870394,car,0 days 01:13:52.110000
2024-05-04 21:00:50.402,0 days 01:13:52.390000,0 days 00:01:01.045000,10483,111,2,76,False,8,car,3562.1224999999995,0.665431712465674,10082.484724608681,659.5314247616265,244.57540339711798,car,0 days 01:13:52.390000
2024-05-04 21:00:50.762,0 days 01:13:52.750000,0 days 00:01:01.405000,12317,140,2,100,False,8,car,3576.1224999999995,0.6680470194840371,9956.082489330329,666.5827147493492,240.70598335278655,car,0 days 01:13:52.750000
2024-05-04 21:00:51.162,0 days 01:13:53.150000,0 days 00:01:01.805000,11833,162,3,100,False,8,car,3594.1224999999995,0.6714095570790756,9781.838174553166,672.0820260263685,237.58980439657677,car,0 days 01:13:53.150000
2024-05-04 21:00:51.402,0 days 01:13:53.390000,0 days 00:01:02.045000,11075,171,3,100,False,8,car,3605.5224999999996,0.6735391642225999,9632.458516865749,676.1169460496952,237.003782696298,car,0 days 01:13:53.390000
2024-05-04 21:00:51.602,0 days 01:13:53.590000,0 days 00:01:02.245000,11448,181,4,100,False,8,car,3615.578055555555,0.6754176188667416,9558.718027386236,677.8603583501143,237.60598240509353,car,0 days 01:13:53.590000
2024-05-04 21:00:52.042,0 days 01:13:54.030000,0 days 00:01:02.685000,10647,193,4,100,False,8,car,3639.1669444444437,0.6798242036286345,9334.218539821633,685.3230889836683,239.1172660781192,car,0 days 01:13:54.030000
2024-05-04 21:00:52.282,0 days 01:13:54.270000,0 days 00:01:02.925000,10787,207,5,100,False,8,car,3652.9669444444435,0.6824021491181639,9155.840635738978,690.4038965054393,240.6834972122632,car,0 days 01:13:54.270000
2024-05-04 21:00:52.602,0 days 01:13:54.590000,0 days 00:01:03.245000,11356,217,5,100,False,8,car,3672.2558333333322,0.6860054610101309,8984.93102404079,695.7001591941677,241.5579826315509,car,0 days 01:13:54.590000
2024-05-04 21:00:52.802,0 days 01:13:54.790000,0 days 00:01:03.445000,10655,223,5,100,False,8,car,3684.6447222222214,0.6883198001573333,8863.239201826083,699.4730976941809,242.6151022662183,car,0 days 01:13:54.790000
2024-05-04 21:00:52.962,0 days 01:13:54.950000,0 days 00:01:03.605000,10681,226,6,100,False,8,car,3694.6891666666656,0.6901961791609844,8718.04403699537,704.4017724331885,243.59192875904682,car,0 days 01:13:54.950000
2024-05-04 21:00:53.242,0 days 01:13:55.230000,0 days 00:01:03.885000,11075,234,6,100,False,8,car,3712.889166666666,0.6935960782848566,8560.254211719777,709.179293972676,244.1021608596961,car,0 days 01:13:55.230000
2024-05-04 21:00:53.602,0 days 01:13:55.590000,0 days 00:01:04.245000,11569,241,6,100,False,8,car,3736.9891666666663,0.6980981425093247,8352.994000142016,715.1749808646196,244.00062006996242,car,0 days 01:13:55.590000
2024-05-04 21:00:54.122,0 days 01:13:56.110000,0 days 00:01:04.765000,10468,252,6,100,False,8,car,3773.389166666666,0.7048979407570689,7957.422162610366,724.2147796329807,243.99992463611738,car,0 days 01:13:56.110000
2024-05-04 21:00:54.283,0 days 01:13:56.271000,0 days 00:01:04.926000,10646,259,7,100,False,8,car,3784.9722222222217,0.7070617440776786,7806.501616758387,727.1642682948427,244.0000379586428,car,0 days 01:13:56.271000
2024-05-04 21:00:54.483,0 days 01:13:56.471000,0 days 00:01:05.126000,10792,263,7,100,False,8,car,3799.583333333333,0.7097912113230339,7697.607712637402,729.2155321233719,244.00145578507912,car,0 days 01:13:56.471000
2024-05-04 21:00:54.923,0 days 01:13:56.911000,0 days 00:01:05.566000,11071,268,7,100,False,8,car,3832.3388888888885,0.7159101994898075,7410.125857556499,735.4990928418794,244.0040115291439,car,0 days 01:13:56.911000
2024-05-04 21:00:55.363,0 days 01:13:57.351000,0 days 00:01:06.006000,11342,275,7,100,False,8,car,3865.9499999999994,0.7221890119743698,7077.833226089347,743.5165413690434,244.93458880809345,car,0 days 01:13:57.351000
2024-05-04 21:00:55.643,0 days 01:13:57.631000,0 days 00:01:06.286000,11465,278,7,100,False,8,car,3887.5722222222216,0.7262282083693974,6859.723775703503,748.1997803894565,244.02378970990455,car,0 days 01:13:57.631000
2024-05-04 21:00:55.882,0 days 01:13:57.870000,0 days 00:01:06.525000,11652,281,7,100,False,8,car,3906.2275,0.7297131568623787,6655.856847300591,752.5362161511615,245.19983867947525,car,0 days 01:13:57.870000
2024-05-04 21:00:56.042,0 days 01:13:58.030000,0 days 00:01:06.685000,11668,285,7,100,False,8,car,3918.8941666666665,0.7320793870218502,6533.285751987888,755.1493236009316,244.99336397283406,car,0 days 01:13:58.030000
2024-05-04 21:00:56.322,0 days 01:13:58.310000,0 days 00:01:06.965000,10609,288,7,100,False,8,car,3941.2941666666666,0.7362638782512313,6290.313108017501,760.6323433173203,245.00759565560367,car,0 days 01:13:58.310000
2024-05-04 21:00:56.522,0 days 01:13:58.510000,0 days 00:01:07.165000,10414,290,8,100,False,8,car,3957.405277777778,0.7392735569628398,6042.111687921327,765.9416025852132,245.00172393225375,car,0 days 01:13:58.510000
2024-05-04 21:00:56.762,0 days 01:13:58.750000,0 days 00:01:07.405000,10467,293,8,100,False,8,car,3976.9386111111107,0.7429225329456036,5899.284251800291,769.491013468775,244.99885726379657,car,0 days 01:13:58.750000
2024-05-04 21:00:57.042,0 days 01:13:59.030000,0 days 00:01:07.685000,10573,295,8,100,False,8,car,3999.883055555555,0.7472087305590321,5734.256184040823,775.7563190491318,245.0001576702195,car,0 days 01:13:59.030000
2024-05-04 21:00:57.322,0 days 01:13:59.310000,0 days 00:01:07.965000,10640,298,8,100,False,8,car,4023.060833333333,0.7515385166227667,5495.290486571333,784.0465782275359,244.9999886176733,car,0 days 01:13:59.310000
2024-05-04 21:00:57.482,0 days 01:13:59.470000,0 days 00:01:08.125000,10705,299,8,100,False,8,car,4036.3497222222218,0.754020982649721,5363.33949847915,788.6512532440747,245.00000349826357,car,0 days 01:13:59.470000
2024-05-04 21:00:57.682,0 days 01:13:59.670000,0 days 00:01:08.325000,10749,300,8,100,False,8,car,4053.0163888888887,0.7571344433858677,5197.023149300614,794.4536947646101,244.9999995392214,car,0 days 01:13:59.670000
2024-05-04 21:00:57.922,0 days 01:13:59.910000,0 days 00:01:08.565000,10784,302,8,100,False,8,car,4073.1497222222215,0.7608955039551327,4995.9740240876645,801.6645567672141,245.00000000740332,car,0 days 01:13:59.910000
2024-05-04 21:00:58.122,0 days 01:14:00.110000,0 days 00:01:08.765000,10866,304,8,100,False,14,car,4090.0386111111106,0.7640504775010948,4829.931731200388,807.6258286026122,244.99999999180434,car,0 days 01:14:00.110000
2024-05-04 21:00:58.282,0 days 01:14:00.270000,0 days 00:01:08.925000,10921,306,8,100,False,14,car,4103.638611111111,0.7665910614617905,4642.682416888456,813.8732421320198,245.0000002145115,car,0 days 01:14:00.270000
2024-05-04 21:00:58.642,0 days 01:14:00.630000,0 days 00:01:09.285000,11038,309,8,100,False,12,car,4134.53861111111,0.7723634176666062,4249.361841246482,827.2980941987871,244.99999820610955,car,0 days 01:14:00.630000
2024-05-04 21:00:59.082,0 days 01:14:01.070000,0 days 00:01:09.725000,11197,313,8,100,False,12,car,4172.794166666666,0.7795098478763082,3998.9442609596526,835.9223310745933,245.00001465945772,car,0 days 01:14:01.070000
2024-05-04 21:00:59.482,0 days 01:14:01.470000,0 days 00:01:10.125000,11238,315,8,100,False,12,car,4207.794166666667,0.7860481154222163,3553.6087950221813,852.5706821097068,244.9999903786077,car,0 days 01:14:01.470000
2024-05-04 21:00:59.682,0 days 01:14:01.670000,0 days 00:01:10.325000,11331,318,8,100,False,12,car,4225.4608333333335,0.7893483838025318,3423.5619411998237,856.9845540254737,245.00035766608434,car,0 days 01:14:01.670000
2024-05-04 21:00:59.842,0 days 01:14:01.830000,0 days 00:01:10.485000,11366,318,8,100,False,12,car,4239.594166666667,0.7919885985067842,3341.183336405082,859.187274967429,244.999932514001,car,0 days 01:14:01.830000
2024-05-04 21:01:00.002,0 days 01:14:01.990000,0 days 00:01:10.645000,11403,320,8,100,False,12,car,4253.8163888888885,0.7946454183349626,3203.77015416083,863.1698810050723,244.998435884071,car,0 days 01:14:01.990000
2024-05-04 21:01:00.402,0 days 01:14:02.390000,0 days 00:01:11.045000,11465,322,8,100,False,12,car,4289.594166666667,0.8013289807152242,2814.166409365107,877.9480676301491,245.20266059997175,car,0 days 01:14:02.390000
2024-05-04 21:01:00.722,0 days 01:14:02.710000,0 days 00:01:11.365000,11546,323,8,100,False,12,car,4318.3052777777775,0.8066924357433594,2423.487010924433,892.3841745506836,246.04348763960004,car,0 days 01:14:02.710000
2024-05-04 21:01:00.963,0 days 01:14:02.951000,0 days 00:01:11.606000,11583,325,8,100,False,12,car,4340.062222222222,0.8107567992793375,2315.490685702096,896.3264999026613,245.24037402790537,car,0 days 01:14:02.951000
2024-05-04 21:01:01.323,0 days 01:14:03.311000,0 days 00:01:11.966000,11613,326,8,100,False,12,car,4372.662222222222,0.8168467284792404,1970.2927913366218,907.3078831615387,245.01967220296135,car,0 days 01:14:03.311000
2024-05-04 21:01:01.483,0 days 01:14:03.471000,0 days 00:01:12.126000,11651,328,8,100,False,12,car,4387.240000000001,0.8195699688031235,1837.7479456252233,910.6870797721858,245.50969856319597,car,0 days 01:14:03.471000
2024-05-04 21:01:01.683,0 days 01:14:03.671000,0 days 00:01:12.326000,11652,328,8,100,False,12,car,4405.4622222222215,0.8229740192079769,1682.6603512956033,913.3686109275902,246.0386835378272,car,0 days 01:14:03.671000
2024-05-04 21:01:01.883,0 days 01:14:03.871000,0 days 00:01:12.526000,11707,328,8,100,False,12,car,4423.684444444444,0.8263780696128307,1499.1352263137242,915.9447511591563,246.01124776123265,car,0 days 01:14:03.871000
2024-05-04 21:01:02.083,0 days 01:14:04.071000,0 days 00:01:12.726000,11737,330,8,100,False,12,car,4442.017777777778,0.8298028764225921,1315.7498524633966,920.3084074664661,246.0010466118789,car,0 days 01:14:04.071000
2024-05-04 21:01:02.323,0 days 01:14:04.311000,0 days 00:01:12.966000,11766,330,8,100,False,12,car,4464.017777777777,0.8339126445943055,1100.2826259106623,923.7740006704603,245.9997153110662,car,0 days 01:14:04.311000
2024-05-04 21:01:02.762,0 days 01:14:04.750000,0 days 00:01:13.405000,11831,332,8,100,False,12,car,4504.503333333333,0.841475655850504,636.6619039037088,932.1467588091668,245.9999982984469,car,0 days 01:14:04.750000
2024-05-04 21:01:02.922,0 days 01:14:04.910000,0 days 00:01:13.565000,11828,332,8,100,False,12,car,4519.258888888889,0.8442321064222391,522.5982910755027,934.3401111973155,245.99998799329913,car,0 days 01:14:04.910000
2024-05-04 21:01:03.242,0 days 01:14:05.230000,0 days 00:01:13.885000,11839,333,8,100,False,12,car,4548.858888888889,0.8497616126896357,188.6721636514437,941.2462594382007,246.00000107532114,car,0 days 01:14:05.230000
2024-05-04 21:01:03.562,0 days 01:14:05.550000,0 days 00:01:14.205000,11878,333,8,100,False,12,car,4578.458888888888,0.855291118957032,-105.25874951305617,947.0700388319972,245.99999942132536,car,0 days 01:14:05.550000
2024-05-04 21:01:03.762,0 days 01:14:05.750000,0 days 00:01:14.405000,11871,334,8,100,False,12,car,4597.014444444444,0.8587574385766087,-221.84768077412744,948.7756557295177,246.00000069791162,car,0 days 01:14:05.750000
2024-05-04 21:01:03.922,0 days 01:14:05.910000,0 days 00:01:14.565000,11916,334,8,100,False,12,car,4611.858888888888,0.8615304942722698,-379.49299766975275,951.1445553970805,245.99999964824715,car,0 days 01:14:05.910000
2024-05-04 21:01:04.202,0 days 01:14:06.190000,0 days 00:01:14.845000,11915,335,8,100,False,12,car,4637.914444444444,0.8663978712231125,-665.1865173392839,957.9566320612012,246.00005100413912,car,0 days 01:14:06.190000
2024-05-04 21:01:04.522,0 days 01:14:06.510000,0 days 00:01:15.165000,11954,335,8,100,False,12,car,4667.692222222222,0.8719605877383613,-1054.1171305808828,979.7929897266088,245.99961186726017,car,0 days 01:14:06.510000
2024-05-04 21:01:04.722,0 days 01:14:06.710000,0 days 00:01:15.365000,11875,333,8,100,False,12,car,4686.192222222221,0.8754165291554838,-1258.5735429065203,999.972146849077,245.9995635113144,car,0 days 01:14:06.710000
2024-05-04 21:01:04.922,0 days 01:14:06.910000,0 days 00:01:15.565000,11824,333,8,100,False,12,car,4704.692222222221,0.8788724705726066,-1382.2739535322194,1012.8434846853776,246.0023905425918,car,0 days 01:14:06.910000
2024-05-04 21:01:05.282,0 days 01:14:07.270000,0 days 00:01:15.925000,10854,278,8,29,True,8,car,4732.492222222221,0.8840657230804994,-1618.402341596992,1036.5641396195927,245.99371919005938,car,0 days 01:14:07.270000
2024-05-04 21:01:05.442,0 days 01:14:07.430000,0 days 00:01:16.085000,10294,278,8,29,True,8,car,4744.847777777776,0.8863738353062293,-1742.2142154726316,1049.04432743073,246.06554916878565,car,0 days 01:14:07.430000
2024-05-04 21:01:05.602,0 days 01:14:07.590000,0 days 00:01:16.245000,9174,278,8,0,True,8,car,4757.203333333333,0.8886819475319595,-1867.6164900582905,1060.723405588097,245.98080961934514,car,0 days 01:14:07.590000
2024-05-04 21:01:05.882,0 days 01:14:07.870000,0 days 00:01:16.525000,9331,198,8,0,True,8,car,4772.603333333333,0.8915587852521589,-2112.1495935925773,1078.6017961101254,245.02348112388455,car,0 days 01:14:07.870000
2024-05-04 21:01:06.082,0 days 01:14:08.070000,0 days 00:01:16.725000,9253,177,8,0,True,8,car,4782.436666666666,0.8933957270864854,-2173.03596397259,1082.4664675183453,244.85140604900982,car,0 days 01:14:08.070000
2024-05-04 21:01:06.362,0 days 01:14:08.350000,0 days 00:01:17.005000,9614,139,8,0,True,8,car,4793.247777777777,0.8954153252839993,-2215.8308994681524,1079.168829375431,245.0059853796758,car,0 days 01:14:08.350000
2024-05-04 21:01:06.562,0 days 01:14:08.550000,0 days 00:01:17.205000,10092,132,8,0,True,8,car,4800.58111111111,0.8967852480079037,-2293.1666396947317,1075.043817645168,244.99926093325317,car,0 days 01:14:08.550000
2024-05-04 21:01:06.842,0 days 01:14:08.830000,0 days 00:01:17.485000,9971,121,7,0,True,8,car,4809.992222222221,0.8985433155035812,-2385.701760980464,1063.31772487961,244.99995162845016,car,0 days 01:14:08.830000
2024-05-04 21:01:07.002,0 days 01:14:08.990000,0 days 00:01:17.645000,8964,111,5,0,True,8,car,4814.925555555555,0.8994648998814807,-2431.998694669433,1053.7836464363522,244.99998708583826,car,0 days 01:14:08.990000
2024-05-04 21:01:07.242,0 days 01:14:09.230000,0 days 00:01:17.885000,7958,102,3,0,True,8,car,4821.725555555555,0.9007351918618286,-2492.1286134886714,1037.6020353037384,245.00004514952303,car,0 days 01:14:09.230000
2024-05-04 21:01:07.443,0 days 01:14:09.431000,0 days 00:01:18.086000,7734,91,2,0,True,8,car,4826.806388888888,0.9016843303672429,-2553.8122603552138,1000.7856518466964,244.99971953722013,car,0 days 01:14:09.431000
2024-05-04 21:01:07.723,0 days 01:14:09.711000,0 days 00:01:18.366000,6712,82,2,0,True,8,car,4833.184166666666,0.9028757480089417,-2605.6938725372474,957.5283774248269,245.00267138750087,car,0 days 01:14:09.711000
2024-05-04 21:01:08.083,0 days 01:14:10.071000,0 days 00:01:18.726000,5997,76,2,0,True,8,car,4840.784166666666,0.9042954861046246,-2627.7810696563265,906.7055228506209,245.00248982037465,car,0 days 01:14:10.071000
2024-05-04 21:01:08.323,0 days 01:14:10.311000,0 days 00:01:18.966000,5735,72,2,0,False,8,car,4845.5841666666665,0.9051921627966348,-2636.5729103830904,850.7025831433732,245.13363730295768,car,0 days 01:14:10.311000
2024-05-04 21:01:08.803,0 days 01:14:10.791000,0 days 00:01:19.446000,6247,68,2,20,False,8,car,4854.650833333333,0.9068858854370987,-2625.5197127787324,767.2996543927151,244.17896050168287,car,0 days 01:14:10.791000
2024-05-04 21:01:09.003,0 days 01:14:10.991000,0 days 00:01:19.646000,6598,71,2,28,False,8,car,4858.5952777777775,0.90762273781132,-2611.829252463149,730.7783207333584,244.987787221897,car,0 days 01:14:10.991000
2024-05-04 21:01:09.402,0 days 01:14:11.390000,0 days 00:01:20.045000,7269,76,2,35,False,8,car,4867.018611111111,0.9091962808673685,-2566.5314969785527,656.1457674030419,245.3193283295186,car,0 days 01:14:11.390000
2024-05-04 21:01:09.562,0 days 01:14:11.550000,0 days 00:01:20.205000,7377,82,2,42,False,8,car,4870.663055555555,0.9098770909483392,-2530.045857220065,615.1308881805822,246.56780608609796,car,0 days 01:14:11.550000
2024-05-04 21:01:09.802,0 days 01:14:11.790000,0 days 00:01:20.445000,8101,86,2,55,False,8,car,4876.396388888888,0.9109481214415737,-2498.122827183359,581.4488836632037,247.49240605849738,car,0 days 01:14:11.790000
2024-05-04 21:01:09.962,0 days 01:14:11.950000,0 days 00:01:20.605000,8729,94,2,60,False,8,car,4880.574166666666,0.9117285622661011,-2483.2251631300705,570.1753874118043,247.58311633620113,car,0 days 01:14:11.950000
2024-05-04 21:01:10.122,0 days 01:14:12.110000,0 days 00:01:20.765000,9421,98,2,69,False,8,car,4884.929722222222,0.9125422133384808,-2431.6495791837656,531.8760026487907,248.29761287651868,car,0 days 01:14:12.110000
2024-05-04 21:01:10.442,0 days 01:14:12.430000,0 days 00:01:21.085000,9951,111,2,75,False,8,car,4894.796388888889,0.9143853820942797,-2342.7036802081207,469.61161895260284,249.22553747071157,car,0 days 01:14:12.430000
2024-05-04 21:01:10.602,0 days 01:14:12.590000,0 days 00:01:21.245000,10931,120,2,80,False,8,car,4900.129722222223,0.9153816895298468,-2313.0047636190316,455.51954754275465,249.008859100273,car,0 days 01:14:12.590000
2024-05-04 21:01:10.802,0 days 01:14:12.790000,0 days 00:01:21.445000,11967,137,2,100,False,8,car,4907.740833333333,0.9168035032660202,-2230.190978735815,412.1470364113263,248.94392563010095,car,0 days 01:14:12.790000
2024-05-04 21:01:11.002,0 days 01:14:12.990000,0 days 00:01:21.645000,12719,148,2,100,False,8,car,4915.963055555556,0.918339477229186,-2143.6089885332567,360.78273664210997,249.22804169152363,car,0 days 01:14:12.990000
2024-05-04 21:01:11.162,0 days 01:14:13.150000,0 days 00:01:21.805000,12019,158,2,100,False,8,car,4922.985277777779,0.9196512820193492,-2081.6098936979633,319.3481767030245,249.69948684494153,car,0 days 01:14:13.150000
2024-05-04 21:01:11.402,0 days 01:14:13.390000,0 days 00:01:22.045000,11797,163,3,100,False,8,car,4933.8519444444455,0.9216812584193169,-1986.513645281276,258.1811356731324,250.53006038756985,car,0 days 01:14:13.390000
2024-05-04 21:01:11.642,0 days 01:14:13.630000,0 days 00:01:22.285000,11246,172,4,100,False,8,car,4945.318611111112,0.9238233194057857,-1892.07045476665,201.39525556337665,251.4938220664393,car,0 days 01:14:13.630000
2024-05-04 21:01:11.802,0 days 01:14:13.790000,0 days 00:01:22.445000,11572,180,4,100,False,8,car,4953.318611111112,0.925317780559136,-1840.1845071101952,173.32784402446902,252.23613661922184,car,0 days 01:14:13.790000
2024-05-04 21:01:12.002,0 days 01:14:13.990000,0 days 00:01:22.645000,12095,188,4,100,False,8,car,4963.763055555556,0.9272688826204546,-1776.272940395606,145.60877328048304,253.01386591054091,car,0 days 01:14:13.990000
2024-05-04 21:01:12.282,0 days 01:14:14.270000,0 days 00:01:22.925000,10892,199,5,100,False,8,car,4979.240833333334,0.9301602498240895,-1631.364220756491,101.77270022393594,253.15328291644283,car,0 days 01:14:14.270000
2024-05-04 21:01:12.722,0 days 01:14:14.710000,0 days 00:01:23.365000,11515,211,5,100,False,8,car,5005.0297222222225,0.9349778114031537,-1383.76556597503,97.90012759690632,253.98244573335012,car,0 days 01:14:14.710000
2024-05-04 21:01:13.202,0 days 01:14:15.190000,0 days 00:01:23.845000,10806,225,5,100,False,8,car,5035.0297222222225,0.9405820407282177,-1075.1451143796085,195.78076165615926,251.84804135868382,car,0 days 01:14:15.190000
2024-05-04 21:01:13.442,0 days 01:14:15.430000,0 days 00:01:24.085000,10933,227,6,100,False,8,car,5050.163055555556,0.9434090630766389,-864.4085008798982,294.1870698908439,249.72897177436784,car,0 days 01:14:15.430000
2024-05-04 21:01:13.642,0 days 01:14:15.630000,0 days 00:01:24.285000,11222,235,6,100,False,8,car,5063.218611111111,0.945847940653287,-746.370595327826,350.5517286071121,247.74230255113594,car,0 days 01:14:15.630000
2024-05-04 21:01:13.842,0 days 01:14:15.830000,0 days 00:01:24.485000,11405,241,6,100,False,8,car,5076.6075,0.9483490874446582,-644.2784654339043,399.5017715039974,245.6942850808201,car,0 days 01:14:15.830000
2024-05-04 21:01:14.083,0 days 01:14:16.071000,0 days 00:01:24.726000,11709,246,6,100,False,8,car,5093.075833333333,0.9514254979980447,-512.944781852393,461.553898207733,243.41928098721104,car,0 days 01:14:16.071000
2024-05-04 21:01:14.443,0 days 01:14:16.431000,0 days 00:01:25.086000,11346,255,6,100,False,8,car,5118.575833333333,0.9561890929243491,-247.73692280080854,558.6053542046079,243.38541981324505,car,0 days 01:14:16.431000
2024-05-04 21:01:14.683,0 days 01:14:16.671000,0 days 00:01:25.326000,10615,257,7,100,False,8,car,5135.7091666666665,0.9593897305611078,-20.238300913366146,609.927254623994,244.1776830504352,car,0 days 01:14:16.671000
2024-05-04 21:01:14.883,0 days 01:14:16.871000,0 days 00:01:25.526000,10777,260,7,100,False,8,car,5150.153611111111,0.9620880631991016,53.18144456924376,618.8732427898038,244.08728997046242,car,0 days 01:14:16.871000
2024-05-04 21:01:15.243,0 days 01:14:17.231000,0 days 00:01:25.886000,10932,264,7,100,False,8,car,5176.5536111111105,0.9670197850051578,281.35340860485053,631.0878816215965,244.00594105238383,car,0 days 01:14:17.231000
2024-05-04 21:01:15.483,0 days 01:14:17.471000,0 days 00:01:26.126000,11040,268,7,100,False,8,car,5194.420277777778,0.9703574149143072,493.048016794816,625.7142771359516,243.93866370532515,car,0 days 01:14:17.471000
2024-05-04 21:01:15.723,0 days 01:14:17.711000,0 days 00:01:26.366000,11126,270,7,100,False,8,car,5212.420277777778,0.9737199525093456,711.5897995383407,604.1623474459459,244.09420606768674,car,0 days 01:14:17.711000
2024-05-04 21:01:16.042,0 days 01:14:18.030000,0 days 00:01:26.685000,11284,273,7,100,False,14,car,5236.611111111111,0.9782389850948257,877.5640727133015,563.8953537042688,244.9878418938917,car,0 days 01:14:18.030000
2024-05-04 21:01:16.282,0 days 01:14:18.270000,0 days 00:01:26.925000,11388,277,7,100,False,12,car,5255.077777777778,0.981688699590476,1055.7648501698036,507.6099930260158,245.22002220493874,car,0 days 01:14:18.270000
2024-05-04 21:01:16.522,0 days 01:14:18.510000,0 days 00:01:27.165000,11475,279,7,100,False,12,car,5273.677777777778,0.9851633217720157,1255.7329285020503,437.11744362749175,247.1745757226247,car,0 days 01:14:18.510000
2024-05-04 21:01:16.802,0 days 01:14:18.790000,0 days 00:01:27.445000,11637,281,7,100,False,12,car,5295.533333333333,0.9892461066173492,1429.9211697558894,360.11648190847967,248.2229917671163,car,0 days 01:14:18.790000
2024-05-04 21:01:17.082,0 days 01:14:19.070000,0 days 00:01:27.725000,11637,286,7,100,False,12,car,5317.777777777777,0.9934015388798597,1624.4410989692296,258.83425841633147,249.08676692418035,car,0 days 01:14:19.070000
