Date_x,SessionTime_x,Time,RPM_x,Speed_x,nGear_x,Throttle_x,Brake_x,DRS_x,Source_x,Distance,RelativeDistance,X,Y,Z,Source_y,SessionTime_y
2024-11-30 14:29:39.959,0 days 01:10:25.620000,0 days 00:00:00.105000,11220,283,7,100,False,0,car,8.351388888888883,0.0015515264434756433,-1137.67803602189,-919.7162207861479,142.2662478706795,car,0 days 01:10:25.620000
2024-11-30 14:29:40.199,0 days 01:10:25.860000,0 days 00:00:00.345000,11291,285,7,100,False,0,car,27.351388888888884,0.0050813587645710725,-1208.5005218217036,-790.8416272595553,141.89054969370383,car,0 days 01:10:25.860000
2024-11-30 14:29:40.359,0 days 01:10:26.020000,0 days 00:00:00.505000,11297,285,7,100,False,0,car,40.018055555555556,0.007434580311968027,-1270.947715218675,-678.4831857147018,141.08246848630526,car,0 days 01:10:26.020000
2024-11-30 14:29:40.559,0 days 01:10:26.220000,0 days 00:00:00.705000,11336,286,7,100,False,0,car,55.90694444444444,0.010386428393351922,-1348.5877069676924,-538.5295551362983,141.06127377430144,car,0 days 01:10:26.220000
2024-11-30 14:29:40.799,0 days 01:10:26.460000,0 days 00:00:00.945000,11400,288,7,100,False,0,car,75.10694444444444,0.013953416844143092,-1441.926750395448,-368.2869447475002,139.86192481590132,car,0 days 01:10:26.460000
2024-11-30 14:29:40.959,0 days 01:10:26.620000,0 days 00:00:01.105000,11396,289,7,100,False,0,car,87.95138888888889,0.016339666062380704,-1523.5877885282778,-220.2622049044871,139.3265734867539,car,0 days 01:10:26.620000
2024-11-30 14:29:41.319,0 days 01:10:26.980000,0 days 00:00:01.465000,11513,291,7,100,False,0,car,117.0513888888889,0.021745882933111076,-1647.4116623071714,2.343994762666954,138.54556148899528,car,0 days 01:10:26.980000
2024-11-30 14:29:41.519,0 days 01:10:27.180000,0 days 00:00:01.665000,11481,292,7,100,False,0,car,133.2736111111111,0.024759657897321204,-1726.866310580548,145.76636288386473,137.88479242088016,car,0 days 01:10:27.180000
2024-11-30 14:29:41.799,0 days 01:10:27.460000,0 days 00:00:01.945000,11553,293,7,100,False,0,car,156.0625,0.02899339245320818,-1888.6117931731687,439.2553382197499,136.66415491710387,car,0 days 01:10:27.460000
2024-11-30 14:29:42.159,0 days 01:10:27.820000,0 days 00:00:02.305000,10756,295,7,100,False,0,car,185.5625,0.03447392158333003,-1969.8183724233618,585.3736443165994,135.9512269753842,car,0 days 01:10:27.820000
2024-11-30 14:29:42.559,0 days 01:10:28.220000,0 days 00:00:02.705000,10486,296,8,100,False,0,car,218.45138888888889,0.04058404068885194,-2131.824135207925,879.1564584754541,135.78919371541343,car,0 days 01:10:28.220000
2024-11-30 14:29:42.839,0 days 01:10:28.500000,0 days 00:00:02.985000,10554,297,8,100,False,0,car,241.55138888888888,0.04487557366871007,-2243.04964970822,1081.0293020297577,135.01817445622552,car,0 days 01:10:28.500000
2024-11-30 14:29:43.159,0 days 01:10:28.820000,0 days 00:00:03.305000,10593,298,8,100,False,0,car,268.0402777777778,0.04979669662396827,-2373.0406472968416,1311.296394326898,134.01933718743038,car,0 days 01:10:28.820000
2024-11-30 14:29:43.479,0 days 01:10:29.140000,0 days 00:00:03.625000,10658,299,8,100,False,0,car,294.6180555555556,0.054734333414646785,-2501.105970643475,1536.7741556925826,133.34882934843944,car,0 days 01:10:29.140000
2024-11-30 14:29:43.679,0 days 01:10:29.340000,0 days 00:00:03.825000,10681,299,8,100,False,0,car,311.22916666666674,0.05782035640882086,-2618.633490570026,1743.6859320470612,132.29579506451654,car,0 days 01:10:29.340000
2024-11-30 14:29:43.999,0 days 01:10:29.660000,0 days 00:00:04.145000,10679,300,8,100,False,0,car,337.89583333333337,0.0627745070349197,-2751.363457664858,1976.6424255456404,132.07719527626634,car,0 days 01:10:29.660000
2024-11-30 14:29:44.399,0 days 01:10:30.060000,0 days 00:00:04.545000,10692,301,8,100,False,0,car,371.3402777777778,0.06898783761181868,-2882.3239526264397,2207.8987004763717,131.06255070904683,car,0 days 01:10:30.060000
2024-11-30 14:29:44.600,0 days 01:10:30.261000,0 days 00:00:04.746000,10703,301,8,100,False,0,car,388.1461111111112,0.07211003622671043,-2966.0004398405813,2355.03066889802,130.98756066515264,car,0 days 01:10:30.261000
2024-11-30 14:29:44.760,0 days 01:10:30.421000,0 days 00:00:04.906000,10753,301,8,100,False,0,car,401.52388888888896,0.07459536845747,-3063.5749432743396,2526.612055374914,130.3166249084671,car,0 days 01:10:30.421000
2024-11-30 14:29:44.960,0 days 01:10:30.621000,0 days 00:00:05.106000,10747,302,8,100,False,0,car,418.30166666666673,0.0777123548930572,-3144.3844962452176,2668.6447852501587,129.9509395997993,car,0 days 01:10:30.621000
2024-11-30 14:29:45.359,0 days 01:10:31.020000,0 days 00:00:05.505000,10777,302,8,100,False,0,car,451.7733333333334,0.08393074283205365,-3280.795612065211,2909.275548251763,129.05173135251994,car,0 days 01:10:31.020000
2024-11-30 14:29:45.759,0 days 01:10:31.420000,0 days 00:00:05.905000,10756,303,8,100,False,0,car,485.4400000000001,0.09018535799750345,-3491.2122998596806,3279.9930498660733,127.63235097211877,car,0 days 01:10:31.420000
2024-11-30 14:29:45.999,0 days 01:10:31.660000,0 days 00:00:06.145000,10808,304,8,100,False,0,car,505.7066666666667,0.09395051247333856,-3548.106217332185,3379.7629649062465,126.93915822767991,car,0 days 01:10:31.660000
2024-11-30 14:29:46.159,0 days 01:10:31.820000,0 days 00:00:06.305000,10766,304,8,100,False,0,car,519.2177777777779,0.09646061545722866,-3618.257398260299,3503.6306310506666,127.00676364692019,car,0 days 01:10:31.820000
2024-11-30 14:29:46.319,0 days 01:10:31.980000,0 days 00:00:06.465000,10765,303,8,100,False,0,car,532.6844444444446,0.09896246152340858,-3683.6482858571517,3615.38365169459,127.00143855408948,car,0 days 01:10:31.980000
2024-11-30 14:29:46.639,0 days 01:10:32.300000,0 days 00:00:06.785000,10793,303,8,100,False,0,car,559.617777777778,0.10396615365576843,-3875.2511046108793,3937.1960650837223,127.0068396194114,car,0 days 01:10:32.300000
2024-11-30 14:29:46.879,0 days 01:10:32.540000,0 days 00:00:07.025000,10676,303,8,100,False,0,car,579.817777777778,0.10771892275503832,-3940.546870384166,4047.8369002237046,126.92381464270368,car,0 days 01:10:32.540000
2024-11-30 14:29:47.199,0 days 01:10:32.860000,0 days 00:00:07.345000,10469,303,8,100,False,0,car,606.7511111111113,0.11272261488739814,-4079.4265469276943,4285.052877879386,127.67102173079938,car,0 days 01:10:32.860000
2024-11-30 14:29:47.479,0 days 01:10:33.140000,0 days 00:00:07.625000,10502,298,8,0,True,0,car,629.9288888888891,0.11702859747324906,-4195.378233685416,4500.654952660706,128.97336432147978,car,0 days 01:10:33.140000
2024-11-30 14:29:47.799,0 days 01:10:33.460000,0 days 00:00:07.945000,9537,258,8,0,True,0,car,652.8622222222225,0.12128916701169408,-4303.19654846435,4726.037785700642,129.0902727815725,car,0 days 01:10:33.460000
2024-11-30 14:29:47.999,0 days 01:10:33.660000,0 days 00:00:08.145000,9547,237,8,0,True,0,car,666.0288888888891,0.12373527888333039,-4360.205228457871,4852.155516001304,127.57692136023476,car,0 days 01:10:33.660000
2024-11-30 14:29:48.319,0 days 01:10:33.980000,0 days 00:00:08.465000,10544,215,7,0,True,0,car,685.1400000000002,0.12728575349870122,-4429.38729243664,5036.737447943149,126.81738577676643,car,0 days 01:10:33.980000
2024-11-30 14:29:48.519,0 days 01:10:34.180000,0 days 00:00:08.665000,9931,202,6,0,True,0,car,696.3622222222224,0.12937062522051782,-4456.339012110852,5143.893253414275,126.02534032785483,car,0 days 01:10:34.180000
2024-11-30 14:29:48.759,0 days 01:10:34.420000,0 days 00:00:08.905000,10631,189,6,0,True,0,car,708.9622222222224,0.1317114613913495,-4471.1136971401775,5274.122482832298,126.98189637883881,car,0 days 01:10:34.420000
2024-11-30 14:29:49.119,0 days 01:10:34.780000,0 days 00:00:09.265000,9799,168,4,0,True,0,car,725.7622222222225,0.1348325762857918,-4457.710011889964,5458.884266058533,126.60446682473847,car,0 days 01:10:34.780000
2024-11-30 14:29:49.319,0 days 01:10:34.980000,0 days 00:00:09.465000,9288,160,4,0,True,0,car,734.6511111111113,0.13648395982782474,-4434.951080024235,5527.534598670534,127.15806661992468,car,0 days 01:10:34.980000
2024-11-30 14:29:49.519,0 days 01:10:35.180000,0 days 00:00:09.665000,8998,153,4,0,True,0,car,743.1511111111113,0.13806309533989375,-4398.275527904371,5607.03327150238,126.99634676505966,car,0 days 01:10:35.180000
2024-11-30 14:29:49.879,0 days 01:10:35.540000,0 days 00:00:10.025000,8717,148,4,0,False,0,car,757.9511111111113,0.1408126489373786,-4307.907498597533,5725.05729233477,127.00295528624514,car,0 days 01:10:35.540000
2024-11-30 14:29:50.199,0 days 01:10:35.860000,0 days 00:00:10.345000,8640,143,4,53,False,0,car,770.6622222222225,0.14317412740248572,-4165.2292140556465,5839.709280853482,127.06836168676413,car,0 days 01:10:35.860000
2024-11-30 14:29:50.479,0 days 01:10:36.140000,0 days 00:00:10.625000,9155,145,4,74,False,0,car,781.9400000000002,0.14526932027144002,-4080.893874570102,5879.492856350343,127.62714211755409,car,0 days 01:10:36.140000
2024-11-30 14:29:50.719,0 days 01:10:36.380000,0 days 00:00:10.865000,9413,153,4,78,False,0,car,792.1400000000002,0.14716428288592284,-4010.6897515281207,5902.038959835671,128.33772672697097,car,0 days 01:10:36.380000
2024-11-30 14:29:50.919,0 days 01:10:36.580000,0 days 00:00:11.065000,9856,159,4,80,False,0,car,800.9733333333335,0.14880534528081807,-3936.565086252457,5917.913552164699,128.92476456465963,car,0 days 01:10:36.580000
2024-11-30 14:29:51.079,0 days 01:10:36.740000,0 days 00:00:11.225000,10086,162,4,82,False,0,car,808.1733333333335,0.15014296594986476,-3842.1876029450164,5921.188299825977,129.0342936799109,car,0 days 01:10:36.740000
2024-11-30 14:29:51.360,0 days 01:10:37.021000,0 days 00:00:11.506000,10565,170,4,86,False,0,car,821.442777777778,0.15260817194370585,-3701.537811015751,5911.105156277736,129.01576564493564,car,0 days 01:10:37.021000
2024-11-30 14:29:51.520,0 days 01:10:37.181000,0 days 00:00:11.666000,10843,175,4,86,False,0,car,829.2205555555558,0.1540531325429847,-3651.2955838727057,5896.726963297714,129.02610597523525,car,0 days 01:10:37.181000
2024-11-30 14:29:51.879,0 days 01:10:37.540000,0 days 00:00:12.025000,11486,181,4,99,False,0,car,847.2702777777781,0.15740642164228966,-3486.902373421857,5831.809965716298,129.42337844801332,car,0 days 01:10:37.540000
2024-11-30 14:29:52.079,0 days 01:10:37.740000,0 days 00:00:12.225000,11830,190,4,100,False,0,car,857.8258333333337,0.1593674395984538,-3393.621925768349,5781.104480856138,129.84834933287874,car,0 days 01:10:37.740000
2024-11-30 14:29:52.359,0 days 01:10:38.020000,0 days 00:00:12.505000,12137,199,4,100,False,0,car,873.3036111111115,0.16224291119101866,-3265.9723799410767,5702.240342371648,128.14122548722025,car,0 days 01:10:38.020000
2024-11-30 14:29:52.639,0 days 01:10:38.300000,0 days 00:00:12.785000,10824,208,5,100,False,0,car,889.4813888888892,0.16524842923751862,-3088.7663192001583,5584.784628467298,127.59750296823412,car,0 days 01:10:38.300000
2024-11-30 14:29:53.079,0 days 01:10:38.740000,0 days 00:00:13.225000,11177,219,5,100,False,0,car,916.2480555555559,0.17022115792846534,-2799.915190675651,5392.688892685347,125.30304074410384,car,0 days 01:10:38.740000
2024-11-30 14:29:53.279,0 days 01:10:38.940000,0 days 00:00:13.425000,11317,220,5,100,False,0,car,928.4702777777782,0.17249181029876065,-2708.0771768991845,5332.29654739046,125.08831055810982,car,0 days 01:10:38.940000
2024-11-30 14:29:53.479,0 days 01:10:39.140000,0 days 00:00:13.625000,11631,226,5,100,False,0,car,941.0258333333337,0.1748243895518822,-2657.6268156247284,5299.014204203174,124.33648275883407,car,0 days 01:10:39.140000
2024-11-30 14:29:53.839,0 days 01:10:39.500000,0 days 00:00:13.985000,11885,231,5,100,False,0,car,964.1258333333337,0.17911592253174033,-2487.4013863150835,5189.918400201603,124.0376593611293,car,0 days 01:10:39.500000
2024-11-30 14:29:54.199,0 days 01:10:39.860000,0 days 00:00:14.345000,11651,231,5,0,True,0,car,987.2258333333339,0.18340745551159848,-2302.080767447046,5070.196429555107,123.25153166730047,car,0 days 01:10:39.860000
2024-11-30 14:29:54.439,0 days 01:10:40.100000,0 days 00:00:14.585000,11698,220,5,0,True,0,car,1001.8925000000005,0.18613223835595286,-2126.1411936837103,4974.706411851807,123.66980964653771,car,0 days 01:10:40.100000
2024-11-30 14:29:54.719,0 days 01:10:40.380000,0 days 00:00:14.865000,11864,200,4,0,True,0,car,1017.448055555556,0.1890221595545105,-1959.9309055220538,4909.547743415426,124.2106174572792,car,0 days 01:10:40.380000
2024-11-30 14:29:54.879,0 days 01:10:40.540000,0 days 00:00:15.025000,11213,195,4,0,True,0,car,1026.1147222222228,0.19063225850799265,-1907.5452824381355,4906.529649850823,123.93081387728758,car,0 days 01:10:40.540000
2024-11-30 14:29:55.159,0 days 01:10:40.820000,0 days 00:00:15.305000,10476,180,4,0,True,0,car,1040.1147222222228,0.19323318758669453,-1794.314669993414,4907.904442051458,124.79176590903246,car,0 days 01:10:40.820000
2024-11-30 14:29:55.319,0 days 01:10:40.980000,0 days 00:00:15.465000,10023,172,4,0,True,0,car,1047.7591666666672,0.19465337743284286,-1721.7224922014477,4919.084521160421,124.99470819924193,car,0 days 01:10:40.980000
2024-11-30 14:29:55.519,0 days 01:10:41.180000,0 days 00:00:15.665000,9811,167,4,0,False,0,car,1057.036944444445,0.19637700900483976,-1631.1325245398648,4946.931032001144,125.32906225272204,car,0 days 01:10:41.180000
2024-11-30 14:29:55.759,0 days 01:10:41.420000,0 days 00:00:15.905000,9590,164,4,4,False,0,car,1067.9702777777784,0.1984082107615403,-1532.8902511979745,4996.351462882009,126.11341339979472,car,0 days 01:10:41.420000
2024-11-30 14:29:56.079,0 days 01:10:41.740000,0 days 00:00:16.225000,9736,159,4,63,False,0,car,1082.1036111111118,0.20103391059337272,-1418.6582828597293,5084.704457921954,126.65606397808472,car,0 days 01:10:41.740000
2024-11-30 14:29:56.239,0 days 01:10:41.900000,0 days 00:00:16.385000,9792,161,4,69,False,0,car,1089.2591666666674,0.20236327434470924,-1370.2799069601488,5136.587276346054,127.07661337286561,car,0 days 01:10:41.900000
2024-11-30 14:29:56.479,0 days 01:10:42.140000,0 days 00:00:16.625000,10126,163,4,74,False,0,car,1100.125833333334,0.2043820907248445,-1308.1643470657114,5225.163994885032,127.02333097831185,car,0 days 01:10:42.140000
2024-11-30 14:29:56.799,0 days 01:10:42.460000,0 days 00:00:16.945000,10635,172,4,84,False,0,car,1115.414722222223,0.2072224704171412,-1250.9242842569834,5362.390277138805,127.99492179542813,car,0 days 01:10:42.460000
2024-11-30 14:29:57.039,0 days 01:10:42.700000,0 days 00:00:17.185000,11008,179,4,96,False,0,car,1127.3480555555561,0.2094394528223204,-1227.4946886841299,5476.865002161841,128.63800793009062,car,0 days 01:10:42.700000
2024-11-30 14:29:57.199,0 days 01:10:42.860000,0 days 00:00:17.345000,11384,186,4,100,False,0,car,1135.6147222222228,0.21097523951641103,-1220.5983971285423,5558.558211334219,129.03612850448215,car,0 days 01:10:42.860000
2024-11-30 14:29:57.439,0 days 01:10:43.100000,0 days 00:00:17.585000,11537,192,4,100,False,0,car,1148.414722222223,0.21335323181693852,-1219.0444778148549,5688.727784999458,129.180286353979,car,0 days 01:10:43.100000
2024-11-30 14:29:57.639,0 days 01:10:43.300000,0 days 00:00:17.785000,11886,197,4,100,False,0,car,1159.3591666666673,0.21538649780306657,-1220.5145468220285,5799.069176160283,130.10071099074523,car,0 days 01:10:43.300000
2024-11-30 14:29:58.000,0 days 01:10:43.661000,0 days 00:00:18.146000,10772,210,5,100,False,0,car,1180.4175000000007,0.219298728625614,-1225.811379289553,6003.98539613373,129.9988042754926,car,0 days 01:10:43.661000
2024-11-30 14:29:58.240,0 days 01:10:43.901000,0 days 00:00:18.386000,11101,212,5,100,False,0,car,1194.550833333334,0.22192442845744637,-1229.7991199405935,6145.978020033517,130.0001167462001,car,0 days 01:10:43.901000
2024-11-30 14:29:58.599,0 days 01:10:44.260000,0 days 00:00:18.745000,11445,224,5,100,False,0,car,1216.888611111112,0.22607435529857522,-1235.7579992587418,6363.472498305967,129.99576897618593,car,0 days 01:10:44.260000
2024-11-30 14:29:58.879,0 days 01:10:44.540000,0 days 00:00:19.025000,11663,228,5,100,False,0,car,1234.621944444445,0.2293688654649309,-1239.922105253988,6536.964849634513,130.03940901014414,car,0 days 01:10:44.540000
2024-11-30 14:29:59.039,0 days 01:10:44.700000,0 days 00:00:19.185000,11780,232,5,100,False,0,car,1244.9330555555562,0.23128447037368913,-1241.0697591854814,6639.798267522115,130.02905876118106,car,0 days 01:10:44.700000
2024-11-30 14:29:59.279,0 days 01:10:44.940000,0 days 00:00:19.425000,11640,232,5,100,False,0,car,1260.3997222222229,0.23415787773682648,-1235.7419178137905,6849.037178927334,128.9675778085478,car,0 days 01:10:44.940000
2024-11-30 14:29:59.519,0 days 01:10:45.180000,0 days 00:00:19.665000,10907,241,6,100,False,0,car,1276.4663888888895,0.23714275348905103,-1222.197287942945,6962.695916979807,128.11863145727978,car,0 days 01:10:45.180000
2024-11-30 14:29:59.839,0 days 01:10:45.500000,0 days 00:00:19.985000,11072,244,6,100,False,0,car,1298.1552777777783,0.24117212933161142,-1168.9823037893614,7159.873875238008,128.0056588830347,car,0 days 01:10:45.500000
2024-11-30 14:30:00.079,0 days 01:10:45.740000,0 days 00:00:20.225000,11161,248,6,100,False,0,car,1314.6886111111119,0.24424370271979273,-1104.5379406233676,7311.322354301747,128.0055154868579,car,0 days 01:10:45.740000
2024-11-30 14:30:00.239,0 days 01:10:45.900000,0 days 00:00:20.385000,11270,251,6,100,False,0,car,1325.8441666666674,0.2463161890650441,-1050.541271069946,7408.7606103249045,127.99366577769445,car,0 days 01:10:45.900000
2024-11-30 14:30:00.399,0 days 01:10:46.060000,0 days 00:00:20.545000,11381,252,6,100,False,0,car,1337.0441666666675,0.2483969323280056,-989.6964979318227,7501.1708465976335,128.01332245755952,car,0 days 01:10:46.060000
2024-11-30 14:30:00.759,0 days 01:10:46.420000,0 days 00:00:20.905000,11488,256,6,100,False,0,car,1362.6441666666674,0.2531529169290605,-773.7923252904678,7774.2313094020155,126.96030943122912,car,0 days 01:10:46.420000
2024-11-30 14:30:00.919,0 days 01:10:46.580000,0 days 00:00:21.065000,11548,259,6,100,False,0,car,1374.1552777777786,0.25529145861599317,-675.3199178889253,7888.378116504549,126.09539847673821,car,0 days 01:10:46.580000
2024-11-30 14:30:01.119,0 days 01:10:46.780000,0 days 00:00:21.265000,11647,261,6,100,False,0,car,1388.6552777777786,0.25798527801893445,-573.8950296661387,7999.544317774772,125.13416197509365,car,0 days 01:10:46.780000
2024-11-30 14:30:01.599,0 days 01:10:47.260000,0 days 00:00:21.745000,10593,266,7,100,False,0,car,1424.1219444444453,0.2645742983516459,-422.5983665498115,8165.893031318046,124.163209630688,car,0 days 01:10:47.260000
2024-11-30 14:30:01.959,0 days 01:10:47.620000,0 days 00:00:22.105000,10746,268,7,100,False,0,car,1450.9219444444452,0.2695532197308752,-173.28632077328953,8441.322666914068,122.99806713676655,car,0 days 01:10:47.620000
2024-11-30 14:30:02.159,0 days 01:10:47.820000,0 days 00:00:22.305000,10782,271,7,100,False,0,car,1465.9775000000006,0.2723502506051935,-75.97302693194064,8548.805409838327,122.60065758517555,car,0 days 01:10:47.820000
2024-11-30 14:30:02.319,0 days 01:10:47.980000,0 days 00:00:22.465000,10853,271,7,100,False,0,car,1478.0219444444451,0.2745878753046482,-31.99517728825785,8597.249141576673,122.1075040803756,car,0 days 01:10:47.980000
2024-11-30 14:30:02.639,0 days 01:10:48.300000,0 days 00:00:22.785000,10929,276,7,100,False,0,car,1502.5552777777784,0.27914569388065913,126.62687785894659,8772.921426602019,121.89981868066779,car,0 days 01:10:48.300000
2024-11-30 14:30:02.799,0 days 01:10:48.460000,0 days 00:00:22.945000,10854,276,7,100,False,0,car,1514.821944444445,0.2814246031686646,249.69386586228273,8908.438543108314,121.22867169248767,car,0 days 01:10:48.460000
2024-11-30 14:30:02.999,0 days 01:10:48.660000,0 days 00:00:23.145000,10996,277,7,100,False,0,car,1530.210833333334,0.28428356092580914,378.82959292123655,9051.041721939091,120.83979681890068,car,0 days 01:10:48.660000
2024-11-30 14:30:03.399,0 days 01:10:49.060000,0 days 00:00:23.545000,11005,276,7,100,False,0,car,1560.8775000000007,0.2899808341458228,537.614220182573,9226.544333545397,120.90216137005268,car,0 days 01:10:49.060000
2024-11-30 14:30:03.799,0 days 01:10:49.460000,0 days 00:00:23.945000,10847,275,7,100,False,0,car,1591.4330555555562,0.29565746507156104,717.1737082285847,9424.685015056806,122.04459399171768,car,0 days 01:10:49.460000
2024-11-30 14:30:04.039,0 days 01:10:49.700000,0 days 00:00:24.185000,10774,274,7,100,False,0,car,1609.6997222222228,0.29905105825043876,839.3927058511954,9559.721512872522,121.9482446450759,car,0 days 01:10:49.700000
2024-11-30 14:30:04.280,0 days 01:10:49.941000,0 days 00:00:24.426000,10298,263,7,0,True,0,car,1627.3061111111117,0.30232198459558485,960.0856836643353,9692.20342099432,123.07191054643701,car,0 days 01:10:49.941000
2024-11-30 14:30:04.520,0 days 01:10:50.181000,0 days 00:00:24.666000,10915,235,7,0,True,0,car,1642.9727777777784,0.30523254808841793,1071.4498274612288,9811.327344499976,122.01620515184837,car,0 days 01:10:50.181000
2024-11-30 14:30:04.880,0 days 01:10:50.541000,0 days 00:00:25.026000,10612,216,5,4,True,0,car,1664.5727777777784,0.30924541009555795,1230.3220272659341,9957.452728786593,122.041498693269,car,0 days 01:10:50.541000
2024-11-30 14:30:05.040,0 days 01:10:50.701000,0 days 00:00:25.186000,10612,212,5,5,True,0,car,1673.9950000000006,0.3109958766501129,1295.0560525993146,10000.187836240097,122.17863250452602,car,0 days 01:10:50.701000
2024-11-30 14:30:05.359,0 days 01:10:51.020000,0 days 00:00:25.505000,10266,202,5,21,False,0,car,1691.894444444445,0.3143212470464104,1563.7672814711557,10058.572969690089,120.89859231367805,car,0 days 01:10:51.020000
2024-11-30 14:30:05.519,0 days 01:10:51.180000,0 days 00:00:25.665000,9934,201,5,29,False,0,car,1700.8277777777785,0.3159808875061535,1634.7796096644333,10061.411481621559,120.63444357706712,car,0 days 01:10:51.180000
2024-11-30 14:30:05.759,0 days 01:10:51.420000,0 days 00:00:25.905000,9890,196,5,54,False,0,car,1713.8944444444453,0.31840842131294195,1699.1504504198551,10046.157106006667,121.09068523705876,car,0 days 01:10:51.420000
2024-11-30 14:30:05.919,0 days 01:10:51.580000,0 days 00:00:26.065000,10121,194,5,59,False,0,car,1722.5166666666676,0.32001026334871396,1775.3613470094401,10033.103297027505,121.78459248789511,car,0 days 01:10:51.580000
2024-11-30 14:30:06.359,0 days 01:10:52.020000,0 days 00:00:26.505000,10380,199,5,88,False,0,car,1746.8388888888896,0.32452886156560157,2083.2394195415036,9884.38034906512,123.08281574098655,car,0 days 01:10:52.020000
2024-11-30 14:30:06.639,0 days 01:10:52.300000,0 days 00:00:26.785000,10680,206,5,100,False,0,car,1762.861111111112,0.327505480400116,2179.2621321406714,9810.107471554666,124.17878155361632,car,0 days 01:10:52.300000
2024-11-30 14:30:06.839,0 days 01:10:52.500000,0 days 00:00:26.985000,10917,211,5,100,False,0,car,1774.5833333333342,0.3296832424461719,2230.5313940940578,9765.090512723957,123.99259515515332,car,0 days 01:10:52.500000
2024-11-30 14:30:07.079,0 days 01:10:52.740000,0 days 00:00:27.225000,11305,216,5,100,False,0,car,1788.9833333333343,0.3323584837842653,2375.4361932014917,9626.847917145955,124.56036691049427,car,0 days 01:10:52.740000
2024-11-30 14:30:07.439,0 days 01:10:53.100000,0 days 00:00:27.585000,10936,222,5,27,True,0,car,1811.1833333333343,0.33648281418049264,2517.9641207572345,9482.77442433671,125.0787385945277,car,0 days 01:10:53.100000
2024-11-30 14:30:07.799,0 days 01:10:53.460000,0 days 00:00:27.945000,10541,212,5,30,False,0,car,1832.3833333333343,0.34042136392824124,2621.707268146729,9340.990375036603,125.11009359420042,car,0 days 01:10:53.460000
2024-11-30 14:30:07.959,0 days 01:10:53.620000,0 days 00:00:28.105000,10470,209,5,30,False,0,car,1841.6722222222234,0.3421470597296657,2665.589393067942,9261.204760587756,125.80706498288102,car,0 days 01:10:53.620000
2024-11-30 14:30:08.199,0 days 01:10:53.860000,0 days 00:00:28.345000,10235,204,5,30,False,0,car,1855.2722222222233,0.34467367654897607,2713.292003521302,9133.66751773716,125.99297763732625,car,0 days 01:10:53.860000
2024-11-30 14:30:08.599,0 days 01:10:54.260000,0 days 00:00:28.745000,9943,198,5,32,False,0,car,1877.2722222222235,0.3487608508155077,2750.2336681469083,8913.732568058105,128.07110585921106,car,0 days 01:10:54.260000
2024-11-30 14:30:08.759,0 days 01:10:54.420000,0 days 00:00:28.905000,9918,198,5,46,False,0,car,1886.0722222222234,0.35039572052212026,2750.9466745266277,8831.45112334697,129.32022854147215,car,0 days 01:10:54.420000
2024-11-30 14:30:09.079,0 days 01:10:54.740000,0 days 00:00:29.225000,10050,193,5,76,False,0,car,1903.227777777779,0.35358289075824384,2698.7660549550396,8630.787000734821,130.882582388855,car,0 days 01:10:54.740000
2024-11-30 14:30:09.359,0 days 01:10:55.020000,0 days 00:00:29.505000,10383,195,5,100,False,0,car,1918.3944444444455,0.35640056392683755,2609.232131333954,8499.833521158787,131.94246866362693,car,0 days 01:10:55.020000
2024-11-30 14:30:09.639,0 days 01:10:55.300000,0 days 00:00:29.785000,10709,205,5,100,False,0,car,1934.33888888889,0.35936273315535916,2486.6430353280543,8372.357654954312,133.15733402478025,car,0 days 01:10:55.300000
2024-11-30 14:30:10.119,0 days 01:10:55.780000,0 days 00:00:30.265000,11276,218,5,100,False,0,car,1963.4055555555567,0.3647627573378069,2273.545665665259,8169.028217205181,132.83475618103088,car,0 days 01:10:55.780000
2024-11-30 14:30:10.399,0 days 01:10:56.060000,0 days 00:00:30.545000,11511,224,5,100,False,0,car,1980.827777777779,0.3679994690801915,2175.08110162204,8073.956643137729,133.84494701614426,car,0 days 01:10:56.060000
2024-11-30 14:30:10.759,0 days 01:10:56.420000,0 days 00:00:30.905000,11808,231,5,100,False,0,car,2003.9277777777788,0.3722910020600496,1942.1003563168701,7848.736892263878,134.10273494077106,car,0 days 01:10:56.420000
2024-11-30 14:30:11.160,0 days 01:10:56.821000,0 days 00:00:31.306000,11196,239,6,100,False,0,car,2030.5497222222232,0.3772368441627026,1814.8651662140978,7714.642045232649,135.07052609337777,car,0 days 01:10:56.821000
2024-11-30 14:30:11.360,0 days 01:10:57.021000,0 days 00:00:31.506000,10944,242,6,100,False,0,car,2043.9941666666675,0.3797345617700274,1685.1445107830368,7573.809232030474,134.98330621290108,car,0 days 01:10:57.021000
2024-11-30 14:30:11.560,0 days 01:10:57.221000,0 days 00:00:31.706000,11109,244,6,100,False,0,car,2057.549722222223,0.3822529216716276,1576.0168402017155,7453.6574989560395,135.58225163175942,car,0 days 01:10:57.221000
2024-11-30 14:30:11.800,0 days 01:10:57.461000,0 days 00:00:31.946000,10746,240,6,0,False,0,car,2073.549722222223,0.38522541204728694,1471.2977977353778,7334.619014395858,136.18155174611323,car,0 days 01:10:57.461000
2024-11-30 14:30:12.159,0 days 01:10:57.820000,0 days 00:00:32.305000,10786,204,6,0,True,0,car,2093.893055555556,0.38900480970617207,1361.2515890200973,7199.73136234212,135.99039829982326,car,0 days 01:10:57.820000
2024-11-30 14:30:12.519,0 days 01:10:58.180000,0 days 00:00:32.665000,11649,165,6,0,True,0,car,2110.393055555556,0.3920701904060707,1283.8479798753253,7088.482947931507,135.1936576028028,car,0 days 01:10:58.180000
2024-11-30 14:30:12.799,0 days 01:10:58.460000,0 days 00:00:32.945000,10046,143,3,0,True,0,car,2121.5152777777785,0.39413648406303947,1213.6089675955288,6964.386006375311,133.96668079780866,car,0 days 01:10:58.460000
2024-11-30 14:30:13.199,0 days 01:10:58.860000,0 days 00:00:33.345000,8464,121,3,0,True,0,car,2134.959722222223,0.3966342016703643,1168.276628496436,6839.488989356347,133.1322481527565,car,0 days 01:10:58.860000
2024-11-30 14:30:13.399,0 days 01:10:59.060000,0 days 00:00:33.545000,7916,117,3,0,True,0,car,2141.459722222223,0.39784177588547587,1157.0027465022426,6756.315413222159,133.88556413059635,car,0 days 01:10:59.060000
2024-11-30 14:30:13.679,0 days 01:10:59.340000,0 days 00:00:33.825000,7205,107,3,0,True,0,car,2149.781944444445,0.3993878837267042,1173.8695506218185,6666.044937376703,134.72162500265054,car,0 days 01:10:59.340000
2024-11-30 14:30:13.879,0 days 01:10:59.540000,0 days 00:00:34.025000,6930,101,3,0,True,0,car,2155.3930555555557,0.40043031958761244,1193.4823339711418,6623.152588878754,135.02294514983598,car,0 days 01:10:59.540000
2024-11-30 14:30:14.239,0 days 01:10:59.900000,0 days 00:00:34.385000,6645,94,3,0,False,0,car,2164.793055555556,0.4021766576833123,1236.93167414626,6575.2680908642105,134.99865254095138,car,0 days 01:10:59.900000
2024-11-30 14:30:14.399,0 days 01:11:00.060000,0 days 00:00:34.545000,6464,91,3,0,False,0,car,2168.8375000000005,0.40292803719493736,1278.3968442208206,6546.552324822199,135.01060223620135,car,0 days 01:11:00.060000
2024-11-30 14:30:14.759,0 days 01:11:00.420000,0 days 00:00:34.905000,6564,89,3,29,False,0,car,2177.7375000000006,0.40458148496639784,1352.818350534426,6514.155561872101,135.0629180268146,car,0 days 01:11:00.420000
2024-11-30 14:30:14.919,0 days 01:11:00.580000,0 days 00:00:35.065000,6798,90,3,35,False,0,car,2181.7375000000006,0.4053246075603127,1389.4276484163402,6503.9908965308205,135.68590816478059,car,0 days 01:11:00.580000
2024-11-30 14:30:15.279,0 days 01:11:00.940000,0 days 00:00:35.425000,7250,93,3,52,False,0,car,2191.037500000001,0.4070523675911647,1506.706091615269,6500.350446466047,137.08399507106054,car,0 days 01:11:00.940000
2024-11-30 14:30:15.519,0 days 01:11:01.180000,0 days 00:00:35.665000,7381,99,3,58,False,0,car,2197.6375000000007,0.4082785198711241,1553.9109427408089,6505.939160152431,137.69621528131412,car,0 days 01:11:01.180000
2024-11-30 14:30:15.879,0 days 01:11:01.540000,0 days 00:00:36.025000,8027,106,3,69,False,0,car,2208.2375000000006,0.4102477947449984,1651.177462141472,6527.267136372314,139.00519766573115,car,0 days 01:11:01.540000
2024-11-30 14:30:16.079,0 days 01:11:01.740000,0 days 00:00:36.225000,8342,109,3,69,False,0,car,2214.2930555555563,0.4113727997830084,1709.0855019745213,6544.406901816412,139.3991558942597,car,0 days 01:11:01.740000
2024-11-30 14:30:16.239,0 days 01:11:01.900000,0 days 00:00:36.385000,8956,120,3,76,False,0,car,2219.6263888888893,0.4123636299082281,1758.244689725694,6561.741975429877,140.12226583622515,car,0 days 01:11:01.900000
2024-11-30 14:30:16.439,0 days 01:11:02.100000,0 days 00:00:36.585000,9755,124,3,82,False,0,car,2226.5152777777785,0.41364345215330367,1823.2816128009067,6586.511085220502,140.1028175108448,car,0 days 01:11:02.100000
2024-11-30 14:30:16.639,0 days 01:11:02.300000,0 days 00:00:36.785000,10665,138,3,92,False,0,car,2234.181944444445,0.41506777045830706,1892.0571359821122,6612.510651084915,141.14073056401116,car,0 days 01:11:02.300000
2024-11-30 14:30:16.879,0 days 01:11:02.540000,0 days 00:00:37.025000,11381,149,3,100,False,0,car,2244.1152777777784,0.4169131915665289,1982.7982490056932,6647.708999490878,140.86436699208917,car,0 days 01:11:02.540000
2024-11-30 14:30:17.159,0 days 01:11:02.820000,0 days 00:00:37.305000,12094,163,3,100,False,0,car,2256.7930555555563,0.41926847734335343,2097.9309015031968,6692.143131676348,142.01805161341986,car,0 days 01:11:02.820000
2024-11-30 14:30:17.440,0 days 01:11:03.101000,0 days 00:00:37.586000,10834,177,3,100,False,0,car,2270.6088888888894,0.4218351918192938,2218.4906976552056,6739.951515894234,141.99094066588677,car,0 days 01:11:03.101000
2024-11-30 14:30:17.760,0 days 01:11:03.421000,0 days 00:00:37.906000,11491,184,4,100,False,0,car,2286.964444444445,0.4248737375366344,2367.691476224036,6800.334441876279,141.99948996776004,car,0 days 01:11:03.421000
2024-11-30 14:30:18.040,0 days 01:11:03.701000,0 days 00:00:38.186000,11924,192,4,100,False,0,car,2301.897777777778,0.42764806188724974,2504.143503833567,6858.139609425967,142.00001682542234,car,0 days 01:11:03.701000
2024-11-30 14:30:18.280,0 days 01:11:03.941000,0 days 00:00:38.426000,12210,205,4,100,False,0,car,2315.564444444445,0.43018706408312546,2626.1634417263394,6910.825310886953,142.00000079064245,car,0 days 01:11:03.941000
2024-11-30 14:30:18.560,0 days 01:11:04.221000,0 days 00:00:38.706000,10857,211,5,100,False,0,car,2331.975555555556,0.43323593094760376,2773.6556810233305,6977.925126982667,141.99999561107163,car,0 days 01:11:04.221000
2024-11-30 14:30:18.799,0 days 01:11:04.460000,0 days 00:00:38.945000,11247,216,5,100,False,0,car,2346.315555555556,0.43590002544678835,2926.7617758446663,7050.975416352752,142.00022331071477,car,0 days 01:11:04.460000
2024-11-30 14:30:19.159,0 days 01:11:04.820000,0 days 00:00:39.305000,11786,228,5,100,False,0,car,2369.115555555556,0.4401358242321029,3125.724545784601,7144.902373358645,141.9983976104406,car,0 days 01:11:04.820000
2024-11-30 14:30:19.399,0 days 01:11:05.060000,0 days 00:00:39.545000,11812,233,5,100,False,0,car,2384.6488888888894,0.4430216169718055,3234.8176027762843,7194.479337342072,142.00828831349398,car,0 days 01:11:05.060000
2024-11-30 14:30:19.639,0 days 01:11:05.300000,0 days 00:00:39.785000,10932,236,5,100,False,0,car,2400.3822222222225,0.4459445658412038,3398.044026043615,7266.632511350575,141.99358480299657,car,0 days 01:11:05.300000
2024-11-30 14:30:19.879,0 days 01:11:05.540000,0 days 00:00:40.025000,10669,237,6,100,False,0,car,2416.1822222222227,0.4488799000871674,3586.187913184833,7348.233701409025,142.09662441409404,car,0 days 01:11:05.540000
2024-11-30 14:30:20.039,0 days 01:11:05.700000,0 days 00:00:40.185000,10624,238,6,100,False,0,car,2426.7600000000007,0.45084504650218665,3651.7994652141924,7376.357297285996,142.56176151367868,car,0 days 01:11:05.700000
2024-11-30 14:30:20.239,0 days 01:11:05.900000,0 days 00:00:40.385000,10741,240,6,100,False,0,car,2440.0933333333337,0.453322121815236,3752.2834914634423,7418.719782785313,143.38096738230306,car,0 days 01:11:05.900000
2024-11-30 14:30:20.559,0 days 01:11:06.220000,0 days 00:00:40.705000,9967,235,6,0,True,0,car,2460.9822222222224,0.4572028731390134,3952.808712865032,7501.717399147379,144.01546846573976,car,0 days 01:11:06.220000
2024-11-30 14:30:20.799,0 days 01:11:06.460000,0 days 00:00:40.945000,9728,210,6,0,True,0,car,2474.9822222222224,0.4598038022177153,4092.4997488161744,7548.691397407516,144.09972092964688,car,0 days 01:11:06.460000
2024-11-30 14:30:20.959,0 days 01:11:06.620000,0 days 00:00:41.105000,9999,201,6,0,True,0,car,2483.9155555555553,0.4614634426774583,4178.303842897463,7572.062483491071,143.85188027867628,car,0 days 01:11:06.620000
2024-11-30 14:30:21.199,0 days 01:11:06.860000,0 days 00:00:41.345000,10782,181,5,0,True,0,car,2495.982222222222,0.463705195835768,4299.468383357533,7589.893288645744,142.6815929636737,car,0 days 01:11:06.860000
2024-11-30 14:30:21.559,0 days 01:11:07.220000,0 days 00:00:41.705000,9930,167,4,0,True,0,car,2512.6822222222218,0.4668077326653624,4467.606963491192,7577.179809153728,141.99746318375736,car,0 days 01:11:07.220000
2024-11-30 14:30:21.759,0 days 01:11:07.420000,0 days 00:00:41.905000,9305,160,4,0,True,0,car,2521.571111111111,0.4684591162073954,4554.8425679093525,7552.633194279455,141.99082932947468,car,0 days 01:11:07.420000
2024-11-30 14:30:21.959,0 days 01:11:07.620000,0 days 00:00:42.105000,9057,153,4,0,True,0,car,2530.071111111111,0.4700382517194644,4634.449474827713,7519.289717294725,141.99348317992977,car,0 days 01:11:07.620000
2024-11-30 14:30:22.119,0 days 01:11:07.780000,0 days 00:00:42.265000,8582,148,4,0,True,0,car,2536.648888888889,0.4712602755405689,4693.055863619016,7486.0550319034965,142.142742849524,car,0 days 01:11:07.780000
2024-11-30 14:30:22.479,0 days 01:11:08.140000,0 days 00:00:42.625000,8205,141,4,0,True,0,car,2550.748888888889,0.4738797826841186,4805.590747536363,7395.90078306449,140.88792183721546,car,0 days 01:11:08.140000
2024-11-30 14:30:22.639,0 days 01:11:08.300000,0 days 00:00:42.785000,8052,138,4,0,False,0,car,2556.882222222222,0.4750192373281213,4848.132459853457,7350.16825183412,140.9735853680864,car,0 days 01:11:08.300000
2024-11-30 14:30:22.839,0 days 01:11:08.500000,0 days 00:00:42.985000,7946,136,4,0,False,0,car,2564.4377777777777,0.47642291333884934,4895.9989778072095,7287.775205836894,140.9964334121927,car,0 days 01:11:08.500000
2024-11-30 14:30:23.319,0 days 01:11:08.980000,0 days 00:00:43.465000,7976,130,4,0,False,0,car,2581.771111111111,0.4796431112458136,4975.220236346703,7122.353992977583,140.99980272445163,car,0 days 01:11:08.980000
2024-11-30 14:30:23.639,0 days 01:11:09.300000,0 days 00:00:43.785000,8396,136,4,70,False,0,car,2593.8599999999997,0.48188899286297837,4996.251870185365,7017.77270134011,140.9996444443963,car,0 days 01:11:09.300000
2024-11-30 14:30:23.919,0 days 01:11:09.580000,0 days 00:00:44.065000,8971,144,4,76,False,0,car,2605.0599999999995,0.48396973612593985,4992.310793449993,6855.841740260277,140.98845475591662,car,0 days 01:11:09.580000
2024-11-30 14:30:24.080,0 days 01:11:09.741000,0 days 00:00:44.226000,9156,147,4,79,False,0,car,2611.6341666666663,0.48519108907248026,4985.183674809233,6800.372901851126,141.08293881493125,car,0 days 01:11:09.741000
2024-11-30 14:30:24.320,0 days 01:11:09.981000,0 days 00:00:44.466000,9786,157,4,83,False,0,car,2622.100833333333,0.4871355931932241,4963.859473267449,6749.463670415014,140.9788242085663,car,0 days 01:11:09.981000
2024-11-30 14:30:24.480,0 days 01:11:10.141000,0 days 00:00:44.626000,9992,160,4,89,False,0,car,2629.211944444444,0.4884567000268504,4934.689030932102,6685.399260824268,140.30373656105766,car,0 days 01:11:10.141000
2024-11-30 14:30:24.800,0 days 01:11:10.461000,0 days 00:00:44.946000,10904,175,4,100,False,0,car,2644.7674999999995,0.49134662122540806,4854.882289186374,6558.349011410485,139.9928369766712,car,0 days 01:11:10.461000
2024-11-30 14:30:25.000,0 days 01:11:10.661000,0 days 00:00:45.146000,11348,183,4,100,False,0,car,2654.9341666666664,0.4932353911516083,4788.59622203592,6488.632738562383,140.04342196222515,car,0 days 01:11:10.661000
2024-11-30 14:30:25.400,0 days 01:11:11.061000,0 days 00:00:45.546000,11879,196,4,100,False,0,car,2676.7119444444443,0.49728128082958906,4570.440550480431,6292.167451136603,138.06839993576997,car,0 days 01:11:11.061000
2024-11-30 14:30:25.599,0 days 01:11:11.260000,0 days 00:00:45.745000,10899,200,4,100,False,0,car,2687.7675,0.4993351891099926,4534.841930297713,6255.049511730057,137.2475054952019,car,0 days 01:11:11.260000
2024-11-30 14:30:25.759,0 days 01:11:11.420000,0 days 00:00:45.905000,10629,205,5,100,False,0,car,2696.8786111111112,0.5010278572405764,4493.762384154496,6208.736939379329,136.6876993622459,car,0 days 01:11:11.420000
2024-11-30 14:30:25.919,0 days 01:11:11.580000,0 days 00:00:46.065000,10954,211,5,100,False,0,car,2706.256388888889,0.5027700668774211,4426.222626923371,6133.14934326403,136.0554943574214,car,0 days 01:11:11.580000
2024-11-30 14:30:26.079,0 days 01:11:11.740000,0 days 00:00:46.225000,11172,214,5,100,False,0,car,2715.7675000000004,0.5045370472673965,4366.1534957697595,6058.675155580541,135.33247722363836,car,0 days 01:11:11.740000
2024-11-30 14:30:26.439,0 days 01:11:12.100000,0 days 00:00:46.585000,11550,223,5,100,False,0,car,2738.0675000000006,0.5086799557284716,4239.764078010204,5881.684542469326,135.0557560570288,car,0 days 01:11:12.100000
2024-11-30 14:30:26.839,0 days 01:11:12.500000,0 days 00:00:46.985000,11082,229,5,100,False,0,car,2763.511944444445,0.5134070411175409,4091.76028517047,5634.399677675009,134.06455265946988,car,0 days 01:11:12.500000
2024-11-30 14:30:27.159,0 days 01:11:12.820000,0 days 00:00:47.305000,10395,233,6,100,False,0,car,2784.223055555556,0.5172547647704777,3998.2488072122687,5450.604522266156,134.58891002763076,car,0 days 01:11:12.820000
2024-11-30 14:30:27.479,0 days 01:11:13.140000,0 days 00:00:47.625000,10699,237,6,100,False,0,car,2805.2897222222227,0.5211685437650958,3927.55064335112,5283.860433487633,135.71152913985097,car,0 days 01:11:13.140000
2024-11-30 14:30:27.639,0 days 01:11:13.300000,0 days 00:00:47.785000,10790,239,6,100,False,0,car,2815.9119444444445,0.5231419470978251,3895.615026749215,5199.174810828868,136.40493995590703,car,0 days 01:11:13.300000
2024-11-30 14:30:27.919,0 days 01:11:13.580000,0 days 00:00:48.065000,10863,242,6,100,False,0,car,2834.7341666666666,0.5266387517480798,3829.40683454011,4977.442611181885,136.78128833039372,car,0 days 01:11:13.580000
2024-11-30 14:30:28.319,0 days 01:11:13.980000,0 days 00:00:48.465000,10995,244,6,75,False,0,car,2861.845277777778,0.5316754715512804,3732.293706397586,4666.757628242545,135.13936286725658,car,0 days 01:11:13.980000
2024-11-30 14:30:28.599,0 days 01:11:14.260000,0 days 00:00:48.745000,10875,243,6,76,False,0,car,2880.7452777777776,0.5351867258075279,3646.188713118939,4517.950957813163,134.99166473190877,car,0 days 01:11:14.260000
2024-11-30 14:30:28.759,0 days 01:11:14.420000,0 days 00:00:48.905000,10875,243,6,76,False,0,car,2891.5452777777778,0.5371931568110979,3544.3467336504173,4406.863102522794,134.54608010940154,car,0 days 01:11:14.420000
2024-11-30 14:30:29.079,0 days 01:11:14.740000,0 days 00:00:49.225000,10903,242,6,83,False,0,car,2913.0563888888887,0.5411895049828176,3392.167544901631,4270.493067692778,133.89965640638093,car,0 days 01:11:14.740000
2024-11-30 14:30:29.239,0 days 01:11:14.900000,0 days 00:00:49.385000,10943,241,6,100,False,0,car,2923.7674999999995,0.5431794221509673,3330.213977363159,4248.677283611786,133.99195696073386,car,0 days 01:11:14.900000
2024-11-30 14:30:29.479,0 days 01:11:15.140000,0 days 00:00:49.625000,10967,243,6,100,False,0,car,2939.9674999999997,0.5461890686563223,3071.939503363543,4164.77503898508,134.00140749258685,car,0 days 01:11:15.140000
2024-11-30 14:30:29.719,0 days 01:11:15.380000,0 days 00:00:49.865000,11015,245,6,100,False,0,car,2956.3008333333332,0.549223485914808,2976.4199112633473,4138.488004397694,134.09176081661104,car,0 days 01:11:15.380000
2024-11-30 14:30:29.959,0 days 01:11:15.620000,0 days 00:00:50.105000,10950,245,6,100,False,0,car,2972.6341666666663,0.5522579031732935,2872.674640993152,4114.162666881683,133.60358235991453,car,0 days 01:11:15.620000
2024-11-30 14:30:30.119,0 days 01:11:15.780000,0 days 00:00:50.265000,11080,246,6,100,False,0,car,2983.5674999999997,0.554289104929994,2754.7357352332756,4087.3706130189835,133.0820818960241,car,0 days 01:11:15.780000
2024-11-30 14:30:30.359,0 days 01:11:16.020000,0 days 00:00:50.505000,11005,247,6,100,False,0,car,3000.0341666666664,0.55734829294161,2525.400238791759,4046.043998749103,133.00154212057694,car,0 days 01:11:16.020000
2024-11-30 14:30:30.600,0 days 01:11:16.261000,0 days 00:00:50.746000,11045,249,6,76,True,0,car,3016.703333333333,0.560445101534543,2404.815511767527,4025.6404878891335,132.999533876311,car,0 days 01:11:16.261000
2024-11-30 14:30:30.920,0 days 01:11:16.581000,0 days 00:00:51.066000,10883,223,6,0,True,0,car,3036.525555555555,0.5641276868332764,2208.008829545972,3988.767956914862,132.96269968178683,car,0 days 01:11:16.581000
2024-11-30 14:30:31.160,0 days 01:11:16.821000,0 days 00:00:51.306000,10950,204,6,0,True,0,car,3050.125555555555,0.5666543036525868,2070.7208386038556,3960.5452571617425,133.08494992912622,car,0 days 01:11:16.821000
2024-11-30 14:30:31.360,0 days 01:11:17.021000,0 days 00:00:51.506000,10832,190,4,0,True,0,car,3060.6811111111106,0.568615321608751,1968.5186943856593,3933.7811256480736,133.97151997836383,car,0 days 01:11:17.021000
2024-11-30 14:30:31.760,0 days 01:11:17.421000,0 days 00:00:51.906000,9698,169,4,0,True,0,car,3079.4588888888884,0.5721038693412955,1797.9291467541389,3843.490867088137,134.01602832742714,car,0 days 01:11:17.421000
2024-11-30 14:30:32.199,0 days 01:11:17.860000,0 days 00:00:52.345000,8508,149,4,0,False,0,car,3097.628611111111,0.575479452118418,1664.5511238569088,3666.5534169604766,133.075771838995,car,0 days 01:11:17.860000
2024-11-30 14:30:32.399,0 days 01:11:18.060000,0 days 00:00:52.545000,8443,145,4,0,False,0,car,3105.6841666666664,0.5769760184533854,1639.0072759319069,3616.1706778100433,132.87715658733333,car,0 days 01:11:18.060000
2024-11-30 14:30:32.599,0 days 01:11:18.260000,0 days 00:00:52.745000,8203,140,4,3,False,0,car,3113.4619444444443,0.5784209790526642,1619.417387417689,3537.2408904913636,133.31216371155298,car,0 days 01:11:18.260000
2024-11-30 14:30:32.759,0 days 01:11:18.420000,0 days 00:00:52.905000,8187,138,4,10,False,0,car,3119.595277777778,0.5795604336966671,1602.8587614279231,3448.871980775085,133.95246100259772,car,0 days 01:11:18.420000
2024-11-30 14:30:33.199,0 days 01:11:18.860000,0 days 00:00:53.345000,8517,137,4,57,False,0,car,3136.3397222222225,0.5826712274439716,1611.5791272282263,3323.7272492297107,135.00442916255813,car,0 days 01:11:18.860000
2024-11-30 14:30:33.359,0 days 01:11:19.020000,0 days 00:00:53.505000,8634,138,4,73,False,0,car,3142.473055555556,0.5838106820879745,1628.276691424513,3264.8643740493894,135.0040597453838,car,0 days 01:11:19.020000
2024-11-30 14:30:33.679,0 days 01:11:19.340000,0 days 00:00:53.825000,9338,146,4,78,False,0,car,3155.450833333334,0.5862217020593425,1687.1518590050002,3150.156048571853,135.13021173634345,car,0 days 01:11:19.340000
2024-11-30 14:30:33.999,0 days 01:11:19.660000,0 days 00:00:54.145000,9552,152,4,67,False,0,car,3168.9619444444447,0.5887318050432325,1770.0544602637904,3040.3639672177665,136.69385557027502,car,0 days 01:11:19.660000
2024-11-30 14:30:34.239,0 days 01:11:19.900000,0 days 00:00:54.385000,10281,163,4,88,False,0,car,3179.828611111111,0.5907506214233678,1838.4481016317197,2959.050887406478,136.97649701391566,car,0 days 01:11:19.900000
2024-11-30 14:30:34.599,0 days 01:11:20.260000,0 days 00:00:54.745000,10764,172,4,100,False,0,car,3197.028611111111,0.5939460485772015,1950.6846612079178,2839.0148158296192,138.03301601743607,car,0 days 01:11:20.260000
2024-11-30 14:30:35.119,0 days 01:11:20.780000,0 days 00:00:55.265000,11618,196,4,100,False,0,car,3225.339722222222,0.5992057051585764,2211.940622690134,2618.0803671354383,139.38216141371885,car,0 days 01:11:20.780000
2024-11-30 14:30:35.279,0 days 01:11:20.940000,0 days 00:00:55.425000,10555,198,4,100,False,0,car,3234.1397222222217,0.600840574865189,2291.013971902976,2562.7970744979925,139.8342728202134,car,0 days 01:11:20.940000
2024-11-30 14:30:35.479,0 days 01:11:21.140000,0 days 00:00:55.625000,10566,204,5,100,False,0,car,3245.473055555555,0.6029460888812811,2368.496688739151,2510.0349596525034,140.0028255390186,car,0 days 01:11:21.140000
2024-11-30 14:30:35.919,0 days 01:11:21.580000,0 days 00:00:56.065000,11340,220,5,100,False,0,car,3272.361944444444,0.6079415240959307,2528.6733095489585,2411.6669878950456,139.94272272099334,car,0 days 01:11:21.580000
2024-11-30 14:30:36.279,0 days 01:11:21.940000,0 days 00:00:56.425000,11817,225,5,100,False,0,car,3294.861944444444,0.6121215886867016,2813.761490481427,2264.8134015829173,141.61186282374283,car,0 days 01:11:21.940000
2024-11-30 14:30:36.559,0 days 01:11:22.220000,0 days 00:00:56.705000,12048,235,5,100,False,0,car,3313.1397222222217,0.6155172460950069,2971.197653043848,2197.7171389111245,142.0856434124953,car,0 days 01:11:22.220000
2024-11-30 14:30:36.839,0 days 01:11:22.500000,0 days 00:00:56.985000,10949,242,6,100,False,0,car,3331.961944444444,0.6190140507452616,3061.2051858844648,2163.360654380309,143.04221940788563,car,0 days 01:11:22.500000
2024-11-30 14:30:37.160,0 days 01:11:22.821000,0 days 00:00:57.306000,11136,248,6,100,False,0,car,3354.075277777777,0.623122280151954,3273.3408590615654,2094.3827089591337,143.00327919860158,car,0 days 01:11:22.821000
2024-11-30 14:30:37.520,0 days 01:11:23.181000,0 days 00:00:57.666000,11460,254,6,100,False,0,car,3379.475277777777,0.6278411086233132,3516.807435634028,2033.8985665612815,143.13917959515422,car,0 days 01:11:23.181000
2024-11-30 14:30:37.720,0 days 01:11:23.381000,0 days 00:00:57.866000,11553,258,6,100,False,0,car,3393.8086111111106,0.6305039645848414,3671.6637412419864,2006.6182231787407,143.97845212113907,car,0 days 01:11:23.381000
2024-11-30 14:30:37.960,0 days 01:11:23.621000,0 days 00:00:58.106000,11046,260,6,100,False,0,car,3411.141944444444,0.6337241624918056,3953.373304281363,1979.6991878278936,144.07419606531516,car,0 days 01:11:23.621000
2024-11-30 14:30:38.120,0 days 01:11:23.781000,0 days 00:00:58.266000,10570,260,6,100,False,0,car,3422.6974999999993,0.6358709610964485,4004.4664882950356,1977.6837127221759,144.68209206382673,car,0 days 01:11:23.781000
2024-11-30 14:30:38.440,0 days 01:11:24.101000,0 days 00:00:58.586000,10735,268,7,100,False,0,car,3446.5197222222214,0.6402966689890968,4198.395530322916,1976.8607878405446,145.01323502344928,car,0 days 01:11:24.101000
2024-11-30 14:30:38.800,0 days 01:11:24.461000,0 days 00:00:58.946000,10885,273,7,100,False,0,car,3473.8197222222216,0.6453684806925655,4450.289536313154,1983.015201673229,145.19891633284624,car,0 days 01:11:24.461000
2024-11-30 14:30:38.999,0 days 01:11:24.660000,0 days 00:00:59.145000,10975,276,7,100,False,0,car,3489.0763888888887,0.6482028741195224,4615.404585928405,1995.394221292429,145.92594964391128,car,0 days 01:11:24.660000
2024-11-30 14:30:39.399,0 days 01:11:25.060000,0 days 00:00:59.545000,11102,278,7,100,False,0,car,3519.9652777777774,0.6539414319280867,4971.509651519274,2033.7824042618856,147.1146071212232,car,0 days 01:11:25.060000
2024-11-30 14:30:39.679,0 days 01:11:25.340000,0 days 00:00:59.825000,11137,281,7,100,False,0,car,3541.820833333333,0.6580017712120604,5143.899711198899,2052.9210818836395,146.99632070034474,car,0 days 01:11:25.340000
2024-11-30 14:30:39.959,0 days 01:11:25.620000,0 days 00:01:00.105000,11240,284,7,100,False,0,car,3563.9097222222217,0.6621054593140122,5361.9525268697,2078.79921353945,146.99928368726694,car,0 days 01:11:25.620000
2024-11-30 14:30:40.159,0 days 01:11:25.820000,0 days 00:01:00.305000,11299,285,7,100,False,0,car,3579.743055555555,0.6650469862482584,5527.871601022619,2098.157426430311,147.00001612999372,car,0 days 01:11:25.820000
2024-11-30 14:30:40.639,0 days 01:11:26.300000,0 days 00:01:00.785000,11406,289,7,100,False,0,car,3618.2763888888885,0.6722057339029712,5927.795588764546,2146.7641657651698,146.99517349295212,car,0 days 01:11:26.300000
2024-11-30 14:30:40.879,0 days 01:11:26.540000,0 days 00:01:01.025000,11428,289,7,100,False,0,car,3637.5430555555554,0.6757851077303276,6115.259412426718,2175.2611921627304,147.03947620017752,car,0 days 01:11:26.540000
2024-11-30 14:30:41.199,0 days 01:11:26.860000,0 days 00:01:01.345000,11528,292,7,100,False,0,car,3663.498611111111,0.680607147673064,6429.980414357552,2218.0286639009105,146.28765645529984,car,0 days 01:11:26.860000
2024-11-30 14:30:41.679,0 days 01:11:27.340000,0 days 00:01:01.825000,11525,293,7,96,False,0,car,3702.565277777778,0.6878649783402988,6758.527212789648,2211.503216816602,144.0664429847729,car,0 days 01:11:27.340000
2024-11-30 14:30:41.839,0 days 01:11:27.500000,0 days 00:01:01.985000,11525,292,7,87,False,0,car,3715.543055555556,0.6902759983116669,6881.01463631972,2185.8984380197116,143.1598784485312,car,0 days 01:11:27.500000
2024-11-30 14:30:42.079,0 days 01:11:27.740000,0 days 00:01:02.225000,11538,291,7,100,False,0,car,3734.943055555556,0.6938801428921538,7061.953284957527,2118.45228570539,142.16167197563055,car,0 days 01:11:27.740000
2024-11-30 14:30:42.239,0 days 01:11:27.900000,0 days 00:01:02.385000,11518,290,7,100,False,0,car,3747.8319444444446,0.6962746490281015,7174.718078487183,2055.9345738524803,141.2202068762178,car,0 days 01:11:27.900000
2024-11-30 14:30:42.439,0 days 01:11:28.100000,0 days 00:01:02.585000,11563,291,7,100,False,0,car,3763.9986111111116,0.699278102845174,7306.5779391917495,1961.2349503580285,140.94595374322458,car,0 days 01:11:28.100000
2024-11-30 14:30:42.599,0 days 01:11:28.260000,0 days 00:01:02.745000,11602,289,7,100,False,0,car,3776.8430555555556,0.7016643520634116,7402.728029702006,1873.4064259910733,141.00890385474116,car,0 days 01:11:28.260000
2024-11-30 14:30:42.879,0 days 01:11:28.540000,0 days 00:01:03.025000,11435,288,7,100,False,0,car,3799.2430555555557,0.7058258385893346,7549.860690292398,1701.2977351182815,141.00407298910022,car,0 days 01:11:28.540000
2024-11-30 14:30:43.079,0 days 01:11:28.740000,0 days 00:01:03.225000,11389,286,7,100,False,0,car,3815.131944444445,0.7087776866707185,7640.387660565072,1568.6920770596596,140.9769353353073,car,0 days 01:11:28.740000
2024-11-30 14:30:43.279,0 days 01:11:28.940000,0 days 00:01:03.425000,11258,285,7,100,False,0,car,3830.965277777778,0.7117192136049647,7721.629768340618,1431.481045800842,141.047733832778,car,0 days 01:11:28.940000
2024-11-30 14:30:43.720,0 days 01:11:29.381000,0 days 00:01:03.866000,10999,286,7,80,False,0,car,3866.000277777778,0.7182280386244162,7882.5788913843935,1119.7004002621443,139.97453324811752,car,0 days 01:11:29.381000
2024-11-30 14:30:44.080,0 days 01:11:29.741000,0 days 00:01:04.226000,10774,284,7,62,False,0,car,3894.4002777777782,0.7235042090412115,7989.538951610675,873.4422278059775,140.96347453133924,car,0 days 01:11:29.741000
2024-11-30 14:30:44.320,0 days 01:11:29.981000,0 days 00:01:04.466000,10715,274,7,63,False,0,car,3912.6669444444447,0.7268978022200892,8042.829332778551,627.9593912643496,141.8432177373243,car,0 days 01:11:29.981000
2024-11-30 14:30:44.560,0 days 01:11:30.221000,0 days 00:01:04.706000,10750,270,7,78,False,0,car,3930.666944444445,0.730241853892706,8064.93614313871,480.5895728990849,142.75910749220577,car,0 days 01:11:30.221000
2024-11-30 14:30:44.880,0 days 01:11:30.541000,0 days 00:01:05.026000,10592,267,7,87,False,0,car,3954.400277777778,0.7346510479499339,7995.884850423024,250.52020644652322,144.86164118820204,car,0 days 01:11:30.541000
2024-11-30 14:30:45.120,0 days 01:11:30.781000,0 days 00:01:05.266000,10665,266,7,100,False,0,car,3972.133611111112,0.7379455581162897,7912.807465200549,35.89601265840393,146.90333173891617,car,0 days 01:11:30.781000
2024-11-30 14:30:45.320,0 days 01:11:30.981000,0 days 00:01:05.466000,10667,268,7,100,False,0,car,3987.0225,0.7407116255491948,7873.679146797606,-24.334885093885777,147.7023885656205,car,0 days 01:11:30.981000
2024-11-30 14:30:45.599,0 days 01:11:31.260000,0 days 00:01:05.745000,10784,269,7,100,False,0,car,4007.870000000001,0.7445846876183547,7751.458062539599,-220.43573141828287,148.9412427892276,car,0 days 01:11:31.260000
2024-11-30 14:30:45.799,0 days 01:11:31.460000,0 days 00:01:05.945000,10657,269,7,100,False,0,car,4022.8144444444442,0.7473610761983974,7682.674426685712,-322.16119952786784,149.8026981541256,car,0 days 01:11:31.460000
2024-11-30 14:30:45.999,0 days 01:11:31.660000,0 days 00:01:06.145000,10726,271,7,100,False,0,car,4037.87,0.7501581070727158,7580.47691567398,-468.2151396281798,150.4565488798496,car,0 days 01:11:31.660000
2024-11-30 14:30:46.199,0 days 01:11:31.860000,0 days 00:01:06.345000,10744,270,7,100,False,0,car,4052.87,0.7529448167998964,7456.509584764918,-646.2717738879114,151.1052950503441,car,0 days 01:11:31.860000
2024-11-30 14:30:46.359,0 days 01:11:32.020000,0 days 00:01:06.505000,10656,272,7,96,True,0,car,4064.9588888888884,0.7551906984170611,7372.832016692086,-766.7369585389515,151.84374135785845,car,0 days 01:11:32.020000
2024-11-30 14:30:46.639,0 days 01:11:32.300000,0 days 00:01:06.785000,10253,264,7,43,True,0,car,4085.4922222222217,0.7590053943991573,7264.6451299301,-920.9605548716656,152.97772831798306,car,0 days 01:11:32.300000
2024-11-30 14:30:46.999,0 days 01:11:32.660000,0 days 00:01:07.145000,11171,254,6,56,False,0,car,4110.892222222222,0.7637242228705164,7159.508591215386,-1038.2178665729057,153.00134560393911,car,0 days 01:11:32.660000
2024-11-30 14:30:47.159,0 days 01:11:32.820000,0 days 00:01:07.305000,11062,251,6,68,False,0,car,4122.047777777778,0.7657967092157678,7074.567587628241,-1106.3533062832812,152.97230210516852,car,0 days 01:11:32.820000
2024-11-30 14:30:47.359,0 days 01:11:33.020000,0 days 00:01:07.505000,10979,247,6,73,False,0,car,4135.7699999999995,0.7683460325587811,6941.262234588607,-1168.5001184148316,153.26419648203668,car,0 days 01:11:33.020000
2024-11-30 14:30:47.679,0 days 01:11:33.340000,0 days 00:01:07.825000,11028,245,6,82,False,0,car,4157.547777777778,0.7723919222367619,6666.503904200697,-1226.658002629545,155.2540000185644,car,0 days 01:11:33.340000
2024-11-30 14:30:48.079,0 days 01:11:33.740000,0 days 00:01:08.225000,11052,246,6,100,False,0,car,4184.881111111111,0.7774699266285132,6441.963493776926,-1198.2369619519895,156.54505563352902,car,0 days 01:11:33.740000
2024-11-30 14:30:48.479,0 days 01:11:34.140000,0 days 00:01:08.625000,11212,250,6,100,False,0,car,4212.658888888889,0.7826305001973662,6171.462000287768,-1155.8777794589796,159.14589768682518,car,0 days 01:11:34.140000
2024-11-30 14:30:48.719,0 days 01:11:34.380000,0 days 00:01:08.865000,11333,253,6,100,False,0,car,4229.525555555555,0.7857640004683737,5995.273800694073,-1114.5088301967053,158.61127915890177,car,0 days 01:11:34.380000
2024-11-30 14:30:49.079,0 days 01:11:34.740000,0 days 00:01:09.225000,11435,256,6,100,False,0,car,4255.125555555555,0.7905199850694286,5640.112821471139,-1032.9210344717055,157.1942221917667,car,0 days 01:11:34.740000
2024-11-30 14:30:49.359,0 days 01:11:35.020000,0 days 00:01:09.505000,11553,256,6,100,False,0,car,4275.036666666667,0.7942190842035824,5493.484510769347,-997.651817718822,157.00730705528974,car,0 days 01:11:35.020000
2024-11-30 14:30:49.559,0 days 01:11:35.220000,0 days 00:01:09.705000,11615,261,6,100,False,0,car,4289.536666666667,0.7969129036065238,5439.6982541986235,-984.5834198564578,157.1250456870215,car,0 days 01:11:35.220000
2024-11-30 14:30:49.759,0 days 01:11:35.420000,0 days 00:01:09.905000,10555,263,6,100,False,0,car,4304.147777777778,0.7996273653037405,5241.3133423334975,-943.2538309814847,156.44678208231366,car,0 days 01:11:35.420000
2024-11-30 14:30:49.999,0 days 01:11:35.660000,0 days 00:01:10.145000,10672,264,7,100,False,0,car,4321.747777777778,0.8028971047169655,5025.4356703544145,-898.8399948523121,155.51091578689707,car,0 days 01:11:35.660000
2024-11-30 14:30:50.360,0 days 01:11:36.021000,0 days 00:01:10.506000,10592,264,7,100,False,0,car,4348.221111111111,0.8078153377510252,4887.688324472992,-871.8295317529906,154.81770079897277,car,0 days 01:11:36.021000
2024-11-30 14:30:50.920,0 days 01:11:36.581000,0 days 00:01:11.066000,10724,268,7,100,False,0,car,4389.91,0.8155603265631597,4493.7410243817985,-801.3161526368456,153.31831954978557,car,0 days 01:11:36.581000
2024-11-30 14:30:51.080,0 days 01:11:36.741000,0 days 00:01:11.226000,10724,268,7,100,False,0,car,4401.82111111111,0.8177731805094838,4398.419430641037,-785.8954314827498,152.75055819659121,car,0 days 01:11:36.741000
2024-11-30 14:30:51.320,0 days 01:11:36.981000,0 days 00:01:11.466000,11144,251,7,1,True,0,car,4418.554444444443,0.8208819100273607,4262.768966622514,-769.2011118006453,151.80906594111715,car,0 days 01:11:36.981000
2024-11-30 14:30:51.640,0 days 01:11:37.301000,0 days 00:01:11.786000,10536,247,6,26,False,0,car,4440.509999999999,0.8249608273761821,4050.519745241918,-771.9146677441959,149.86665312973997,car,0 days 01:11:37.301000
2024-11-30 14:30:52.040,0 days 01:11:37.701000,0 days 00:01:12.186000,10312,231,6,47,False,0,car,4466.176666666666,0.8297291973538024,3810.2686776541095,-854.7241644230403,149.12273523060992,car,0 days 01:11:37.701000
2024-11-30 14:30:52.399,0 days 01:11:38.060000,0 days 00:01:12.545000,10444,230,6,82,False,0,car,4489.112777777777,0.8339902829496043,3625.6869403192877,-992.5948202897112,147.89555170358597,car,0 days 01:11:38.060000
2024-11-30 14:30:52.599,0 days 01:11:38.260000,0 days 00:01:12.745000,10659,230,6,100,False,0,car,4501.890555555556,0.8363641467912768,3541.380172041145,-1087.2023758339328,148.0310632882743,car,0 days 01:11:38.260000
2024-11-30 14:30:52.759,0 days 01:11:38.420000,0 days 00:01:12.905000,10663,235,6,100,False,0,car,4512.335,0.8383045224531654,3483.0097311900863,-1167.8620600634263,148.02166261721572,car,0 days 01:11:38.420000
2024-11-30 14:30:52.919,0 days 01:11:38.580000,0 days 00:01:13.065000,10771,236,6,100,False,0,car,4522.823888888889,0.8402531550327643,3415.8806071136096,-1274.7651305672193,147.9922907116063,car,0 days 01:11:38.580000
2024-11-30 14:30:53.279,0 days 01:11:38.940000,0 days 00:01:13.425000,11000,242,6,100,False,0,car,4547.023888888889,0.844749046725949,3295.6011083205076,-1487.5815757695646,148.1353747281851,car,0 days 01:11:38.940000
2024-11-30 14:30:53.439,0 days 01:11:39.100000,0 days 00:01:13.585000,11189,248,6,100,False,0,car,4558.046111111111,0.8467967623180698,3252.6394699541825,-1575.3579590349977,147.62073460203112,car,0 days 01:11:39.100000
2024-11-30 14:30:53.599,0 days 01:11:39.260000,0 days 00:01:13.745000,11270,251,6,100,False,0,car,4569.201666666667,0.8488692486633213,3204.0862023132245,-1677.8558256914232,146.9410766263393,car,0 days 01:11:39.260000
2024-11-30 14:30:53.799,0 days 01:11:39.460000,0 days 00:01:13.945000,11337,253,6,100,False,0,car,4583.257222222222,0.8514804988891607,3152.68618851521,-1789.2301352124691,147.16794660594434,car,0 days 01:11:39.460000
2024-11-30 14:30:53.959,0 days 01:11:39.620000,0 days 00:01:14.105000,11340,254,6,100,False,0,car,4594.546111111111,0.8535777559875426,3090.082903171143,-1925.769787558,146.76999583870327,car,0 days 01:11:39.620000
2024-11-30 14:30:54.159,0 days 01:11:39.820000,0 days 00:01:14.305000,11465,257,6,100,False,0,car,4608.823888888889,0.8562302908019331,3010.0458170560605,-2100.632354977756,145.87409492157968,car,0 days 01:11:39.820000
2024-11-30 14:30:54.359,0 days 01:11:40.020000,0 days 00:01:14.505000,11584,259,6,100,False,0,car,4623.212777777777,0.8589034679105988,2980.2750091087455,-2166.7823209598014,145.98575042496387,car,0 days 01:11:40.020000
2024-11-30 14:30:54.719,0 days 01:11:40.380000,0 days 00:01:14.865000,10747,265,6,100,False,0,car,4649.712777777777,0.8638266550952844,2869.396414450655,-2408.350445322189,144.94468402642383,car,0 days 01:11:40.380000
2024-11-30 14:30:54.919,0 days 01:11:40.580000,0 days 00:01:15.065000,10701,268,7,100,False,0,car,4664.601666666666,0.8665927225281896,2810.9722222900555,-2535.0152895385972,145.01914082137625,car,0 days 01:11:40.580000
2024-11-30 14:30:55.279,0 days 01:11:40.940000,0 days 00:01:15.425000,10808,272,7,100,False,0,car,4691.801666666665,0.8716459561668104,2661.2645738994006,-2844.0485674554466,145.0059170709259,car,0 days 01:11:40.940000
2024-11-30 14:30:55.439,0 days 01:11:41.100000,0 days 00:01:15.585000,10864,274,7,100,False,0,car,4703.979444444443,0.8739083516193956,2608.3473046852037,-2950.391589126586,144.96783322319214,car,0 days 01:11:41.100000
2024-11-30 14:30:55.679,0 days 01:11:41.340000,0 days 00:01:15.825000,10921,276,7,100,False,0,car,4722.379444444444,0.877326715551404,2555.2200715250488,-3054.187892963232,145.03960349499,car,0 days 01:11:41.340000
2024-11-30 14:30:55.879,0 days 01:11:41.540000,0 days 00:01:16.025000,10997,277,7,100,False,0,car,4737.7683333333325,0.8801856733085485,2473.511091178573,-3214.452181036596,145.5828071286427,car,0 days 01:11:41.540000
2024-11-30 14:30:56.079,0 days 01:11:41.740000,0 days 00:01:16.225000,11022,279,7,100,False,0,car,4753.268333333332,0.8830652733599682,2403.2832390884328,-3351.791219253234,146.6298595845622,car,0 days 01:11:41.740000
2024-11-30 14:30:56.319,0 days 01:11:41.980000,0 days 00:01:16.465000,11113,282,7,100,False,0,car,4772.068333333333,0.8865579495513681,2332.514143636701,-3488.1908347370922,148.51677016902855,car,0 days 01:11:41.980000
2024-11-30 14:30:56.519,0 days 01:11:42.180000,0 days 00:01:16.665000,11173,282,7,100,False,0,car,4787.735,0.8894685130442013,2227.5071798735307,-3687.7052773954424,150.4295780756468,car,0 days 01:11:42.180000
2024-11-30 14:30:57.000,0 days 01:11:42.661000,0 days 00:01:17.146000,10526,258,7,0,True,0,car,4822.206666666666,0.8958726816316763,2083.5874787669954,-3956.981877194811,152.30482689497975,car,0 days 01:11:42.661000
2024-11-30 14:30:57.360,0 days 01:11:43.021000,0 days 00:01:17.506000,10398,232,7,0,True,0,car,4845.406666666666,0.9001827926763822,1958.3617278933266,-4176.089401239546,154.14180050629372,car,0 days 01:11:43.021000
2024-11-30 14:30:57.560,0 days 01:11:43.221000,0 days 00:01:17.706000,11059,211,7,0,True,0,car,4857.1288888888885,0.9023605547224384,1844.8010257864219,-4346.99866996813,154.9279060299523,car,0 days 01:11:43.221000
2024-11-30 14:30:57.840,0 days 01:11:43.501000,0 days 00:01:17.986000,10656,189,5,0,True,0,car,4871.828888888888,0.9050915302550753,1767.4456058492547,-4439.71192776464,155.04231894659054,car,0 days 01:11:43.501000
2024-11-30 14:30:58.040,0 days 01:11:43.701000,0 days 00:01:18.186000,10120,171,4,0,True,8,car,4881.328888888888,0.906856446415623,1710.6018713023605,-4484.479765039072,155.0061353851598,car,0 days 01:11:43.701000
2024-11-30 14:30:58.240,0 days 01:11:43.901000,0 days 00:01:18.386000,9667,167,4,0,True,8,car,4890.606666666666,0.9085800779876197,1632.3451805632758,-4539.4091192154065,154.93864594779694,car,0 days 01:11:43.901000
2024-11-30 14:30:58.520,0 days 01:11:44.181000,0 days 00:01:18.666000,9159,157,4,0,False,8,car,4902.817777777776,0.9108486661284875,1518.9932472832777,-4588.467350479863,155.96584176359696,car,0 days 01:11:44.181000
2024-11-30 14:30:58.800,0 days 01:11:44.461000,0 days 00:01:18.946000,8955,156,4,3,False,8,car,4914.95111111111,0.9131028046633625,1401.1107417137055,-4612.42325514325,155.88399432359358,car,0 days 01:11:44.461000
2024-11-30 14:30:59.000,0 days 01:11:44.661000,0 days 00:01:19.146000,8976,151,4,36,False,8,car,4923.339999999998,0.914661297881156,1317.7592109607697,-4617.505555358827,157.15739029108929,car,0 days 01:11:44.661000
2024-11-30 14:30:59.159,0 days 01:11:44.820000,0 days 00:01:19.305000,9155,148,4,64,False,8,car,4929.876666666665,0.9158756840533785,1242.4733258104056,-4610.822469687278,157.06636781072095,car,0 days 01:11:44.820000
2024-11-30 14:30:59.439,0 days 01:11:45.100000,0 days 00:01:19.585000,9203,151,4,69,False,8,car,4941.621111111109,0.9180575745582894,1096.1850498686854,-4579.231922822051,158.00141873871272,car,0 days 01:11:45.100000
2024-11-30 14:30:59.639,0 days 01:11:45.300000,0 days 00:01:19.785000,9384,155,4,72,False,8,car,4950.23222222222,0.9196573523646339,1037.9991975327318,-4558.983450012409,157.42538310869048,car,0 days 01:11:45.300000
2024-11-30 14:30:59.919,0 days 01:11:45.580000,0 days 00:01:20.065000,10104,163,4,85,False,8,car,4962.909999999998,0.9220126381414584,946.5576947925159,-4505.509156044317,159.2819849879655,car,0 days 01:11:45.580000
2024-11-30 14:31:00.119,0 days 01:11:45.780000,0 days 00:01:20.265000,10434,169,4,87,False,8,car,4972.298888888887,0.9237569120077307,881.1239999284398,-4461.705733803849,159.77345611823824,car,0 days 01:11:45.780000
2024-11-30 14:31:00.439,0 days 01:11:46.100000,0 days 00:01:20.585000,11215,180,4,100,False,8,car,4988.298888888887,0.92672940238339,722.6799976797392,-4286.9498119157315,161.13908696361491,car,0 days 01:11:46.100000
2024-11-30 14:31:00.599,0 days 01:11:46.260000,0 days 00:01:20.745000,11436,188,4,100,False,8,car,4996.654444444443,0.928281702912901,676.6377237388051,-4225.950796260336,161.6945152275421,car,0 days 01:11:46.260000
2024-11-30 14:31:00.839,0 days 01:11:46.500000,0 days 00:01:20.985000,11870,194,4,100,False,8,car,5009.587777777776,0.930684465966559,641.9453908693198,-4163.169639740574,161.98332281685015,car,0 days 01:11:46.500000
2024-11-30 14:31:01.079,0 days 01:11:46.740000,0 days 00:01:21.225000,12238,201,4,100,False,8,car,5022.987777777776,0.9331739266561735,574.6296864105522,-4044.09603547163,161.96262752581023,car,0 days 01:11:46.740000
2024-11-30 14:31:01.439,0 days 01:11:47.100000,0 days 00:01:21.585000,10865,212,5,100,False,8,car,5044.187777777775,0.9371124764039221,460.8790932160674,-3827.9343714977103,163.02553873544954,car,0 days 01:11:47.100000
2024-11-30 14:31:01.839,0 days 01:11:47.500000,0 days 00:01:21.985000,11389,222,5,100,False,8,car,5068.854444444442,0.9416950657330636,348.6821323234126,-3614.6644737973174,163.0049467613735,car,0 days 01:11:47.500000
2024-11-30 14:31:01.999,0 days 01:11:47.660000,0 days 00:01:22.145000,11622,227,5,100,False,8,car,5078.943333333331,0.9435693860532709,301.67142461733323,-3527.8129708509714,163.14997780910522,car,0 days 01:11:47.660000
2024-11-30 14:31:02.319,0 days 01:11:47.980000,0 days 00:01:22.465000,11914,233,5,100,False,8,car,5099.654444444443,0.9474171097062077,204.65374427792037,-3349.81169325547,161.70900570487632,car,0 days 01:11:47.980000
2024-11-30 14:31:02.639,0 days 01:11:48.300000,0 days 00:01:22.785000,10958,239,5,100,False,8,car,5120.898888888886,0.9513639163716664,80.49404861341061,-3124.4470576704944,159.2729177810425,car,0 days 01:11:48.300000
2024-11-30 14:31:03.079,0 days 01:11:48.740000,0 days 00:01:23.225000,11094,247,6,100,False,8,car,5151.087777777775,0.9569724277262958,-81.73369066551001,-2831.4886660716447,155.8014356331016,car,0 days 01:11:48.740000
2024-11-30 14:31:03.399,0 days 01:11:49.060000,0 days 00:01:23.545000,11368,254,6,100,False,8,car,5173.6655555555535,0.9611669419230596,-196.48190518326243,-2625.6184066314654,153.5841573692524,car,0 days 01:11:49.060000
2024-11-30 14:31:03.680,0 days 01:11:49.341000,0 days 00:01:23.826000,11474,257,6,100,False,8,car,5193.725833333331,0.9648937533372781,-258.3346506081552,-2515.3306009718553,151.90416292498685,car,0 days 01:11:49.341000
2024-11-30 14:31:04.040,0 days 01:11:49.701000,0 days 00:01:24.186000,11452,263,6,100,False,8,car,5220.025833333332,0.9697797843922683,-393.55885298563584,-2271.7152548897966,148.92651347974598,car,0 days 01:11:49.701000
2024-11-30 14:31:04.360,0 days 01:11:50.021000,0 days 00:01:24.506000,10572,266,7,100,False,8,car,5243.670277777776,0.9741724646140759,-534.0195324874514,-2017.0639325688362,146.80644115686215,car,0 days 01:11:50.021000
2024-11-30 14:31:04.560,0 days 01:11:50.221000,0 days 00:01:24.706000,10706,269,7,100,False,8,car,5258.614722222221,0.9769488531941188,-601.4968539018928,-1894.3655031196172,146.04269766466066,car,0 days 01:11:50.221000
2024-11-30 14:31:04.800,0 days 01:11:50.461000,0 days 00:01:24.946000,10838,273,7,100,False,8,car,5276.814722222221,0.9803300609964312,-660.2294597328566,-1787.7358954883207,145.26029625993914,car,0 days 01:11:50.461000
2024-11-30 14:31:04.960,0 days 01:11:50.621000,0 days 00:01:25.106000,10881,273,7,100,False,8,car,5288.948055555554,0.9825841995313062,-703.1614733864674,-1709.0710526306061,145.00520323021487,car,0 days 01:11:50.621000
2024-11-30 14:31:05.240,0 days 01:11:50.901000,0 days 00:01:25.386000,10909,276,7,100,False,10,car,5310.414722222221,0.9865722907853158,-807.3282368786013,-1517.4956282140834,144.74770737073428,car,0 days 01:11:50.901000
2024-11-30 14:31:05.560,0 days 01:11:51.221000,0 days 00:01:25.706000,11057,279,7,100,False,14,car,5335.214722222221,0.9911796508675877,-937.3707490767885,-1282.2117691051524,143.30702162714414,car,0 days 01:11:51.221000
2024-11-30 14:31:05.759,0 days 01:11:51.420000,0 days 00:01:25.905000,11214,282,7,100,False,12,car,5350.803055555554,0.9940756615429567,-1025.1674487737337,-1123.6379109331897,142.5497330767016,car,0 days 01:11:51.420000
