Date_x,SessionTime_x,Time,RPM_x,Speed_x,nGear_x,Throttle_x,Brake_x,DRS_x,Source_x,Distance,RelativeDistance,X,Y,Z,Source_y,SessionTime_y
2024-10-27 21:27:42.833,0 days 02:20:09.682000,0 days 00:00:00.118000,10847,261,7,100,False,8,car,8.735,0.0020587034920969117,43,1177,22270,car,0 days 02:20:09.682000
2024-10-27 21:27:43.033,0 days 02:20:09.882000,0 days 00:00:00.318000,10973,265,7,100,False,8,car,23.45722222222222,0.00552850203821204,140,1162,22271,car,0 days 02:20:09.882000
2024-10-27 21:27:43.353,0 days 02:20:10.202000,0 days 00:00:00.638000,11164,272,7,100,False,8,car,47.635,0.011226827801492431,318,1132,22270,car,0 days 02:20:10.202000
2024-10-27 21:27:43.712,0 days 02:20:10.561000,0 days 00:00:00.997000,11470,277,7,100,False,8,car,75.25805555555556,0.01773715189246086,608,1083,22272,car,0 days 02:20:10.561000
2024-10-27 21:27:44.192,0 days 02:20:11.041000,0 days 00:00:01.477000,11775,285,7,100,False,8,car,113.25805555555556,0.026693160215263682,975,1023,22271,car,0 days 02:20:11.041000
2024-10-27 21:27:44.352,0 days 02:20:11.201000,0 days 00:00:01.637000,11775,289,7,100,False,8,car,126.10249999999999,0.029720395777006386,1089,1004,22270,car,0 days 02:20:11.201000
2024-10-27 21:27:44.512,0 days 02:20:11.361000,0 days 00:00:01.797000,11899,289,7,100,False,8,car,138.94694444444443,0.03274763133874909,1215,984,22270,car,0 days 02:20:11.361000
2024-10-27 21:27:44.712,0 days 02:20:11.561000,0 days 00:00:01.997000,11686,289,7,100,False,14,car,155.0025,0.03653167579092748,1373,958,22271,car,0 days 02:20:11.561000
2024-10-27 21:27:44.952,0 days 02:20:11.801000,0 days 00:00:02.237000,10681,297,8,100,False,14,car,174.8025,0.04119822749596685,1565,929,22271,car,0 days 02:20:11.801000
2024-10-27 21:27:45.112,0 days 02:20:11.961000,0 days 00:00:02.397000,10742,298,8,100,False,12,car,188.04694444444442,0.04431973682952853,1694,909,22271,car,0 days 02:20:11.961000
2024-10-27 21:27:45.312,0 days 02:20:12.161000,0 days 00:00:02.597000,10892,301,8,100,False,12,car,204.76916666666665,0.04826090423473854,1920,875,22270,car,0 days 02:20:12.161000
2024-10-27 21:27:45.712,0 days 02:20:12.561000,0 days 00:00:02.997000,11034,307,8,100,False,12,car,238.88027777777774,0.05630036199819019,2192,834,22271,car,0 days 02:20:12.561000
2024-10-27 21:27:45.872,0 days 02:20:12.721000,0 days 00:00:03.157000,11034,309,8,100,False,12,car,252.61361111111108,0.05953709483064174,2333,813,22271,car,0 days 02:20:12.721000
2024-10-27 21:27:46.152,0 days 02:20:13.001000,0 days 00:00:03.437000,11223,314,8,100,False,12,car,277.0358333333333,0.06529303234336706,2529,783,22270,car,0 days 02:20:13.001000
2024-10-27 21:27:46.552,0 days 02:20:13.401000,0 days 00:00:03.837000,11348,319,8,100,False,12,car,312.48027777777776,0.07364673601288198,3016,709,22270,car,0 days 02:20:13.401000
2024-10-27 21:27:46.792,0 days 02:20:13.641000,0 days 00:00:04.077000,11488,320,8,100,False,12,car,333.8136111111111,0.07867467050989409,3151,689,22271,car,0 days 02:20:13.641000
2024-10-27 21:27:47.233,0 days 02:20:14.082000,0 days 00:00:04.518000,11652,325,8,100,False,12,car,373.6261111111111,0.08805785686125164,3555,629,22270,car,0 days 02:20:14.082000
2024-10-27 21:27:47.593,0 days 02:20:14.442000,0 days 00:00:04.878000,11652,328,8,100,False,12,car,406.4261111111111,0.09578830615040776,3857,588,22270,car,0 days 02:20:14.442000
2024-10-27 21:27:47.833,0 days 02:20:14.682000,0 days 00:00:05.118000,11838,330,8,100,False,12,car,428.4261111111111,0.1009733636004515,4074,560,22269,car,0 days 02:20:14.682000
2024-10-27 21:27:48.113,0 days 02:20:14.962000,0 days 00:00:05.398000,11867,332,8,100,False,12,car,454.2483333333332,0.10705925931454323,4330,530,22269,car,0 days 02:20:14.962000
2024-10-27 21:27:48.313,0 days 02:20:15.162000,0 days 00:00:05.598000,11951,334,8,100,False,12,car,472.80388888888876,0.11143251484059022,4514,509,22270,car,0 days 02:20:15.162000
2024-10-27 21:27:48.553,0 days 02:20:15.402000,0 days 00:00:05.838000,11986,336,8,100,False,12,car,495.2038888888888,0.11671184606245294,4746,482,22268,car,0 days 02:20:15.402000
2024-10-27 21:27:48.753,0 days 02:20:15.602000,0 days 00:00:06.038000,12006,338,8,100,False,12,car,513.9816666666666,0.12113747590617714,4927,462,22269,car,0 days 02:20:15.602000
2024-10-27 21:27:48.953,0 days 02:20:15.802000,0 days 00:00:06.238000,12087,339,8,100,False,12,car,532.8149999999999,0.12557619932932065,5146,437,22270,car,0 days 02:20:15.802000
2024-10-27 21:27:49.193,0 days 02:20:16.042000,0 days 00:00:06.478000,12093,340,8,100,False,12,car,555.4816666666666,0.130918379732396,5378,410,22269,car,0 days 02:20:16.042000
2024-10-27 21:27:49.393,0 days 02:20:16.242000,0 days 00:00:06.678000,12164,341,8,100,False,12,car,574.426111111111,0.13538329031437812,5528,392,22269,car,0 days 02:20:16.242000
2024-10-27 21:27:49.593,0 days 02:20:16.442000,0 days 00:00:06.878000,12173,341,8,100,False,12,car,593.3705555555555,0.13984820089636024,5720,370,22269,car,0 days 02:20:16.442000
2024-10-27 21:27:49.793,0 days 02:20:16.642000,0 days 00:00:07.078000,12247,343,8,100,False,12,car,612.426111111111,0.14433929863718095,5900,349,22270,car,0 days 02:20:16.642000
2024-10-27 21:27:50.073,0 days 02:20:16.922000,0 days 00:00:07.358000,12274,343,8,100,False,12,car,639.1038888888887,0.15062683547432992,6166,318,22269,car,0 days 02:20:16.922000
2024-10-27 21:27:50.233,0 days 02:20:17.082000,0 days 00:00:07.518000,12334,344,8,100,False,12,car,654.3927777777776,0.15423018853052192,6318,301,22268,car,0 days 02:20:17.082000
2024-10-27 21:27:50.672,0 days 02:20:17.521000,0 days 00:00:07.957000,12367,346,8,100,False,12,car,696.5855555555554,0.1641743692920995,6746,252,22269,car,0 days 02:20:17.521000
2024-10-27 21:27:51.072,0 days 02:20:17.921000,0 days 00:00:08.357000,12359,347,8,100,False,12,car,735.141111111111,0.17326131340909534,7119,205,22269,car,0 days 02:20:17.921000
2024-10-27 21:27:51.312,0 days 02:20:18.161000,0 days 00:00:08.597000,12413,348,8,100,False,12,car,758.341111111111,0.17872919217459604,7351,174,22268,car,0 days 02:20:18.161000
2024-10-27 21:27:51.752,0 days 02:20:18.601000,0 days 00:00:09.037000,12438,351,8,100,False,12,car,801.2411111111111,0.18884005420218133,7873,105,22267,car,0 days 02:20:18.601000
2024-10-27 21:27:52.072,0 days 02:20:18.921000,0 days 00:00:09.357000,12483,352,8,100,False,12,car,832.5299999999999,0.19621435813113242,8089,76,22267,car,0 days 02:20:18.921000
2024-10-27 21:27:52.232,0 days 02:20:19.081000,0 days 00:00:09.517000,12476,351,8,100,False,12,car,848.1299999999999,0.19989103523207252,8248,55,22268,car,0 days 02:20:19.081000
2024-10-27 21:27:52.592,0 days 02:20:19.441000,0 days 00:00:09.877000,12554,352,8,100,False,12,car,883.33,0.20818712715214255,8580,12,22267,car,0 days 02:20:19.441000
2024-10-27 21:27:52.872,0 days 02:20:19.721000,0 days 00:00:10.157000,12589,353,8,100,False,12,car,910.7855555555556,0.21465797410116177,8861,-24,22268,car,0 days 02:20:19.721000
2024-10-27 21:27:53.112,0 days 02:20:19.961000,0 days 00:00:10.397000,12660,353,8,100,False,12,car,934.3188888888889,0.22020441434317825,9084,-53,22267,car,0 days 02:20:19.961000
2024-10-27 21:27:53.272,0 days 02:20:20.121000,0 days 00:00:10.557000,12588,354,8,100,False,12,car,950.0522222222222,0.22391251603472467,9274,-78,22268,car,0 days 02:20:20.121000
2024-10-27 21:27:53.552,0 days 02:20:20.401000,0 days 00:00:10.837000,12663,354,8,100,False,12,car,977.5855555555555,0.23040169399493093,9571,-117,22267,car,0 days 02:20:20.401000
2024-10-27 21:27:53.833,0 days 02:20:20.682000,0 days 00:00:11.118000,12272,354,8,70,True,12,car,1005.2172222222223,0.23691404759070936,9811,-149,22268,car,0 days 02:20:20.682000
2024-10-27 21:27:54.033,0 days 02:20:20.882000,0 days 00:00:11.318000,11546,345,8,2,True,8,car,1024.3838888888888,0.24143133249036866,10055,-180,22267,car,0 days 02:20:20.882000
2024-10-27 21:27:54.353,0 days 02:20:21.202000,0 days 00:00:11.638000,10569,290,8,0,True,8,car,1050.1616666666666,0.24750675334092495,10248,-206,22265,car,0 days 02:20:21.202000
2024-10-27 21:27:54.553,0 days 02:20:21.402000,0 days 00:00:11.838000,10429,266,8,0,True,8,car,1064.9394444444445,0.2509896454664594,10416,-226,22265,car,0 days 02:20:21.402000
2024-10-27 21:27:54.833,0 days 02:20:21.682000,0 days 00:00:12.118000,10257,245,7,0,True,8,car,1083.9950000000001,0.25548074320728015,10661,-257,22266,car,0 days 02:20:21.682000
2024-10-27 21:27:55.073,0 days 02:20:21.922000,0 days 00:00:12.358000,10287,225,7,0,True,8,car,1098.9950000000001,0.25901600965049176,10743,-267,22267,car,0 days 02:20:21.922000
2024-10-27 21:27:55.313,0 days 02:20:22.162000,0 days 00:00:12.598000,9929,195,6,0,True,8,car,1111.9950000000001,0.26207990723460856,10939,-297,22268,car,0 days 02:20:22.162000
2024-10-27 21:27:55.553,0 days 02:20:22.402000,0 days 00:00:12.838000,10882,171,5,0,True,8,car,1123.395,0.26476670973144933,11031,-312,22267,car,0 days 02:20:22.402000
2024-10-27 21:27:55.873,0 days 02:20:22.722000,0 days 00:00:13.158000,9470,150,4,0,True,8,car,1136.7283333333332,0.2679091687920819,11129,-336,22267,car,0 days 02:20:22.722000
2024-10-27 21:27:56.033,0 days 02:20:22.882000,0 days 00:00:13.318000,9826,145,4,0,True,8,car,1143.1727777777776,0.26942802400472093,11192,-354,22268,car,0 days 02:20:22.882000
2024-10-27 21:27:56.393,0 days 02:20:23.242000,0 days 00:00:13.678000,8902,128,3,0,True,8,car,1155.9727777777775,0.2724447847029282,11313,-404,22266,car,0 days 02:20:23.242000
2024-10-27 21:27:56.673,0 days 02:20:23.522000,0 days 00:00:13.958000,8132,117,3,0,True,8,car,1165.0727777777774,0.2745895130118099,11391,-450,22265,car,0 days 02:20:23.522000
2024-10-27 21:27:56.992,0 days 02:20:23.841000,0 days 00:00:14.277000,7603,109,3,0,True,8,car,1174.7313888888884,0.2768658972617527,11491,-532,22265,car,0 days 02:20:23.841000
2024-10-27 21:27:57.232,0 days 02:20:24.081000,0 days 00:00:14.517000,7220,105,3,0,True,8,car,1181.7313888888884,0.2785156882685848,11512,-562,22266,car,0 days 02:20:24.081000
2024-10-27 21:27:57.672,0 days 02:20:24.521000,0 days 00:00:14.957000,6813,96,3,0,False,8,car,1193.4647222222218,0.28128105224194144,11571,-666,22265,car,0 days 02:20:24.521000
2024-10-27 21:27:57.952,0 days 02:20:24.801000,0 days 00:00:15.237000,6999,94,3,12,False,8,car,1200.775833333333,0.2830041672935217,11605,-784,22266,car,0 days 02:20:24.801000
2024-10-27 21:27:58.312,0 days 02:20:25.161000,0 days 00:00:15.597000,7240,93,3,31,False,8,car,1210.0758333333329,0.2851960324883129,11609,-829,22265,car,0 days 02:20:25.161000
2024-10-27 21:27:58.752,0 days 02:20:25.601000,0 days 00:00:16.037000,7640,100,3,42,False,8,car,1222.298055555555,0.2880766199605594,11602,-962,22265,car,0 days 02:20:25.601000
2024-10-27 21:27:58.992,0 days 02:20:25.841000,0 days 00:00:16.277000,7947,102,3,49,False,8,car,1229.098055555555,0.289679274081482,11588,-1044,22266,car,0 days 02:20:25.841000
2024-10-27 21:27:59.312,0 days 02:20:26.161000,0 days 00:00:16.597000,7629,109,3,0,True,8,car,1238.7869444444439,0.2919627943322083,11576,-1108,22265,car,0 days 02:20:26.161000
2024-10-27 21:27:59.752,0 days 02:20:26.601000,0 days 00:00:17.037000,7449,102,3,8,True,8,car,1251.2536111111106,0.29490099355389976,11564,-1238,22268,car,0 days 02:20:26.601000
2024-10-27 21:27:59.992,0 days 02:20:26.841000,0 days 00:00:17.277000,7422,99,3,10,False,8,car,1257.8536111111107,0.2964565107889129,11570,-1299,22267,car,0 days 02:20:26.841000
2024-10-27 21:28:00.393,0 days 02:20:27.242000,0 days 00:00:17.678000,6826,98,3,0,False,8,car,1268.7697222222218,0.29902926820901166,11608,-1402,22268,car,0 days 02:20:27.242000
2024-10-27 21:28:00.673,0 days 02:20:27.522000,0 days 00:00:17.958000,7160,98,3,8,False,8,car,1276.391944444444,0.3008257073053399,11652,-1465,22266,car,0 days 02:20:27.522000
2024-10-27 21:28:00.993,0 days 02:20:27.842000,0 days 00:00:18.278000,7023,97,3,18,False,8,car,1285.0141666666664,0.3028578308312157,11716,-1523,22266,car,0 days 02:20:27.842000
2024-10-27 21:28:01.353,0 days 02:20:28.202000,0 days 00:00:18.638000,7503,102,3,46,False,8,car,1295.2141666666664,0.3052618120125996,11852,-1614,22265,car,0 days 02:20:28.202000
2024-10-27 21:28:01.513,0 days 02:20:28.362000,0 days 00:00:18.798000,7876,106,3,53,False,8,car,1299.9252777777774,0.3063721475473564,11893,-1645,22265,car,0 days 02:20:28.362000
2024-10-27 21:28:01.793,0 days 02:20:28.642000,0 days 00:00:19.078000,8515,113,3,47,False,8,car,1308.7141666666664,0.3084435518114901,11932,-1682,22266,car,0 days 02:20:28.642000
2024-10-27 21:28:02.073,0 days 02:20:28.922000,0 days 00:00:19.358000,8530,113,3,25,False,8,car,1317.5030555555554,0.31051495607562374,11972,-1743,22265,car,0 days 02:20:28.922000
2024-10-27 21:28:02.313,0 days 02:20:29.162000,0 days 00:00:19.598000,9047,113,3,37,False,8,car,1325.0363888888887,0.31229044544488116,12002,-1831,22267,car,0 days 02:20:29.162000
2024-10-27 21:28:02.633,0 days 02:20:29.482000,0 days 00:00:19.918000,9077,116,3,54,False,8,car,1335.3474999999999,0.3147206137851037,12014,-1924,22268,car,0 days 02:20:29.482000
2024-10-27 21:28:02.953,0 days 02:20:29.802000,0 days 00:00:20.238000,9683,121,3,59,False,8,car,1346.1030555555553,0.3172555307606806,12009,-2033,22268,car,0 days 02:20:29.802000
2024-10-27 21:28:03.273,0 days 02:20:30.122000,0 days 00:00:20.558000,10248,133,3,77,False,8,car,1357.9252777777776,0.32004184446110817,11980,-2187,22267,car,0 days 02:20:30.122000
2024-10-27 21:28:03.593,0 days 02:20:30.442000,0 days 00:00:20.878000,11305,141,3,76,False,8,car,1370.458611111111,0.32299575597810276,11961,-2257,22268,car,0 days 02:20:30.442000
2024-10-27 21:28:03.752,0 days 02:20:30.601000,0 days 00:00:21.037000,11959,153,3,100,False,8,car,1377.2161111111109,0.32458839351076957,11942,-2329,22267,car,0 days 02:20:30.601000
2024-10-27 21:28:03.992,0 days 02:20:30.841000,0 days 00:00:21.277000,11332,163,3,100,False,8,car,1388.0827777777777,0.32714949764518514,11914,-2422,22268,car,0 days 02:20:30.841000
2024-10-27 21:28:04.152,0 days 02:20:31.001000,0 days 00:00:21.437000,11041,172,4,100,False,8,car,1395.727222222222,0.3289511741732811,11890,-2493,22267,car,0 days 02:20:31.001000
2024-10-27 21:28:04.352,0 days 02:20:31.201000,0 days 00:00:21.637000,11490,181,4,100,False,8,car,1405.7827777777775,0.3313211120481748,11858,-2583,22268,car,0 days 02:20:31.201000
2024-10-27 21:28:04.632,0 days 02:20:31.481000,0 days 00:00:21.917000,11617,185,4,100,False,8,car,1420.1716666666664,0.33471234911777414,11795,-2745,22267,car,0 days 02:20:31.481000
2024-10-27 21:28:04.872,0 days 02:20:31.721000,0 days 00:00:22.157000,10956,200,5,100,False,8,car,1433.5049999999997,0.33785480817840674,11746,-2857,22268,car,0 days 02:20:31.721000
2024-10-27 21:28:05.152,0 days 02:20:32.001000,0 days 00:00:22.437000,11553,211,5,100,False,8,car,1449.916111111111,0.34172265153886866,11681,-2996,22267,car,0 days 02:20:32.001000
2024-10-27 21:28:05.352,0 days 02:20:32.201000,0 days 00:00:22.637000,11674,218,5,100,False,14,car,1462.027222222222,0.3445770518522766,11623,-3111,22268,car,0 days 02:20:32.201000
2024-10-27 21:28:05.712,0 days 02:20:32.561000,0 days 00:00:22.997000,10937,227,6,100,False,12,car,1484.727222222222,0.3499270884030035,11510,-3312,22268,car,0 days 02:20:32.561000
2024-10-27 21:28:05.992,0 days 02:20:32.841000,0 days 00:00:23.277000,11241,234,6,100,False,12,car,1502.927222222222,0.354216545020767,11398,-3497,22267,car,0 days 02:20:32.841000
2024-10-27 21:28:06.192,0 days 02:20:33.041000,0 days 00:00:23.477000,11550,243,6,100,False,12,car,1516.427222222222,0.35739828481965746,11348,-3578,22267,car,0 days 02:20:33.041000
2024-10-27 21:28:06.512,0 days 02:20:33.361000,0 days 00:00:23.797000,11836,250,6,100,False,12,car,1538.6494444444443,0.3626357165873784,11236,-3752,22268,car,0 days 02:20:33.361000
2024-10-27 21:28:06.672,0 days 02:20:33.521000,0 days 00:00:23.957000,11136,256,6,100,False,12,car,1550.027222222222,0.36531728165245153,11174,-3847,22268,car,0 days 02:20:33.521000
2024-10-27 21:28:06.913,0 days 02:20:33.762000,0 days 00:00:24.198000,10828,260,7,100,False,12,car,1567.4327777777776,0.36941950008451896,11079,-3991,22268,car,0 days 02:20:33.762000
2024-10-27 21:28:07.153,0 days 02:20:34.002000,0 days 00:00:24.438000,10975,266,7,100,False,12,car,1585.1661111111107,0.37359897063516023,10982,-4138,22269,car,0 days 02:20:34.002000
2024-10-27 21:28:07.353,0 days 02:20:34.202000,0 days 00:00:24.638000,11157,271,7,100,False,12,car,1600.2216666666664,0.3771473306577912,10902,-4264,22270,car,0 days 02:20:34.202000
2024-10-27 21:28:07.673,0 days 02:20:34.522000,0 days 00:00:24.958000,11348,276,7,100,False,12,car,1624.7549999999994,0.3829294553293551,10773,-4471,22270,car,0 days 02:20:34.522000
2024-10-27 21:28:07.873,0 days 02:20:34.722000,0 days 00:00:25.158000,11518,281,7,100,False,12,car,1640.3661111111107,0.3866087511461791,10695,-4601,22271,car,0 days 02:20:34.722000
2024-10-27 21:28:08.033,0 days 02:20:34.882000,0 days 00:00:25.318000,11623,282,7,100,False,12,car,1652.899444444444,0.3895626626631737,10629,-4713,22270,car,0 days 02:20:34.882000
2024-10-27 21:28:08.313,0 days 02:20:35.162000,0 days 00:00:25.598000,11780,287,7,100,False,12,car,1675.2216666666661,0.39482366287384935,10493,-4946,22271,car,0 days 02:20:35.162000
2024-10-27 21:28:08.473,0 days 02:20:35.322000,0 days 00:00:25.758000,11951,290,7,100,False,12,car,1688.110555555555,0.3978613732991275,10412,-5083,22271,car,0 days 02:20:35.322000
2024-10-27 21:28:08.713,0 days 02:20:35.562000,0 days 00:00:25.998000,10655,294,7,100,False,12,car,1707.7105555555552,0.40248078811825744,10299,-5276,22270,car,0 days 02:20:35.562000
2024-10-27 21:28:08.993,0 days 02:20:35.842000,0 days 00:00:26.278000,10714,298,8,100,False,12,car,1730.8883333333326,0.4079434294519903,10177,-5480,22271,car,0 days 02:20:35.842000
2024-10-27 21:28:09.393,0 days 02:20:36.242000,0 days 00:00:26.678000,10909,302,8,100,False,12,car,1764.4438888888883,0.4158519514212489,10021,-5739,22272,car,0 days 02:20:36.242000
2024-10-27 21:28:09.673,0 days 02:20:36.522000,0 days 00:00:26.958000,11054,307,8,100,False,12,car,1788.3216666666658,0.42147957185566504,9943,-5870,22272,car,0 days 02:20:36.522000
2024-10-27 21:28:09.873,0 days 02:20:36.722000,0 days 00:00:27.158000,10984,309,8,100,False,12,car,1805.4883333333328,0.42552548789622957,9860,-6005,22272,car,0 days 02:20:36.722000
2024-10-27 21:28:10.193,0 days 02:20:37.042000,0 days 00:00:27.478000,11113,312,8,100,False,12,car,1833.2216666666661,0.4320618027423453,9644,-6344,22273,car,0 days 02:20:37.042000
2024-10-27 21:28:10.353,0 days 02:20:37.202000,0 days 00:00:27.638000,11171,313,8,100,False,12,car,1847.1327777777772,0.4353404350289386,9570,-6457,22274,car,0 days 02:20:37.202000
2024-10-27 21:28:10.512,0 days 02:20:37.361000,0 days 00:00:27.797000,10973,314,8,42,True,0,car,1861.0011111111105,0.438608985259379,9542,-6497,22274,car,0 days 02:20:37.361000
2024-10-27 21:28:10.752,0 days 02:20:37.601000,0 days 00:00:28.037000,10413,292,8,1,True,0,car,1880.467777777777,0.44319697548790254,9414,-6685,22275,car,0 days 02:20:37.601000
2024-10-27 21:28:11.152,0 days 02:20:38.001000,0 days 00:00:28.437000,8583,245,8,0,True,0,car,1907.6899999999994,0.4496128294033607,9267,-6900,22275,car,0 days 02:20:38.001000
2024-10-27 21:28:11.312,0 days 02:20:38.161000,0 days 00:00:28.597000,8042,232,8,0,True,0,car,1918.0011111111105,0.45204299774358325,9210,-6982,22276,car,0 days 02:20:38.161000
2024-10-27 21:28:11.512,0 days 02:20:38.361000,0 days 00:00:28.797000,8596,208,8,0,True,0,car,1929.556666666666,0.45476646226279815,9139,-7082,22275,car,0 days 02:20:38.361000
2024-10-27 21:28:11.832,0 days 02:20:38.681000,0 days 00:00:29.117000,8685,179,8,0,True,0,car,1945.467777777777,0.45851646340848634,9039,-7220,22278,car,0 days 02:20:38.681000
2024-10-27 21:28:12.072,0 days 02:20:38.921000,0 days 00:00:29.357000,9190,154,7,0,True,0,car,1955.7344444444436,0.4609361568851734,8973,-7314,22278,car,0 days 02:20:38.921000
2024-10-27 21:28:12.472,0 days 02:20:39.321000,0 days 00:00:29.757000,8831,128,4,0,True,0,car,1969.956666666666,0.46428811321651486,8873,-7476,22279,car,0 days 02:20:39.321000
2024-10-27 21:28:12.832,0 days 02:20:39.681000,0 days 00:00:30.117000,7408,114,3,0,True,0,car,1981.3566666666661,0.4669749157133557,8838,-7553,22280,car,0 days 02:20:39.681000
2024-10-27 21:28:13.032,0 days 02:20:39.881000,0 days 00:00:30.317000,6850,105,3,0,True,0,car,1987.1899999999994,0.46834974155238246,8824,-7590,22280,car,0 days 02:20:39.881000
2024-10-27 21:28:13.232,0 days 02:20:40.081000,0 days 00:00:30.517000,6287,101,3,0,True,0,car,1992.8011111111105,0.469672193073732,8810,-7640,22281,car,0 days 02:20:40.081000
2024-10-27 21:28:13.393,0 days 02:20:40.242000,0 days 00:00:30.678000,6061,92,3,0,True,0,car,1996.9155555555549,0.4706419035655255,8802,-7682,22280,car,0 days 02:20:40.242000
2024-10-27 21:28:13.713,0 days 02:20:40.562000,0 days 00:00:30.998000,5753,84,3,0,True,0,car,2004.3822222222216,0.47240168063947974,8800,-7762,22280,car,0 days 02:20:40.562000
2024-10-27 21:28:13.913,0 days 02:20:40.762000,0 days 00:00:31.198000,5638,81,3,0,False,0,car,2008.8822222222216,0.4734622605724432,8808,-7824,22281,car,0 days 02:20:40.762000
2024-10-27 21:28:14.153,0 days 02:20:41.002000,0 days 00:00:31.438000,5508,78,3,5,False,0,car,2014.0822222222216,0.47468781960608997,8827,-7877,22282,car,0 days 02:20:41.002000
2024-10-27 21:28:14.313,0 days 02:20:41.162000,0 days 00:00:31.598000,5714,74,3,5,False,0,car,2017.3711111111106,0.47546295950771267,8841,-7903,22282,car,0 days 02:20:41.162000
2024-10-27 21:28:14.593,0 days 02:20:41.442000,0 days 00:00:31.878000,5685,75,3,12,False,0,car,2023.2044444444439,0.47683778534673943,8866,-7937,22282,car,0 days 02:20:41.442000
2024-10-27 21:28:14.873,0 days 02:20:41.722000,0 days 00:00:32.158000,5913,77,3,23,False,0,car,2029.1933333333327,0.4782492732081402,8903,-7973,22283,car,0 days 02:20:41.722000
2024-10-27 21:28:15.153,0 days 02:20:42.002000,0 days 00:00:32.438000,6270,83,3,28,False,0,car,2035.6488888888882,0.4797707471366631,8956,-8011,22283,car,0 days 02:20:42.002000
2024-10-27 21:28:15.433,0 days 02:20:42.282000,0 days 00:00:32.718000,6622,85,3,41,False,0,car,2042.2599999999993,0.4813288830875601,9048,-8061,22285,car,0 days 02:20:42.282000
2024-10-27 21:28:15.673,0 days 02:20:42.522000,0 days 00:00:32.958000,6542,92,3,8,False,0,car,2048.3933333333325,0.48277441425545103,9101,-8091,22285,car,0 days 02:20:42.522000
2024-10-27 21:28:15.993,0 days 02:20:42.842000,0 days 00:00:33.278000,5976,86,3,0,True,0,car,2056.037777777777,0.4845760907835471,9138,-8114,22285,car,0 days 02:20:42.842000
2024-10-27 21:28:16.153,0 days 02:20:43.002000,0 days 00:00:33.438000,5801,83,3,3,True,0,car,2059.726666666666,0.48544550445698875,9162,-8134,22284,car,0 days 02:20:43.002000
2024-10-27 21:28:16.633,0 days 02:20:43.482000,0 days 00:00:33.918000,5853,74,2,0,True,0,car,2069.593333333333,0.4877709241618569,9230,-8214,22286,car,0 days 02:20:43.482000
2024-10-27 21:28:16.833,0 days 02:20:43.682000,0 days 00:00:34.118000,5662,71,2,0,False,0,car,2073.537777777777,0.48870056830062736,9246,-8254,22285,car,0 days 02:20:43.682000
2024-10-27 21:28:17.153,0 days 02:20:44.002000,0 days 00:00:34.438000,6137,66,2,12,False,0,car,2079.404444444444,0.4900832502873057,9259,-8319,22286,car,0 days 02:20:44.002000
2024-10-27 21:28:17.392,0 days 02:20:44.241000,0 days 00:00:34.677000,6357,68,2,13,False,0,car,2083.9188888888884,0.49114723455091824,9256,-8348,22285,car,0 days 02:20:44.241000
2024-10-27 21:28:17.552,0 days 02:20:44.401000,0 days 00:00:34.837000,6275,69,2,16,False,0,car,2086.985555555555,0.4918700001348637,9250,-8380,22285,car,0 days 02:20:44.401000
2024-10-27 21:28:17.752,0 days 02:20:44.601000,0 days 00:00:35.037000,6713,71,2,23,False,0,car,2090.9299999999994,0.49279964427363415,9225,-8432,22287,car,0 days 02:20:44.601000
2024-10-27 21:28:17.912,0 days 02:20:44.761000,0 days 00:00:35.197000,7069,71,2,32,False,0,car,2094.085555555555,0.4935433595846505,9206,-8463,22288,car,0 days 02:20:44.761000
2024-10-27 21:28:18.072,0 days 02:20:44.921000,0 days 00:00:35.357000,7197,73,2,32,False,0,car,2097.3299999999995,0.4943080246227378,9192,-8479,22287,car,0 days 02:20:44.921000
2024-10-27 21:28:18.392,0 days 02:20:45.241000,0 days 00:00:35.677000,7303,83,2,45,False,0,car,2104.707777777777,0.49604685196962117,9150,-8520,22288,car,0 days 02:20:45.241000
2024-10-27 21:28:18.592,0 days 02:20:45.441000,0 days 00:00:35.877000,8480,90,2,60,False,0,car,2109.707777777777,0.49722527411735834,9087,-8568,22289,car,0 days 02:20:45.441000
2024-10-27 21:28:18.872,0 days 02:20:45.721000,0 days 00:00:36.157000,9358,102,2,71,False,0,car,2117.64111111111,0.4990950372584346,9048,-8596,22288,car,0 days 02:20:45.721000
2024-10-27 21:28:19.272,0 days 02:20:46.121000,0 days 00:00:36.557000,9248,118,2,78,False,0,car,2130.7522222222215,0.5021851220013901,8946,-8667,22290,car,0 days 02:20:46.121000
2024-10-27 21:28:19.432,0 days 02:20:46.281000,0 days 00:00:36.717000,9668,123,3,82,False,0,car,2136.218888888888,0.5034735302162494,8895,-8702,22289,car,0 days 02:20:46.281000
2024-10-27 21:28:19.872,0 days 02:20:46.721000,0 days 00:00:37.157000,10728,146,3,87,False,0,car,2154.0633333333326,0.5076791879257293,8743,-8810,22289,car,0 days 02:20:46.721000
2024-10-27 21:28:20.033,0 days 02:20:46.882000,0 days 00:00:37.318000,10308,151,3,14,True,0,car,2160.816388888888,0.5092707779720426,8678,-8860,22290,car,0 days 02:20:46.882000
2024-10-27 21:28:20.273,0 days 02:20:47.122000,0 days 00:00:37.558000,9797,138,3,0,True,0,car,2170.0163888888883,0.5114390747238792,8587,-8930,22291,car,0 days 02:20:47.122000
2024-10-27 21:28:20.433,0 days 02:20:47.282000,0 days 00:00:37.718000,9377,133,3,0,True,0,car,2175.9274999999993,0.5128322315740929,8555,-8954,22291,car,0 days 02:20:47.282000
2024-10-27 21:28:20.713,0 days 02:20:47.562000,0 days 00:00:37.998000,7989,117,3,0,True,0,car,2185.0274999999992,0.5149769598829746,8483,-8995,22290,car,0 days 02:20:47.562000
2024-10-27 21:28:20.993,0 days 02:20:47.842000,0 days 00:00:38.278000,7036,106,3,0,True,0,car,2193.2719444444438,0.5169200470687991,8410,-9027,22289,car,0 days 02:20:47.842000
2024-10-27 21:28:21.233,0 days 02:20:48.082000,0 days 00:00:38.518000,6430,99,3,0,True,0,car,2199.8719444444437,0.5184755643038121,8322,-9040,22290,car,0 days 02:20:48.082000
2024-10-27 21:28:21.513,0 days 02:20:48.362000,0 days 00:00:38.798000,5777,91,3,0,True,0,car,2206.9497222222217,0.5201436863218314,8228,-9035,22289,car,0 days 02:20:48.362000
2024-10-27 21:28:21.873,0 days 02:20:48.722000,0 days 00:00:39.158000,5502,81,3,0,True,0,car,2215.0497222222216,0.5220527302011656,8172,-9021,22289,car,0 days 02:20:48.722000
2024-10-27 21:28:22.073,0 days 02:20:48.922000,0 days 00:00:39.358000,5433,76,3,0,False,0,car,2219.2719444444438,0.5230478422370326,8147,-9007,22289,car,0 days 02:20:48.922000
2024-10-27 21:28:22.353,0 days 02:20:49.202000,0 days 00:00:39.638000,5162,72,3,0,False,0,car,2224.8719444444437,0.5243676750424983,8081,-8953,22288,car,0 days 02:20:49.202000
2024-10-27 21:28:22.513,0 days 02:20:49.362000,0 days 00:00:39.798000,5114,71,3,4,False,0,car,2228.0274999999992,0.5251113903535146,8060,-8930,22287,car,0 days 02:20:49.362000
2024-10-27 21:28:22.673,0 days 02:20:49.522000,0 days 00:00:39.958000,5181,70,3,8,False,0,car,2231.13861111111,0.5258446308009955,8053,-8915,22287,car,0 days 02:20:49.522000
2024-10-27 21:28:22.993,0 days 02:20:49.842000,0 days 00:00:40.278000,5804,71,3,21,False,0,car,2237.449722222221,0.5273320614230282,8028,-8868,22287,car,0 days 02:20:49.842000
2024-10-27 21:28:23.353,0 days 02:20:50.202000,0 days 00:00:40.638000,6002,75,3,26,False,0,car,2244.949722222221,0.5290996946446341,8002,-8792,22287,car,0 days 02:20:50.202000
2024-10-27 21:28:23.593,0 days 02:20:50.442000,0 days 00:00:40.878000,6227,79,3,31,False,0,car,2250.216388888888,0.530340965973584,7995,-8750,22288,car,0 days 02:20:50.442000
2024-10-27 21:28:23.793,0 days 02:20:50.642000,0 days 00:00:41.078000,6600,83,3,44,False,0,car,2254.8274999999994,0.5314277330653862,7989,-8705,22287,car,0 days 02:20:50.642000
2024-10-27 21:28:23.992,0 days 02:20:50.841000,0 days 00:00:41.277000,6740,89,3,46,False,0,car,2259.747222222222,0.5325872349908625,7987,-8658,22288,car,0 days 02:20:50.841000
2024-10-27 21:28:24.192,0 days 02:20:51.041000,0 days 00:00:41.477000,7268,95,3,57,False,0,car,2265.0249999999996,0.5338311250356962,7988,-8603,22287,car,0 days 02:20:51.041000
2024-10-27 21:28:24.352,0 days 02:20:51.201000,0 days 00:00:41.637000,7775,101,3,63,False,0,car,2269.5138888888887,0.5348890862527759,7991,-8554,22286,car,0 days 02:20:51.201000
2024-10-27 21:28:24.552,0 days 02:20:51.401000,0 days 00:00:41.837000,8327,108,3,71,False,0,car,2275.5138888888887,0.5363031928300606,7996,-8503,22285,car,0 days 02:20:51.401000
2024-10-27 21:28:24.752,0 days 02:20:51.601000,0 days 00:00:42.037000,9080,116,3,76,False,0,car,2281.958333333333,0.5378220480426996,8003,-8440,22286,car,0 days 02:20:51.601000
2024-10-27 21:28:24.912,0 days 02:20:51.761000,0 days 00:00:42.197000,9510,121,3,80,False,0,car,2287.3361111111108,0.539089506530488,8009,-8397,22286,car,0 days 02:20:51.761000
2024-10-27 21:28:25.232,0 days 02:20:52.081000,0 days 00:00:42.517000,10594,134,3,91,False,0,car,2299.247222222222,0.5418967699579865,8041,-8223,22284,car,0 days 02:20:52.081000
2024-10-27 21:28:25.552,0 days 02:20:52.401000,0 days 00:00:42.837000,11749,155,3,100,False,0,car,2313.0249999999996,0.5451439776539735,8055,-8144,22284,car,0 days 02:20:52.401000
2024-10-27 21:28:26.032,0 days 02:20:52.881000,0 days 00:00:43.317000,11328,173,4,100,False,0,car,2336.0916666666662,0.5505804318288678,8100,-7902,22283,car,0 days 02:20:52.881000
2024-10-27 21:28:26.232,0 days 02:20:53.081000,0 days 00:00:43.517000,11736,182,4,100,False,0,car,2346.2027777777776,0.5529634632831809,8116,-7813,22281,car,0 days 02:20:53.081000
2024-10-27 21:28:26.513,0 days 02:20:53.362000,0 days 00:00:43.798000,11030,194,4,100,False,0,car,2361.345555555555,0.5565323802255001,8139,-7688,22280,car,0 days 02:20:53.362000
2024-10-27 21:28:26.833,0 days 02:20:53.682000,0 days 00:00:44.118000,11223,204,4,100,False,0,car,2379.4788888888884,0.5608061245479604,8177,-7475,22280,car,0 days 02:20:53.682000
2024-10-27 21:28:27.073,0 days 02:20:53.922000,0 days 00:00:44.358000,11584,214,5,100,False,0,car,2393.745555555555,0.5641685557428372,8209,-7302,22279,car,0 days 02:20:53.922000
2024-10-27 21:28:27.233,0 days 02:20:54.082000,0 days 00:00:44.518000,11884,216,5,100,False,0,car,2403.345555555555,0.5664311262664927,8227,-7209,22278,car,0 days 02:20:54.082000
2024-10-27 21:28:27.433,0 days 02:20:54.282000,0 days 00:00:44.718000,12142,221,5,100,False,0,car,2415.623333333333,0.5693248073181585,8242,-7132,22278,car,0 days 02:20:54.282000
2024-10-27 21:28:27.593,0 days 02:20:54.442000,0 days 00:00:44.878000,11302,228,5,100,False,0,car,2425.756666666666,0.5717130762042393,8257,-7060,22277,car,0 days 02:20:54.442000
2024-10-27 21:28:27.833,0 days 02:20:54.682000,0 days 00:00:45.118000,10986,232,6,100,False,0,car,2441.223333333333,0.575358328714573,8287,-6905,22275,car,0 days 02:20:54.682000
2024-10-27 21:28:28.073,0 days 02:20:54.922000,0 days 00:00:45.358000,11178,237,6,100,False,0,car,2457.0233333333326,0.5790821427014226,8317,-6743,22275,car,0 days 02:20:54.922000
2024-10-27 21:28:28.233,0 days 02:20:55.082000,0 days 00:00:45.518000,11318,239,6,100,False,0,car,2467.645555555555,0.5815856350863932,8334,-6649,22275,car,0 days 02:20:55.082000
2024-10-27 21:28:28.393,0 days 02:20:55.242000,0 days 00:00:45.678000,11285,242,6,100,False,0,car,2478.4011111111104,0.5841205520619701,8353,-6543,22274,car,0 days 02:20:55.242000
2024-10-27 21:28:28.713,0 days 02:20:55.562000,0 days 00:00:45.998000,9990,241,6,0,True,0,car,2499.823333333333,0.5891694362860531,8387,-6336,22274,car,0 days 02:20:55.562000
2024-10-27 21:28:28.913,0 days 02:20:55.762000,0 days 00:00:46.198000,10550,206,6,0,True,0,car,2511.2677777777776,0.5918667136464295,8398,-6225,22273,car,0 days 02:20:55.762000
2024-10-27 21:28:29.073,0 days 02:20:55.922000,0 days 00:00:46.358000,10159,193,5,0,True,0,car,2519.845555555555,0.5938883623087697,8398,-6139,22272,car,0 days 02:20:55.922000
2024-10-27 21:28:29.353,0 days 02:20:56.202000,0 days 00:00:46.638000,10966,181,5,1,True,0,car,2533.923333333333,0.597206275333621,8389,-5973,22270,car,0 days 02:20:56.202000
2024-10-27 21:28:29.553,0 days 02:20:56.402000,0 days 00:00:46.838000,10762,175,4,9,True,0,car,2543.6455555555553,0.599497651731999,8373,-5894,22270,car,0 days 02:20:56.402000
2024-10-27 21:28:29.713,0 days 02:20:56.562000,0 days 00:00:46.998000,10575,173,4,11,True,0,car,2551.334444444444,0.6013098031236304,8350,-5829,22270,car,0 days 02:20:56.562000
2024-10-27 21:28:30.033,0 days 02:20:56.882000,0 days 00:00:47.318000,10715,167,4,42,False,0,car,2566.1788888888887,0.604808407544468,8272,-5677,22271,car,0 days 02:20:56.882000
2024-10-27 21:28:30.233,0 days 02:20:57.082000,0 days 00:00:47.518000,10391,161,4,56,False,0,car,2575.123333333333,0.6069164738309757,8198,-5589,22272,car,0 days 02:20:57.082000
2024-10-27 21:28:30.473,0 days 02:20:57.322000,0 days 00:00:47.758000,10639,166,4,67,False,0,car,2586.1899999999996,0.6095247148513007,8114,-5509,22273,car,0 days 02:20:57.322000
2024-10-27 21:28:30.752,0 days 02:20:57.601000,0 days 00:00:48.037000,11322,173,4,81,False,0,car,2599.5974999999994,0.6126846538404579,8009,-5435,22274,car,0 days 02:20:57.601000
2024-10-27 21:28:30.952,0 days 02:20:57.801000,0 days 00:00:48.237000,11471,180,4,98,False,0,car,2609.5974999999994,0.6150414981359323,7911,-5370,22274,car,0 days 02:20:57.801000
2024-10-27 21:28:31.352,0 days 02:20:58.201000,0 days 00:00:48.637000,11309,195,4,100,False,0,car,2631.264166666666,0.6201479941094603,7754,-5265,22275,car,0 days 02:20:58.201000
2024-10-27 21:28:31.552,0 days 02:20:58.401000,0 days 00:00:48.837000,11000,201,5,89,False,0,car,2642.430833333333,0.6227798035727401,7669,-5185,22274,car,0 days 02:20:58.401000
2024-10-27 21:28:31.712,0 days 02:20:58.561000,0 days 00:00:48.997000,11161,203,5,85,False,0,car,2651.453055555555,0.6249062008704347,7562,-5072,22274,car,0 days 02:20:58.561000
2024-10-27 21:28:31.952,0 days 02:20:58.801000,0 days 00:00:49.237000,11830,209,5,96,False,0,car,2665.386388888888,0.6281900705887958,7502,-5004,22271,car,0 days 02:20:58.801000
2024-10-27 21:28:32.232,0 days 02:20:59.081000,0 days 00:00:49.517000,11925,213,5,100,False,0,car,2681.953055555555,0.6320945759716318,7404,-4848,22270,car,0 days 02:20:59.081000
2024-10-27 21:28:32.632,0 days 02:20:59.481000,0 days 00:00:49.917000,10998,222,5,100,False,0,car,2706.6197222222213,0.6379081252338019,7244,-4598,22270,car,0 days 02:20:59.481000
2024-10-27 21:28:32.792,0 days 02:20:59.641000,0 days 00:00:50.077000,10787,224,5,96,False,0,car,2716.5752777777766,0.6402544946657409,7186,-4528,22270,car,0 days 02:20:59.641000
2024-10-27 21:28:33.233,0 days 02:21:00.082000,0 days 00:00:50.518000,10676,227,6,31,False,0,car,2744.382777777777,0.6468082894403815,7007,-4362,22271,car,0 days 02:21:00.082000
2024-10-27 21:28:33.433,0 days 02:21:00.282000,0 days 00:00:50.718000,10503,223,6,41,False,0,car,2756.771666666666,0.649728157650886,6955,-4324,22271,car,0 days 02:21:00.282000
2024-10-27 21:28:33.633,0 days 02:21:00.482000,0 days 00:00:50.918000,10591,221,6,69,False,0,car,2769.0494444444435,0.6526218387025516,6822,-4257,22270,car,0 days 02:21:00.482000
2024-10-27 21:28:33.793,0 days 02:21:00.642000,0 days 00:00:51.078000,10595,220,6,72,False,0,car,2778.8272222222213,0.654926308680349,6675,-4195,22271,car,0 days 02:21:00.642000
2024-10-27 21:28:33.993,0 days 02:21:00.842000,0 days 00:00:51.278000,10702,222,6,78,False,0,car,2791.1605555555543,0.657833083311434,6527,-4152,22271,car,0 days 02:21:00.842000
2024-10-27 21:28:34.233,0 days 02:21:01.082000,0 days 00:00:51.518000,10807,225,6,85,False,0,car,2806.1605555555543,0.6613683497546456,6395,-4136,22271,car,0 days 02:21:01.082000
2024-10-27 21:28:34.393,0 days 02:21:01.242000,0 days 00:00:51.678000,11006,229,6,96,False,0,car,2816.338333333332,0.6637670935042618,6330,-4130,22270,car,0 days 02:21:01.242000
2024-10-27 21:28:34.833,0 days 02:21:01.682000,0 days 00:00:52.118000,11092,234,6,100,False,0,car,2844.938333333332,0.6705076681893187,6092,-4124,22270,car,0 days 02:21:01.682000
2024-10-27 21:28:35.073,0 days 02:21:01.922000,0 days 00:00:52.358000,10547,236,6,16,True,0,car,2860.6716666666653,0.6742157698808651,5910,-4117,22269,car,0 days 02:21:01.922000
2024-10-27 21:28:35.233,0 days 02:21:02.082000,0 days 00:00:52.518000,10457,228,6,5,True,0,car,2870.804999999999,0.6766040387669459,5769,-4105,22269,car,0 days 02:21:02.082000
2024-10-27 21:28:35.433,0 days 02:21:02.282000,0 days 00:00:52.718000,10756,210,6,0,True,0,car,2882.471666666666,0.6793536904449995,5658,-4090,22270,car,0 days 02:21:02.282000
2024-10-27 21:28:35.633,0 days 02:21:02.482000,0 days 00:00:52.918000,10336,196,5,0,True,0,car,2893.3605555555546,0.6819200320111827,5601,-4073,22270,car,0 days 02:21:02.482000
2024-10-27 21:28:35.873,0 days 02:21:02.722000,0 days 00:00:53.158000,9619,188,5,1,True,0,car,2905.893888888888,0.6848739435281773,5491,-4032,22270,car,0 days 02:21:02.722000
2024-10-27 21:28:36.033,0 days 02:21:02.882000,0 days 00:00:53.318000,9334,179,5,6,True,0,car,2913.849444444443,0.6867489441010213,5416,-3992,22270,car,0 days 02:21:02.882000
2024-10-27 21:28:36.273,0 days 02:21:03.122000,0 days 00:00:53.558000,8922,170,5,7,True,0,car,2925.1827777777767,0.689420034302559,5333,-3934,22270,car,0 days 02:21:03.122000
2024-10-27 21:28:36.673,0 days 02:21:03.522000,0 days 00:00:53.958000,8615,159,5,22,False,0,car,2942.849444444443,0.6935837925578971,5183,-3764,22270,car,0 days 02:21:03.522000
2024-10-27 21:28:36.953,0 days 02:21:03.802000,0 days 00:00:54.238000,8778,160,5,46,False,0,car,2955.2938888888875,0.6965167543478209,5138,-3691,22270,car,0 days 02:21:03.802000
2024-10-27 21:28:37.233,0 days 02:21:04.082000,0 days 00:00:54.518000,8957,160,5,61,False,0,car,2967.738333333332,0.6994497161377445,5074,-3568,22270,car,0 days 02:21:04.082000
2024-10-27 21:28:37.552,0 days 02:21:04.401000,0 days 00:00:54.837000,9369,168,5,92,False,0,car,2982.6249999999986,0.7029582716789409,5017,-3432,22269,car,0 days 02:21:04.401000
2024-10-27 21:28:37.712,0 days 02:21:04.561000,0 days 00:00:54.997000,9703,172,5,100,False,0,car,2990.269444444443,0.7047599482070368,4995,-3374,22270,car,0 days 02:21:04.561000
2024-10-27 21:28:37.872,0 days 02:21:04.721000,0 days 00:00:55.157000,9863,172,5,100,False,0,car,2997.913888888887,0.7065616247351327,4966,-3303,22270,car,0 days 02:21:04.721000
2024-10-27 21:28:38.232,0 days 02:21:05.081000,0 days 00:00:55.517000,10657,190,5,72,False,0,car,3016.9138888888874,0.7110396288965343,4882,-3138,22269,car,0 days 02:21:05.081000
2024-10-27 21:28:38.592,0 days 02:21:05.441000,0 days 00:00:55.877000,10925,196,5,85,False,0,car,3036.5138888888873,0.7156590437156641,4784,-3000,22271,car,0 days 02:21:05.441000
2024-10-27 21:28:38.832,0 days 02:21:05.681000,0 days 00:00:56.117000,11227,201,5,100,False,8,car,3049.913888888887,0.7188172150715998,4694,-2910,22270,car,0 days 02:21:05.681000
2024-10-27 21:28:39.232,0 days 02:21:06.081000,0 days 00:00:56.517000,11793,212,5,100,False,8,car,3073.469444444443,0.7243688927453841,4503,-2773,22270,car,0 days 02:21:06.081000
2024-10-27 21:28:39.673,0 days 02:21:06.522000,0 days 00:00:56.958000,10641,225,5,100,False,8,car,3101.0319444444426,0.7308649448347854,4263,-2639,22270,car,0 days 02:21:06.522000
2024-10-27 21:28:39.993,0 days 02:21:06.842000,0 days 00:00:57.278000,11132,232,6,100,False,8,car,3121.654166666665,0.7357252815152304,4051,-2533,22271,car,0 days 02:21:06.842000
2024-10-27 21:28:40.313,0 days 02:21:07.162000,0 days 00:00:57.598000,11506,240,6,100,False,14,car,3142.9874999999984,0.7407532160122425,3885,-2459,22270,car,0 days 02:21:07.162000
2024-10-27 21:28:40.473,0 days 02:21:07.322000,0 days 00:00:57.758000,11698,245,6,100,False,12,car,3153.8763888888875,0.7433195575784259,3786,-2417,22270,car,0 days 02:21:07.322000
2024-10-27 21:28:40.673,0 days 02:21:07.522000,0 days 00:00:57.958000,11062,250,6,100,False,12,car,3167.765277777776,0.7465929524332514,3665,-2370,22271,car,0 days 02:21:07.522000
2024-10-27 21:28:40.873,0 days 02:21:07.722000,0 days 00:00:58.158000,10430,255,6,100,False,12,car,3181.931944444443,0.7499318151851736,3524,-2322,22270,car,0 days 02:21:07.722000
2024-10-27 21:28:41.073,0 days 02:21:07.922000,0 days 00:00:58.358000,10669,257,7,100,False,12,car,3196.2097222222205,0.7532968650959342,3389,-2280,22270,car,0 days 02:21:07.922000
2024-10-27 21:28:41.233,0 days 02:21:08.082000,0 days 00:00:58.518000,10741,261,7,100,False,12,car,3207.809722222221,0.7560308044786846,3259,-2243,22271,car,0 days 02:21:08.082000
2024-10-27 21:28:41.473,0 days 02:21:08.322000,0 days 00:00:58.758000,11062,267,7,100,False,12,car,3225.609722222221,0.7602259873246292,3108,-2201,22270,car,0 days 02:21:08.322000
2024-10-27 21:28:41.633,0 days 02:21:08.482000,0 days 00:00:58.918000,11136,269,7,100,False,12,car,3237.5652777777764,0.763043725615663,3027,-2180,22270,car,0 days 02:21:08.482000
2024-10-27 21:28:41.793,0 days 02:21:08.642000,0 days 00:00:59.078000,11239,273,7,100,False,12,car,3249.69861111111,0.7659033633608386,2825,-2137,22271,car,0 days 02:21:08.642000
2024-10-27 21:28:42.113,0 days 02:21:08.962000,0 days 00:00:59.398000,11461,278,7,100,False,12,car,3274.4097222222213,0.7717273874865445,2570,-2086,22270,car,0 days 02:21:08.962000
2024-10-27 21:28:42.393,0 days 02:21:09.242000,0 days 00:00:59.678000,11702,282,7,100,False,12,car,3296.343055555554,0.7768967326412849,2422,-2063,22271,car,0 days 02:21:09.242000
2024-10-27 21:28:42.593,0 days 02:21:09.442000,0 days 00:00:59.878000,11742,286,7,100,False,12,car,3312.2319444444433,0.7806414963552054,2246,-2035,22270,car,0 days 02:21:09.442000
2024-10-27 21:28:42.793,0 days 02:21:09.642000,0 days 00:01:00.078000,11658,290,7,100,False,12,car,3328.3430555555547,0.7844386343868032,2087,-2012,22270,car,0 days 02:21:09.642000
2024-10-27 21:28:42.953,0 days 02:21:09.802000,0 days 00:01:00.238000,10869,293,7,100,False,12,car,3341.3652777777766,0.7875077694026875,1973,-1998,22271,car,0 days 02:21:09.802000
2024-10-27 21:28:43.313,0 days 02:21:10.162000,0 days 00:01:00.598000,10628,294,8,100,False,12,car,3370.7652777777766,0.7944368916313824,1634,-1956,22271,car,0 days 02:21:10.162000
2024-10-27 21:28:43.593,0 days 02:21:10.442000,0 days 00:01:00.878000,10704,300,8,100,False,12,car,3394.09861111111,0.7999361949874895,1455,-1937,22270,car,0 days 02:21:10.442000
2024-10-27 21:28:43.833,0 days 02:21:10.682000,0 days 00:01:01.118000,10761,302,8,100,False,12,car,3414.231944444444,0.8046813081690447,1245,-1914,22269,car,0 days 02:21:10.682000
2024-10-27 21:28:44.192,0 days 02:21:11.041000,0 days 00:01:01.477000,10822,304,8,100,False,12,car,3444.5474999999988,0.8118262125865695,959,-1882,22269,car,0 days 02:21:11.041000
2024-10-27 21:28:44.392,0 days 02:21:11.241000,0 days 00:01:01.677000,10748,305,8,76,False,12,car,3461.4919444444436,0.8158197543094567,795,-1864,22269,car,0 days 02:21:11.241000
2024-10-27 21:28:44.712,0 days 02:21:11.561000,0 days 00:01:01.997000,10092,285,8,0,True,0,car,3486.825277777777,0.8217904265246587,452,-1826,22269,car,0 days 02:21:11.561000
2024-10-27 21:28:44.992,0 days 02:21:11.841000,0 days 00:01:02.277000,8585,246,8,0,True,0,car,3505.9586111111103,0.8262998552766664,336,-1812,22269,car,0 days 02:21:11.841000
2024-10-27 21:28:45.232,0 days 02:21:12.081000,0 days 00:01:02.517000,8378,223,8,0,True,0,car,3520.825277777777,0.8298036971292717,84,-1784,22271,car,0 days 02:21:12.081000
2024-10-27 21:28:45.392,0 days 02:21:12.241000,0 days 00:01:02.677000,8086,201,8,0,True,0,car,3529.75861111111,0.8319091446998955,-3,-1773,22271,car,0 days 02:21:12.241000
2024-10-27 21:28:45.792,0 days 02:21:12.641000,0 days 00:01:03.077000,8525,173,8,0,True,0,car,3548.980833333332,0.8364395231789741,-178,-1735,22270,car,0 days 02:21:12.641000
2024-10-27 21:28:46.032,0 days 02:21:12.881000,0 days 00:01:03.317000,8918,153,5,0,True,0,car,3559.1808333333324,0.838843504360358,-279,-1698,22272,car,0 days 02:21:12.881000
2024-10-27 21:28:46.473,0 days 02:21:13.322000,0 days 00:01:03.758000,8156,134,4,0,True,0,car,3575.5958333333324,0.8427122642713794,-449,-1575,22269,car,0 days 02:21:13.322000
2024-10-27 21:28:46.913,0 days 02:21:13.762000,0 days 00:01:04.198000,7632,127,4,5,False,0,car,3591.1180555555543,0.8463706103611324,-521,-1490,22266,car,0 days 02:21:13.762000
2024-10-27 21:28:47.153,0 days 02:21:14.002000,0 days 00:01:04.438000,7842,123,4,29,False,0,car,3599.3180555555546,0.8483032226834214,-570,-1395,22264,car,0 days 02:21:14.002000
2024-10-27 21:28:47.473,0 days 02:21:14.322000,0 days 00:01:04.758000,8145,125,4,53,False,0,car,3610.4291666666654,0.8509219385672818,-600,-1301,22264,car,0 days 02:21:14.322000
2024-10-27 21:28:47.633,0 days 02:21:14.482000,0 days 00:01:04.918000,8431,127,4,64,False,0,car,3616.07361111111,0.852252246236283,-607,-1260,22265,car,0 days 02:21:14.482000
2024-10-27 21:28:47.833,0 days 02:21:14.682000,0 days 00:01:05.118000,8887,131,4,72,False,0,car,3623.3513888888874,0.8539675051402115,-617,-1184,22265,car,0 days 02:21:14.682000
2024-10-27 21:28:48.033,0 days 02:21:14.882000,0 days 00:01:05.318000,9244,137,4,82,False,0,car,3630.9624999999987,0.855761325520656,-625,-1113,22267,car,0 days 02:21:14.882000
2024-10-27 21:28:48.193,0 days 02:21:15.042000,0 days 00:01:05.478000,9530,140,4,86,False,0,car,3637.184722222221,0.8572278064156178,-625,-1017,22268,car,0 days 02:21:15.042000
2024-10-27 21:28:48.513,0 days 02:21:15.362000,0 days 00:01:05.798000,10428,156,4,100,False,0,car,3651.0513888888877,0.8604959638386758,-622,-891,22267,car,0 days 02:21:15.362000
2024-10-27 21:28:48.833,0 days 02:21:15.682000,0 days 00:01:06.118000,10933,169,4,100,False,0,car,3666.0736111111096,0.864036467713655,-614,-790,22267,car,0 days 02:21:15.682000
2024-10-27 21:28:48.993,0 days 02:21:15.842000,0 days 00:01:06.278000,11394,176,4,100,False,0,car,3673.895833333332,0.8658800436958929,-609,-705,22267,car,0 days 02:21:15.842000
2024-10-27 21:28:49.233,0 days 02:21:16.082000,0 days 00:01:06.518000,11164,182,4,7,True,0,car,3686.0291666666653,0.8687396814410685,-602,-574,22268,car,0 days 02:21:16.082000
2024-10-27 21:28:49.473,0 days 02:21:16.322000,0 days 00:01:06.758000,10021,165,4,0,True,0,car,3697.029166666665,0.8713322101660902,-599,-477,22269,car,0 days 02:21:16.322000
2024-10-27 21:28:49.713,0 days 02:21:16.562000,0 days 00:01:06.998000,10381,150,4,0,True,0,car,3707.0291666666653,0.8736890544615648,-595,-377,22271,car,0 days 02:21:16.562000
2024-10-27 21:28:49.953,0 days 02:21:16.802000,0 days 00:01:07.238000,10969,137,4,0,True,0,car,3716.1624999999985,0.8758416389180981,-598,-285,22271,car,0 days 02:21:16.802000
2024-10-27 21:28:50.193,0 days 02:21:17.042000,0 days 00:01:07.478000,9887,122,2,0,True,0,car,3724.2958333333318,0.8777585389450839,-607,-202,22273,car,0 days 02:21:17.042000
2024-10-27 21:28:51.152,0 days 02:21:18.001000,0 days 00:01:08.437000,7093,88,2,0,True,0,car,3747.738055555554,0.8832835057168528,-706,32,22269,car,0 days 02:21:18.001000
2024-10-27 21:28:51.312,0 days 02:21:18.161000,0 days 00:01:08.597000,6716,85,2,0,True,0,car,3751.515833333332,0.8841738691173654,-736,52,22269,car,0 days 02:21:18.161000
2024-10-27 21:28:51.632,0 days 02:21:18.481000,0 days 00:01:08.917000,6101,78,2,0,True,0,car,3758.4491666666654,0.8858079478288943,-801,79,22269,car,0 days 02:21:18.481000
2024-10-27 21:28:51.992,0 days 02:21:18.841000,0 days 00:01:09.277000,5582,71,2,0,True,0,car,3765.5491666666653,0.8874813072786811,-876,83,22269,car,0 days 02:21:18.841000
2024-10-27 21:28:52.272,0 days 02:21:19.121000,0 days 00:01:09.557000,5554,68,2,0,False,0,car,3770.838055555554,0.8887278160393987,-932,67,22269,car,0 days 02:21:19.121000
2024-10-27 21:28:52.432,0 days 02:21:19.281000,0 days 00:01:09.717000,5482,64,2,1,False,0,car,3773.6824999999985,0.889398207305667,-966,48,22269,car,0 days 02:21:19.281000
2024-10-27 21:28:52.752,0 days 02:21:19.601000,0 days 00:01:10.037000,5653,64,2,16,False,0,car,3779.3713888888874,0.8907389898382035,-1012,17,22271,car,0 days 02:21:19.601000
2024-10-27 21:28:52.993,0 days 02:21:19.842000,0 days 00:01:10.278000,6151,66,2,23,False,0,car,3783.789722222221,0.8917803222094207,-1032,0,22270,car,0 days 02:21:19.842000
2024-10-27 21:28:53.193,0 days 02:21:20.042000,0 days 00:01:10.478000,6348,69,2,36,False,0,car,3787.623055555554,0.8926837791893525,-1062,-24,22271,car,0 days 02:21:20.042000
2024-10-27 21:28:53.353,0 days 02:21:20.202000,0 days 00:01:10.638000,6886,74,2,45,False,0,car,3790.911944444443,0.8934589190909753,-1087,-44,22271,car,0 days 02:21:20.202000
2024-10-27 21:28:53.593,0 days 02:21:20.442000,0 days 00:01:10.878000,7548,80,2,57,False,0,car,3796.245277777776,0.8947159027152282,-1127,-77,22271,car,0 days 02:21:20.442000
2024-10-27 21:28:53.753,0 days 02:21:20.602000,0 days 00:01:11.038000,8108,88,2,55,False,0,car,3800.1563888888872,0.8956376907063471,-1158,-98,22271,car,0 days 02:21:20.602000
2024-10-27 21:28:53.993,0 days 02:21:20.842000,0 days 00:01:11.278000,7460,94,2,51,False,0,car,3806.423055555554,0.8971146464648444,-1212,-128,22270,car,0 days 02:21:20.842000
2024-10-27 21:28:54.273,0 days 02:21:21.122000,0 days 00:01:11.558000,7635,102,3,40,False,0,car,3814.3563888888875,0.8989844096059209,-1284,-153,22271,car,0 days 02:21:21.122000
2024-10-27 21:28:54.473,0 days 02:21:21.322000,0 days 00:01:11.758000,7825,105,3,35,False,0,car,3820.1897222222206,0.9003592354449476,-1357,-165,22271,car,0 days 02:21:21.322000
2024-10-27 21:28:54.713,0 days 02:21:21.562000,0 days 00:01:11.998000,8249,107,3,47,False,0,car,3827.323055555554,0.9020404510423861,-1414,-169,22270,car,0 days 02:21:21.562000
2024-10-27 21:28:54.993,0 days 02:21:21.842000,0 days 00:01:12.278000,8708,112,3,58,False,0,car,3836.0341666666654,0.9040935242953326,-1495,-164,22271,car,0 days 02:21:21.842000
2024-10-27 21:28:55.193,0 days 02:21:22.042000,0 days 00:01:12.478000,9151,118,3,69,False,0,car,3842.5897222222206,0.9056385666668102,-1560,-155,22270,car,0 days 02:21:22.042000
2024-10-27 21:28:55.513,0 days 02:21:22.362000,0 days 00:01:12.798000,10123,125,3,79,False,0,car,3853.700833333332,0.9082572825506707,-1701,-127,22271,car,0 days 02:21:22.362000
2024-10-27 21:28:55.793,0 days 02:21:22.642000,0 days 00:01:13.078000,11156,142,3,83,False,0,car,3864.7452777777767,0.9108602861392281,-1780,-112,22270,car,0 days 02:21:22.642000
2024-10-27 21:28:56.113,0 days 02:21:22.962000,0 days 00:01:13.398000,11233,154,3,16,True,0,car,3878.434166666665,0.9140865441081442,-1949,-87,22268,car,0 days 02:21:22.962000
2024-10-27 21:28:56.353,0 days 02:21:23.202000,0 days 00:01:13.638000,10150,143,3,0,True,0,car,3887.967499999999,0.9163334023364965,-2040,-75,22266,car,0 days 02:21:23.202000
2024-10-27 21:28:56.673,0 days 02:21:23.522000,0 days 00:01:13.958000,9026,126,3,0,True,0,car,3899.1674999999987,0.9189730679474278,-2136,-60,22266,car,0 days 02:21:23.522000
2024-10-27 21:28:56.953,0 days 02:21:23.802000,0 days 00:01:14.238000,8709,116,3,0,True,0,car,3908.189722222221,0.9210994652451225,-2221,-40,22264,car,0 days 02:21:23.802000
2024-10-27 21:28:57.273,0 days 02:21:24.122000,0 days 00:01:14.558000,7691,108,3,0,True,0,car,3917.7897222222214,0.9233620357687781,-2336,15,22263,car,0 days 02:21:24.122000
2024-10-27 21:28:57.553,0 days 02:21:24.402000,0 days 00:01:14.838000,7117,101,3,0,True,0,car,3925.6452777777768,0.9252134678986674,-2360,49,22262,car,0 days 02:21:24.402000
2024-10-27 21:28:57.912,0 days 02:21:24.761000,0 days 00:01:15.197000,6751,96,3,0,False,0,car,3935.2186111111105,0.9274697535042017,-2407,137,22263,car,0 days 02:21:24.761000
2024-10-27 21:28:58.112,0 days 02:21:24.961000,0 days 00:01:15.397000,6858,92,3,14,False,0,car,3940.329722222222,0.9286743628107775,-2422,192,22265,car,0 days 02:21:24.961000
2024-10-27 21:28:58.392,0 days 02:21:25.241000,0 days 00:01:15.677000,7050,92,3,21,False,0,car,3947.4852777777774,0.9303608158399838,-2431,271,22265,car,0 days 02:21:25.241000
2024-10-27 21:28:58.632,0 days 02:21:25.481000,0 days 00:01:15.917000,7284,94,3,39,False,0,car,3953.751944444444,0.9318377715984809,-2431,330,22267,car,0 days 02:21:25.481000
2024-10-27 21:28:58.792,0 days 02:21:25.641000,0 days 00:01:16.077000,7612,97,3,41,False,0,car,3958.063055555555,0.9328538333614188,-2428,368,22268,car,0 days 02:21:25.641000
2024-10-27 21:28:59.032,0 days 02:21:25.881000,0 days 00:01:16.317000,8021,100,3,46,False,0,car,3964.7297222222214,0.9344250628917351,-2417,432,22268,car,0 days 02:21:25.881000
2024-10-27 21:28:59.192,0 days 02:21:26.041000,0 days 00:01:16.477000,7958,104,3,47,False,0,car,3969.351944444444,0.9355144486994211,-2407,477,22269,car,0 days 02:21:26.041000
2024-10-27 21:28:59.633,0 days 02:21:26.482000,0 days 00:01:16.918000,9245,115,3,69,False,0,car,3983.4394444444442,0.9388346531006708,-2351,628,22269,car,0 days 02:21:26.482000
2024-10-27 21:28:59.953,0 days 02:21:26.802000,0 days 00:01:17.238000,9996,129,3,77,False,0,car,3994.9061111111105,0.9415371678928147,-2311,702,22269,car,0 days 02:21:26.802000
2024-10-27 21:29:00.233,0 days 02:21:27.082000,0 days 00:01:17.518000,11038,138,3,84,False,0,car,4005.639444444444,0.944066847436624,-2245,796,22268,car,0 days 02:21:27.082000
2024-10-27 21:29:00.593,0 days 02:21:27.442000,0 days 00:01:17.878000,11878,154,3,100,False,0,car,4021.039444444444,0.9476963876516545,-2104,946,22266,car,0 days 02:21:27.442000
2024-10-27 21:29:00.753,0 days 02:21:27.602000,0 days 00:01:18.038000,11576,164,3,100,False,0,car,4028.328333333333,0.949414265271467,-2050,991,22266,car,0 days 02:21:27.602000
2024-10-27 21:29:00.953,0 days 02:21:27.802000,0 days 00:01:18.238000,11038,172,3,100,False,0,car,4037.8838888888886,0.9516663609315871,-1995,1032,22265,car,0 days 02:21:27.802000
2024-10-27 21:29:01.313,0 days 02:21:28.162000,0 days 00:01:18.598000,11941,184,4,100,False,8,car,4056.2838888888887,0.9560029544352601,-1883,1099,22265,car,0 days 02:21:28.162000
2024-10-27 21:29:01.713,0 days 02:21:28.562000,0 days 00:01:18.998000,10675,199,5,100,False,8,car,4078.395,0.9612141990441424,-1683,1186,22264,car,0 days 02:21:28.562000
2024-10-27 21:29:02.033,0 days 02:21:28.882000,0 days 00:01:19.318000,11555,208,5,100,False,8,car,4096.883888888889,0.9655717422748862,-1502,1236,22262,car,0 days 02:21:28.882000
2024-10-27 21:29:02.273,0 days 02:21:29.122000,0 days 00:01:19.558000,11848,217,5,100,False,8,car,4111.350555555556,0.9689813103556726,-1283,1272,22263,car,0 days 02:21:29.122000
2024-10-27 21:29:02.593,0 days 02:21:29.442000,0 days 00:01:19.878000,10781,224,5,100,False,8,car,4131.261666666666,0.9736740492195505,-1170,1281,22264,car,0 days 02:21:29.442000
2024-10-27 21:29:02.873,0 days 02:21:29.722000,0 days 00:01:20.158000,11048,231,6,100,False,8,car,4149.2283333333335,0.977908512803753,-976,1285,22266,car,0 days 02:21:29.722000
2024-10-27 21:29:03.113,0 days 02:21:29.962000,0 days 00:01:20.398000,11331,236,6,100,False,8,car,4164.961666666666,0.9816166144952992,-828,1280,22265,car,0 days 02:21:29.962000
2024-10-27 21:29:03.313,0 days 02:21:30.162000,0 days 00:01:20.598000,11534,238,6,100,False,8,car,4178.183888888889,0.9847328863970933,-708,1272,22266,car,0 days 02:21:30.162000
2024-10-27 21:29:03.473,0 days 02:21:30.322000,0 days 00:01:20.758000,11697,246,6,100,False,8,car,4189.117222222222,0.9873097028268121,-597,1262,22268,car,0 days 02:21:30.322000
2024-10-27 21:29:03.673,0 days 02:21:30.522000,0 days 00:01:20.958000,11829,250,6,100,False,8,car,4203.006111111111,0.9905830976816375,-444,1245,22268,car,0 days 02:21:30.522000
2024-10-27 21:29:03.913,0 days 02:21:30.762000,0 days 00:01:21.198000,10502,254,7,100,False,8,car,4219.939444444444,0.994574020688641,-305,1227,22269,car,0 days 02:21:30.762000
