Date_x,SessionTime_x,Time,RPM_x,Speed_x,nGear_x,Throttle_x,Brake_x,DRS_x,Source_x,Distance,RelativeDistance,X,Y,Z,Source_y,SessionTime_y
2024-03-01 16:28:58.044,0 days 00:42:22.371000,0 days 00:00:00.119000,10789,290,7,98,False,14,car,9.675555555555555,0.0017989463624041295,-374.41938913626876,1407.3929495762115,-158.76278605857743,car,0 days 00:42:22.371000
2024-03-01 16:28:58.204,0 days 00:42:22.531000,0 days 00:00:00.279000,10257,292,8,98,False,14,car,22.653333333333336,0.004211864772243386,-368.1846144023681,1537.277770414087,-158.01574554278517,car,0 days 00:42:22.531000
2024-03-01 16:28:58.404,0 days 00:42:22.731000,0 days 00:00:00.479000,10327,294,8,98,False,14,car,38.986666666666665,0.0072486713325719,-361.06646104243634,1687.687409076372,-158.72756313073958,car,0 days 00:42:22.731000
2024-03-01 16:28:58.644,0 days 00:42:22.971000,0 days 00:00:00.719000,10425,295,8,98,False,14,car,58.65333333333333,0.010905234333783785,-349.50292457345586,1958.0978630661273,-159.0072924969319,car,0 days 00:42:22.971000
2024-03-01 16:28:58.804,0 days 00:42:23.131000,0 days 00:00:00.879000,10478,297,8,98,False,14,car,71.85333333333332,0.01335946983968193,-344.8187721645212,2066.905709416353,-158.95504912527073,car,0 days 00:42:23.131000
2024-03-01 16:28:58.964,0 days 00:42:23.291000,0 days 00:00:01.039000,10510,299,8,98,False,14,car,85.1422222222222,0.01583023218400363,-341.2669898335048,2153.7308123577004,-159.02146376758012,car,0 days 00:42:23.291000
2024-03-01 16:28:59.324,0 days 00:42:23.651000,0 days 00:00:01.399000,10579,300,8,98,False,14,car,115.14222222222222,0.021408040151953966,-329.0670992231919,2456.591438972292,-158.40627100463257,car,0 days 00:42:23.651000
2024-03-01 16:28:59.643,0 days 00:42:23.970000,0 days 00:00:01.718000,10663,302,8,98,False,14,car,141.90277777777777,0.026383548152105814,-311.6593307667307,2843.5383652507,-159.0308574690164,car,0 days 00:42:23.970000
2024-03-01 16:28:59.843,0 days 00:42:24.170000,0 days 00:00:01.918000,10728,304,8,98,False,14,car,158.79166666666666,0.029523647452581556,-305.8988193041554,2966.546937948558,-159.28397263515762,car,0 days 00:42:24.170000
2024-03-01 16:29:00.043,0 days 00:42:24.370000,0 days 00:00:02.118000,10782,305,8,98,False,14,car,175.7361111111111,0.03267407602707202,-301.4071677578746,3059.3539275973108,-159.01096116159044,car,0 days 00:42:24.370000
2024-03-01 16:29:00.323,0 days 00:42:24.650000,0 days 00:00:02.398000,10800,306,8,98,False,14,car,199.5361111111111,0.037099137014979286,-285.5063058238447,3412.02660484981,-159.0516707898642,car,0 days 00:42:24.650000
2024-03-01 16:29:00.523,0 days 00:42:24.850000,0 days 00:00:02.598000,10826,307,8,98,False,14,car,216.59166666666664,0.04027022413749919,-279.1938882208674,3557.1639181236906,-158.36308137924362,car,0 days 00:42:24.850000
2024-03-01 16:29:00.843,0 days 00:42:25.170000,0 days 00:00:02.918000,10860,309,8,98,False,14,car,244.05833333333334,0.04537701721037817,-273.2259511613899,3738.4258015743626,-158.6717283815953,car,0 days 00:42:25.170000
2024-03-01 16:29:01.003,0 days 00:42:25.330000,0 days 00:00:03.078000,10932,309,8,98,False,14,car,257.79166666666663,0.047930413746817654,-267.92170588380964,3894.0607606917692,-158.92102251965335,car,0 days 00:42:25.330000
2024-03-01 16:29:01.284,0 days 00:42:25.611000,0 days 00:00:03.359000,10935,311,8,98,False,14,car,282.0669444444444,0.05244384167392087,-256.23889413802243,4206.908094055283,-157.696268431423,car,0 days 00:42:25.611000
2024-03-01 16:29:01.564,0 days 00:42:25.891000,0 days 00:00:03.639000,10958,311,8,98,False,14,car,306.25583333333327,0.05694120757993119,-245.8093802192199,4482.270267271902,-158.0339934266143,car,0 days 00:42:25.891000
2024-03-01 16:29:01.724,0 days 00:42:26.051000,0 days 00:00:03.799000,10969,312,8,98,False,14,car,320.12249999999995,0.05951939437400601,-244.0734909694434,4535.407842079042,-158.85858270720897,car,0 days 00:42:26.051000
2024-03-01 16:29:01.964,0 days 00:42:26.291000,0 days 00:00:04.039000,11021,313,8,98,False,14,car,340.9891666666666,0.06339906969393591,-236.77090935022028,4751.477772066195,-158.24089112375214,car,0 days 00:42:26.291000
2024-03-01 16:29:02.204,0 days 00:42:26.531000,0 days 00:00:04.279000,11001,313,8,98,False,14,car,361.8558333333333,0.06727874501386581,-227.5399657820564,5015.736517592932,-156.61858341532215,car,0 days 00:42:26.531000
2024-03-01 16:29:02.404,0 days 00:42:26.731000,0 days 00:00:04.479000,11020,313,8,98,False,14,car,379.2447222222222,0.07051180778047407,-224.2288419986998,5110.138135172849,-156.06373296143477,car,0 days 00:42:26.731000
2024-03-01 16:29:02.684,0 days 00:42:27.011000,0 days 00:00:04.759000,11054,314,8,98,False,14,car,403.6669444444444,0.07505255663734622,-216.56908745983466,5346.791114292876,-153.46007321548782,car,0 days 00:42:27.011000
2024-03-01 16:29:02.964,0 days 00:42:27.291000,0 days 00:00:05.039000,11071,314,8,98,False,14,car,428.0891666666666,0.07959330549421838,-208.32552678432756,5597.532711517171,-151.44225676452726,car,0 days 00:42:27.291000
2024-03-01 16:29:03.204,0 days 00:42:27.531000,0 days 00:00:05.279000,11037,314,8,98,False,14,car,449.0224999999999,0.08348537594296594,-201.58375508121935,5808.29440686086,-148.8873280988014,car,0 days 00:42:27.531000
2024-03-01 16:29:03.564,0 days 00:42:27.891000,0 days 00:00:05.639000,11100,315,8,98,False,14,car,480.5224999999999,0.08934207430931379,-189.11785468580365,6188.120822784291,-145.53550400288103,car,0 days 00:42:27.891000
2024-03-01 16:29:03.804,0 days 00:42:28.131000,0 days 00:00:05.879000,11161,315,8,98,False,14,car,501.52249999999987,0.09324653988687902,-186.3838122797858,6317.971385122809,-144.77162828361264,car,0 days 00:42:28.131000
2024-03-01 16:29:03.964,0 days 00:42:28.291000,0 days 00:00:06.039000,11079,314,8,98,False,14,car,515.4780555555554,0.09584125351937739,-182.19651721309958,6468.402060845106,-143.65649147205374,car,0 days 00:42:28.291000
2024-03-01 16:29:04.244,0 days 00:42:28.571000,0 days 00:00:06.319000,11074,313,8,98,False,14,car,539.8224999999999,0.10036754139262895,-176.08836748566233,6692.732916132005,-140.84610771209927,car,0 days 00:42:28.571000
2024-03-01 16:29:04.644,0 days 00:42:28.971000,0 days 00:00:06.719000,10962,312,8,98,False,14,car,574.4891666666666,0.10681300837781602,-162.12837935250292,7181.284677839435,-136.73749973800125,car,0 days 00:42:28.971000
2024-03-01 16:29:04.804,0 days 00:42:29.131000,0 days 00:00:06.879000,10945,312,8,96,False,14,car,588.3558333333332,0.1093911951718908,-159.2989930472001,7275.6242087811315,-135.8952787190878,car,0 days 00:42:29.131000
2024-03-01 16:29:04.964,0 days 00:42:29.291000,0 days 00:00:07.039000,10578,294,8,0,True,10,car,601.4224999999999,0.11182064042015363,-157.23781411818197,7333.603418457088,-135.45462782537356,car,0 days 00:42:29.291000
2024-03-01 16:29:05.204,0 days 00:42:29.531000,0 days 00:00:07.279000,9458,275,8,0,True,8,car,619.7558333333333,0.11522930084501218,-147.09297623913622,7583.748913824725,-133.4136627688785,car,0 days 00:42:29.531000
2024-03-01 16:29:05.444,0 days 00:42:29.771000,0 days 00:00:07.519000,8093,258,8,0,True,8,car,636.9558333333333,0.11842724407997038,-141.17762581574576,7730.099823351106,-132.2883791916827,car,0 days 00:42:29.771000
2024-03-01 16:29:05.644,0 days 00:42:29.971000,0 days 00:00:07.719000,8794,199,8,0,True,8,car,648.0113888888889,0.12048276960890023,-137.3035171738618,7798.1425933462815,-131.79093249997237,car,0 days 00:42:29.971000
2024-03-01 16:29:05.844,0 days 00:42:30.171000,0 days 00:00:07.919000,8733,175,8,0,True,8,car,657.733611111111,0.12229039256147671,-131.29766497265726,7888.3076661875075,-131.0420164369474,car,0 days 00:42:30.171000
2024-03-01 16:29:06.284,0 days 00:42:30.611000,0 days 00:00:08.359000,9185,143,8,0,True,8,car,675.2113888888888,0.1255399821665085,-113.67596024122027,8048.7862031035365,-129.6278566630125,car,0 days 00:42:30.611000
2024-03-01 16:29:06.723,0 days 00:42:31.050000,0 days 00:00:08.798000,8625,102,4,0,True,8,car,687.6497222222222,0.1278526033256648,-82.42908187846506,8186.861722108111,-129.11235611975874,car,0 days 00:42:31.050000
2024-03-01 16:29:06.883,0 days 00:42:31.210000,0 days 00:00:08.958000,7953,92,2,0,True,8,car,691.738611111111,0.1286128378931484,-70.42528618625708,8208.178765938139,-128.85136906763702,car,0 days 00:42:31.210000
2024-03-01 16:29:07.083,0 days 00:42:31.410000,0 days 00:00:09.158000,7505,87,2,0,True,8,car,696.5719444444444,0.1295114847324293,-44.65700291336545,8251.636428047308,-128.01671093753185,car,0 days 00:42:31.410000
2024-03-01 16:29:07.243,0 days 00:42:31.570000,0 days 00:00:09.318000,7138,84,2,0,True,8,car,700.3052777777777,0.13020561194621869,-22.16944423014271,8280.047652072872,-127.97959003910555,car,0 days 00:42:31.570000
2024-03-01 16:29:07.523,0 days 00:42:31.850000,0 days 00:00:09.598000,6741,80,2,0,False,8,car,706.5275,0.13136249063586766,35.07280746789148,8323.295800042648,-128.7743289694895,car,0 days 00:42:31.850000
2024-03-01 16:29:07.723,0 days 00:42:32.050000,0 days 00:00:09.798000,6639,79,2,0,False,8,car,710.916388888889,0.13217850328303077,84.07297821039359,8344.833381999804,-130.08224121626733,car,0 days 00:42:32.050000
2024-03-01 16:29:08.124,0 days 00:42:32.451000,0 days 00:00:10.199000,6102,74,2,0,False,8,car,719.1591666666667,0.13371105766859517,142.835549905363,8346.109697451904,-130.52112309925155,car,0 days 00:42:32.451000
2024-03-01 16:29:08.284,0 days 00:42:32.611000,0 days 00:00:10.359000,6358,71,2,14,False,8,car,722.3147222222223,0.13429776043263145,179.1884676413889,8336.635524555926,-131.39388059464997,car,0 days 00:42:32.611000
2024-03-01 16:29:08.724,0 days 00:42:33.051000,0 days 00:00:10.799000,7002,72,2,32,False,8,car,731.1147222222222,0.13593391743656352,267.2748453090177,8287.964187858826,-133.37042907536227,car,0 days 00:42:33.051000
2024-03-01 16:29:09.164,0 days 00:42:33.491000,0 days 00:00:11.239000,7774,85,2,46,False,8,car,741.5036111111111,0.1378654916773167,328.0467569976877,8236.382139437637,-135.14436776920328,car,0 days 00:42:33.491000
2024-03-01 16:29:09.324,0 days 00:42:33.651000,0 days 00:00:11.399000,8334,88,2,55,False,8,car,745.4147222222222,0.13859267256795318,355.6126094074935,8209.351878444138,-135.788283953332,car,0 days 00:42:33.651000
2024-03-01 16:29:09.524,0 days 00:42:33.851000,0 days 00:00:11.599000,9094,95,2,62,False,8,car,750.6925,0.13957395359935185,391.03856770149116,8174.1287404932455,-137.71264283539918,car,0 days 00:42:33.851000
2024-03-01 16:29:09.724,0 days 00:42:34.051000,0 days 00:00:11.799000,9183,104,2,62,False,8,car,756.4702777777777,0.14064819809688303,429.7865048608405,8133.075823198351,-139.04900200358406,car,0 days 00:42:34.051000
2024-03-01 16:29:09.924,0 days 00:42:34.251000,0 days 00:00:11.999000,10443,114,2,77,False,8,car,762.8036111111111,0.14182573533456144,470.9927954724823,8088.904647841349,-140.03645661895715,car,0 days 00:42:34.251000
2024-03-01 16:29:10.204,0 days 00:42:34.531000,0 days 00:00:12.279000,11553,129,2,81,False,8,car,772.8369444444444,0.14369120222162038,540.4192403846259,8020.909730488176,-141.04682678916518,car,0 days 00:42:34.531000
2024-03-01 16:29:10.404,0 days 00:42:34.731000,0 days 00:00:12.479000,10713,135,2,80,False,8,car,780.3369444444444,0.14508565421360795,597.1249700704119,7976.518837051821,-142.3110555047028,car,0 days 00:42:34.731000
2024-03-01 16:29:10.684,0 days 00:42:35.011000,0 days 00:00:12.759000,11177,150,3,78,False,8,car,792.0036111111111,0.14725480175669978,695.0340855414453,7921.323059619088,-143.86335418652243,car,0 days 00:42:35.011000
2024-03-01 16:29:11.004,0 days 00:42:35.331000,0 days 00:00:13.079000,11909,156,3,79,False,8,car,805.8702777777778,0.1498329885507746,808.1708438612977,7879.300479723585,-143.11291669681134,car,0 days 00:42:35.331000
2024-03-01 16:29:11.364,0 days 00:42:35.691000,0 days 00:00:13.439000,10832,156,3,86,False,8,car,821.4702777777778,0.15273344869410876,1078.177449219557,7863.28522388582,-141.84133476650217,car,0 days 00:42:35.691000
2024-03-01 16:29:11.644,0 days 00:42:35.971000,0 days 00:00:13.719000,11180,180,4,98,False,8,car,835.4702777777778,0.15533642574581893,1170.781147842574,7884.552078994266,-138.93120604115956,car,0 days 00:42:35.971000
2024-03-01 16:29:12.004,0 days 00:42:36.331000,0 days 00:00:14.079000,11322,194,4,98,False,8,car,854.8702777777779,0.15894340823176015,1302.4563840679305,7909.019738117078,-135.8541522990316,car,0 days 00:42:36.331000
2024-03-01 16:29:12.284,0 days 00:42:36.611000,0 days 00:00:14.359000,10751,201,5,98,False,8,car,870.5036111111112,0.16185006593950316,1502.7862225244755,7960.461202041704,-128.37228147172993,car,0 days 00:42:36.611000
2024-03-01 16:29:12.524,0 days 00:42:36.851000,0 days 00:00:14.599000,11030,208,5,98,False,8,car,884.3702777777779,0.16442825273357797,1661.7246368722494,8008.44613550652,-122.79593248326225,car,0 days 00:42:36.851000
2024-03-01 16:29:12.724,0 days 00:42:37.051000,0 days 00:00:14.799000,11289,215,5,98,False,8,car,896.3147222222224,0.1666490466467434,1764.967640405036,8041.3104521285295,-119.44097854223779,car,0 days 00:42:37.051000
2024-03-01 16:29:12.964,0 days 00:42:37.291000,0 days 00:00:15.039000,11375,219,5,98,False,8,car,910.9147222222224,0.16936357985781256,1847.7366185059784,8060.325243797676,-116.51611425978643,car,0 days 00:42:37.291000
2024-03-01 16:29:13.323,0 days 00:42:37.650000,0 days 00:00:15.398000,10505,227,6,98,False,8,car,933.5516666666668,0.1735723974942216,2050.946481084872,8071.267984123988,-110.44550456244676,car,0 days 00:42:37.650000
2024-03-01 16:29:13.763,0 days 00:42:38.090000,0 days 00:00:15.838000,10940,238,6,98,False,8,car,962.6405555555557,0.17898080536833047,2413.154824092837,8052.006541772515,-98.73763426783712,car,0 days 00:42:38.090000
2024-03-01 16:29:14.123,0 days 00:42:38.450000,0 days 00:00:16.198000,11244,244,6,98,False,14,car,987.0405555555558,0.18351742251559677,2595.205736257303,8028.006943164002,-92.49423321056953,car,0 days 00:42:38.450000
2024-03-01 16:29:14.404,0 days 00:42:38.731000,0 days 00:00:16.479000,11455,251,6,98,False,14,car,1006.6325000000002,0.18716009264325884,2791.099348836057,7993.460957869049,-86.89431145996689,car,0 days 00:42:38.731000
2024-03-01 16:29:14.844,0 days 00:42:39.171000,0 days 00:00:16.919000,10357,259,6,98,False,14,car,1038.2880555555557,0.19304571297684792,3094.1329233579277,7930.659376294831,-77.57427584953362,car,0 days 00:42:39.171000
2024-03-01 16:29:15.244,0 days 00:42:39.571000,0 days 00:00:17.319000,10570,266,7,98,False,14,car,1067.8436111111112,0.19854088675268045,3388.62979221516,7871.179147019546,-72.00188993505884,car,0 days 00:42:39.571000
2024-03-01 16:29:15.564,0 days 00:42:39.891000,0 days 00:00:17.639000,10888,272,7,98,False,14,car,1092.0213888888889,0.2030361868038878,3613.806792942822,7825.945153534711,-67.50267280350047,car,0 days 00:42:39.891000
2024-03-01 16:29:15.844,0 days 00:42:40.171000,0 days 00:00:17.919000,10966,275,7,98,False,14,car,1113.4102777777778,0.2070129572995561,3821.5819503939338,7782.8714190480205,-63.88898302085454,car,0 days 00:42:40.171000
2024-03-01 16:29:16.124,0 days 00:42:40.451000,0 days 00:00:18.199000,11131,278,7,98,False,14,car,1135.0325,0.21103311074608624,4082.082333116035,7730.659648493486,-58.50440891931171,car,0 days 00:42:40.451000
2024-03-01 16:29:16.364,0 days 00:42:40.691000,0 days 00:00:18.439000,11285,282,7,98,False,14,car,1153.8325,0.21452853707266845,4290.66944440719,7688.299313494987,-54.73854998273447,car,0 days 00:42:40.691000
2024-03-01 16:29:16.604,0 days 00:42:40.931000,0 days 00:00:18.679000,11304,284,7,98,False,14,car,1172.7658333333331,0.21804875365688595,4407.89924812178,7664.960957670112,-52.52711734298869,car,0 days 00:42:40.931000
2024-03-01 16:29:16.764,0 days 00:42:41.091000,0 days 00:00:18.839000,11444,287,7,98,False,14,car,1185.5213888888886,0.2204203549706663,4557.939280349403,7635.351914861255,-49.2974966974981,car,0 days 00:42:41.091000
2024-03-01 16:29:16.924,0 days 00:42:41.251000,0 days 00:00:18.999000,11480,287,7,98,False,14,car,1198.276944444444,0.22279195628444665,4703.46493095139,7606.5642656006075,-46.249314970531934,car,0 days 00:42:41.251000
2024-03-01 16:29:17.284,0 days 00:42:41.611000,0 days 00:00:19.359000,11639,290,7,98,False,14,car,1227.2769444444443,0.228183837320132,4936.477758493904,7560.429301374205,-42.23643193291801,car,0 days 00:42:41.611000
2024-03-01 16:29:17.644,0 days 00:42:41.971000,0 days 00:00:19.719000,10288,293,7,98,False,14,car,1256.5769444444443,0.23363149643549683,5264.48966095586,7496.974305006775,-36.04559322100713,car,0 days 00:42:41.971000
2024-03-01 16:29:18.004,0 days 00:42:42.331000,0 days 00:00:20.079000,10488,296,8,98,False,14,car,1286.1769444444442,0.23913493363054114,5513.725761412069,7449.114320843907,-30.540788733048203,car,0 days 00:42:42.331000
2024-03-01 16:29:18.204,0 days 00:42:42.531000,0 days 00:00:20.279000,10482,298,8,98,False,14,car,1302.7324999999996,0.24221305728692852,5678.801643390772,7418.638188580773,-27.54618228937418,car,0 days 00:42:42.531000
2024-03-01 16:29:18.364,0 days 00:42:42.691000,0 days 00:00:20.439000,10572,299,8,98,False,14,car,1316.0213888888886,0.24468381963125024,5812.21334576332,7393.953327238256,-24.391030953243202,car,0 days 00:42:42.691000
2024-03-01 16:29:18.564,0 days 00:42:42.891000,0 days 00:00:20.639000,10636,300,8,98,False,14,car,1332.6880555555551,0.24778260183566708,6064.999831574006,7347.0898026275145,-19.719452091940827,car,0 days 00:42:42.891000
2024-03-01 16:29:18.924,0 days 00:42:43.251000,0 days 00:00:20.999000,10468,302,8,98,False,14,car,1362.8880555555552,0.25339759519007043,6301.444031114536,7303.942366899574,-15.416214296688663,car,0 days 00:42:43.251000
2024-03-01 16:29:19.124,0 days 00:42:43.451000,0 days 00:00:21.199000,10657,303,8,97,False,14,car,1379.7213888888887,0.25652736521653147,6424.646825268227,7281.567301520157,-12.989285696663355,car,0 days 00:42:43.451000
2024-03-01 16:29:19.364,0 days 00:42:43.691000,0 days 00:00:21.439000,9993,274,8,0,True,10,car,1397.9880555555553,0.25992363051257233,6652.536961594813,7239.836550312682,-8.9262635919019,car,0 days 00:42:43.691000
2024-03-01 16:29:19.684,0 days 00:42:44.011000,0 days 00:00:21.759000,8873,233,8,0,True,8,car,1418.6991666666665,0.26377438386526103,6905.9320247788655,7193.322050911254,-4.66517668484664,car,0 days 00:42:44.011000
2024-03-01 16:29:20.123,0 days 00:42:44.450000,0 days 00:00:22.198000,9532,188,8,0,True,8,car,1441.624722222222,0.2680368620801766,7087.5369445890365,7151.269482498031,-0.48971049538027894,car,0 days 00:42:44.450000
2024-03-01 16:29:20.603,0 days 00:42:44.930000,0 days 00:00:22.678000,10826,157,8,0,True,8,car,1462.5580555555555,0.27192893252892414,7320.190355123497,7050.640986784082,1.4746636841200746,car,0 days 00:42:44.930000
2024-03-01 16:29:20.763,0 days 00:42:45.090000,0 days 00:00:22.838000,10522,148,7,0,True,8,car,1469.1358333333333,0.27315191857226734,7355.395460450765,7022.1538091342045,2.3684722924680663,car,0 days 00:42:45.090000
2024-03-01 16:29:20.924,0 days 00:42:45.251000,0 days 00:00:22.999000,10088,144,5,0,True,8,car,1475.575833333333,0.27434928801605396,7410.0339396376685,6970.696105896861,4.845374762783123,car,0 days 00:42:45.251000
2024-03-01 16:29:21.284,0 days 00:42:45.611000,0 days 00:00:23.359000,9747,136,3,0,False,8,car,1489.1758333333332,0.27687789429485815,7484.879577676094,6835.355699394385,7.869939983493567,car,0 days 00:42:45.611000
2024-03-01 16:29:21.484,0 days 00:42:45.811000,0 days 00:00:23.559000,9197,133,3,0,False,8,car,1496.5647222222221,0.27825168773881626,7496.032336811844,6773.025437915245,8.010083418461454,car,0 days 00:42:45.811000
2024-03-01 16:29:21.724,0 days 00:42:46.051000,0 days 00:00:23.799000,8920,129,3,2,False,8,car,1505.164722222222,0.2798506593562954,7497.908225342858,6710.146053406341,7.998650690458842,car,0 days 00:42:46.051000
2024-03-01 16:29:21.964,0 days 00:42:46.291000,0 days 00:00:24.039000,8960,122,3,8,False,8,car,1513.2980555555555,0.2813628650720508,7490.61577700766,6623.529328973375,8.031170646652141,car,0 days 00:42:46.291000
2024-03-01 16:29:22.164,0 days 00:42:46.491000,0 days 00:00:24.239000,9081,123,3,30,False,8,car,1520.1313888888888,0.2826333657758617,7475.933295026553,6556.568466871835,8.129938321993167,car,0 days 00:42:46.491000
2024-03-01 16:29:22.324,0 days 00:42:46.651000,0 days 00:00:24.399000,9264,124,3,42,False,8,car,1525.6425,0.2836580297581222,7458.887791223718,6504.989639043225,7.4483564728382765,car,0 days 00:42:46.651000
2024-03-01 16:29:22.524,0 days 00:42:46.851000,0 days 00:00:24.599000,9480,127,3,47,False,8,car,1532.6980555555554,0.284969847557992,7432.323769627717,6440.686748174403,6.2035484601777435,car,0 days 00:42:46.851000
2024-03-01 16:29:22.804,0 days 00:42:47.131000,0 days 00:00:24.879000,9883,134,3,59,False,8,car,1543.1202777777776,0.286907619363154,7369.907956310491,6337.00065980804,4.215138600135051,car,0 days 00:42:47.131000
2024-03-01 16:29:23.044,0 days 00:42:47.371000,0 days 00:00:25.119000,10474,134,3,74,False,8,car,1552.0536111111107,0.2885685666247214,7326.9779146735345,6281.028058453284,2.776446846547893,car,0 days 00:42:47.371000
2024-03-01 16:29:23.284,0 days 00:42:47.611000,0 days 00:00:25.359000,10961,152,3,87,False,8,car,1562.1869444444442,0.29045262620500684,7287.005489954367,6241.978645378054,0.5006282208050095,car,0 days 00:42:47.611000
2024-03-01 16:29:23.444,0 days 00:42:47.771000,0 days 00:00:25.519000,11521,157,3,98,False,8,car,1569.1647222222218,0.29174998302125604,7243.781839994349,6199.434056639427,-2.464257351440012,car,0 days 00:42:47.771000
2024-03-01 16:29:23.644,0 days 00:42:47.971000,0 days 00:00:25.719000,11174,167,3,98,False,8,car,1578.4424999999997,0.2934749717817148,7127.253228378131,6100.362068747495,-4.792412529720047,car,0 days 00:42:47.971000
2024-03-01 16:29:23.844,0 days 00:42:48.171000,0 days 00:00:25.919000,10892,167,4,98,False,8,car,1587.7202777777775,0.29519996054217346,7068.2825586685,6053.280456992163,-5.554655815718186,car,0 days 00:42:48.171000
2024-03-01 16:29:24.004,0 days 00:42:48.331000,0 days 00:00:26.079000,10875,186,4,98,False,8,car,1595.9869444444441,0.29673695651556425,7034.800278129691,6031.280011112298,-5.945775602169661,car,0 days 00:42:48.331000
2024-03-01 16:29:24.244,0 days 00:42:48.571000,0 days 00:00:26.319000,10054,192,5,98,False,8,car,1608.786944444444,0.2991168212485564,6890.755431620971,5931.359392253143,-7.559297540137357,car,0 days 00:42:48.571000
2024-03-01 16:29:24.404,0 days 00:42:48.731000,0 days 00:00:26.479000,10722,199,5,98,False,8,car,1617.6313888888885,0.30076124167170026,6820.550259390294,5882.275166463548,-8.405147330999766,car,0 days 00:42:48.731000
2024-03-01 16:29:24.684,0 days 00:42:49.011000,0 days 00:00:26.759000,10939,208,5,98,False,8,car,1633.8091666666664,0.3037691262647876,6735.193503965021,5821.2531329302965,-9.302388247937904,car,0 days 00:42:49.011000
2024-03-01 16:29:24.964,0 days 00:42:49.291000,0 days 00:00:27.039000,11339,216,5,98,False,8,car,1650.6091666666666,0.3068926987268398,6598.872661356132,5720.1696266266445,-10.541012646498022,car,0 days 00:42:49.291000
2024-03-01 16:29:25.244,0 days 00:42:49.571000,0 days 00:00:27.319000,11339,219,5,98,False,8,car,1667.6424999999997,0.3100596541397537,6464.90612650208,5615.145917819141,-12.772209014280353,car,0 days 00:42:49.571000
2024-03-01 16:29:25.404,0 days 00:42:49.731000,0 days 00:00:27.479000,10323,226,6,98,False,8,car,1677.6869444444442,0.31192718688161564,6388.4523698263965,5551.371335851874,-13.735513916295316,car,0 days 00:42:49.731000
2024-03-01 16:29:25.804,0 days 00:42:50.131000,0 days 00:00:27.879000,10778,235,6,98,False,8,car,1703.7980555555555,0.3167819456685354,6204.521262291362,5375.301799070084,-16.30606433008803,car,0 days 00:42:50.131000
2024-03-01 16:29:26.044,0 days 00:42:50.371000,0 days 00:00:28.119000,11012,239,6,98,False,8,car,1719.7313888888887,0.3197443814559579,6102.9858630933095,5259.089128019646,-18.86897470344322,car,0 days 00:42:50.371000
2024-03-01 16:29:26.244,0 days 00:42:50.571000,0 days 00:00:28.319000,11174,243,6,98,False,8,car,1733.2313888888887,0.3222543950415355,6018.976660616492,5152.624370184669,-20.892006214424754,car,0 days 00:42:50.571000
2024-03-01 16:29:26.603,0 days 00:42:50.930000,0 days 00:00:28.678000,11312,249,6,98,False,8,car,1758.062222222222,0.326871115708786,5884.132321396584,4961.816052350991,-24.415051140592215,car,0 days 00:42:50.930000
2024-03-01 16:29:27.003,0 days 00:42:51.330000,0 days 00:00:29.078000,11468,252,6,93,False,8,car,1786.062222222222,0.3320770698122063,5702.393069899983,4668.125635256134,-28.28432359536096,car,0 days 00:42:51.330000
2024-03-01 16:29:27.203,0 days 00:42:51.530000,0 days 00:00:29.278000,11015,250,6,0,True,8,car,1799.951111111111,0.33465938831588704,5604.709849800036,4531.032925522667,-29.90757001397281,car,0 days 00:42:51.530000
2024-03-01 16:29:27.524,0 days 00:42:51.851000,0 days 00:00:29.599000,11521,239,6,0,False,8,car,1821.2619444444445,0.33862164618156465,5509.673202205528,4410.467833873235,-31.855773505634588,car,0 days 00:42:51.851000
2024-03-01 16:29:27.724,0 days 00:42:52.051000,0 days 00:00:29.799000,11820,231,5,1,False,8,car,1834.0952777777777,0.3410077084789656,5430.187784345526,4351.154019460982,-33.51073934859468,car,0 days 00:42:52.051000
2024-03-01 16:29:28.004,0 days 00:42:52.331000,0 days 00:00:30.079000,11481,221,5,9,False,8,car,1851.2841666666666,0.34420358585912086,5214.250801651549,4225.363446540767,-36.90077357384953,car,0 days 00:42:52.331000
2024-03-01 16:29:28.244,0 days 00:42:52.571000,0 days 00:00:30.319000,11296,215,5,46,False,8,car,1865.6174999999998,0.34686853855491934,5147.606531246062,4199.4341025548,-38.087255482533855,car,0 days 00:42:52.571000
2024-03-01 16:29:28.484,0 days 00:42:52.811000,0 days 00:00:30.559000,11342,213,5,76,False,8,car,1879.8174999999999,0.3495087009930825,4972.889067469104,4189.476057581698,-41.71288722452779,car,0 days 00:42:52.811000
2024-03-01 16:29:28.764,0 days 00:42:53.091000,0 days 00:00:30.839000,11611,218,5,98,False,8,car,1896.7730555555554,0.35266119542237595,4801.674097146088,4184.270863671278,-44.97962622544547,car,0 days 00:42:53.091000
2024-03-01 16:29:29.044,0 days 00:42:53.371000,0 days 00:00:31.119000,11856,222,5,98,False,8,car,1914.039722222222,0.3558715337861518,4674.71693254952,4189.565951395234,-48.858179882378266,car,0 days 00:42:53.371000
2024-03-01 16:29:29.204,0 days 00:42:53.531000,0 days 00:00:31.279000,11556,226,5,98,False,8,car,1924.0841666666665,0.3577390665280137,4569.507604506438,4189.545267428637,-51.65562711438499,car,0 days 00:42:53.531000
2024-03-01 16:29:29.364,0 days 00:42:53.691000,0 days 00:00:31.439000,10716,232,5,98,False,8,car,1934.3952777777777,0.35965617978514625,4470.552922201715,4185.197468110914,-53.83047010908852,car,0 days 00:42:53.691000
2024-03-01 16:29:29.604,0 days 00:42:53.931000,0 days 00:00:31.679000,10778,233,6,85,False,8,car,1949.928611111111,0.36254424479966274,4320.351443398,4166.6994394672,-58.7670486684639,car,0 days 00:42:53.931000
2024-03-01 16:29:29.844,0 days 00:42:54.171000,0 days 00:00:31.919000,10755,234,6,91,False,8,car,1965.528611111111,0.3654447049429969,4171.033141667494,4127.142420341287,-63.68072955742826,car,0 days 00:42:54.171000
2024-03-01 16:29:30.204,0 days 00:42:54.531000,0 days 00:00:32.279000,11071,239,6,98,False,8,car,1989.4286111111112,0.3698883586241307,3956.128523191957,4033.133307732088,-72.65819924393546,car,0 days 00:42:54.531000
2024-03-01 16:29:30.404,0 days 00:42:54.731000,0 days 00:00:32.479000,11176,242,6,98,False,8,car,2002.8730555555553,0.3723880429356936,3836.86760243352,3960.3213799077485,-77.93459365695001,car,0 days 00:42:54.731000
2024-03-01 16:29:30.644,0 days 00:42:54.971000,0 days 00:00:32.719000,11205,243,6,98,False,8,car,2019.0730555555554,0.37540005923838676,3659.2558055118966,3804.1328207097135,-91.39133583471009,car,0 days 00:42:54.971000
2024-03-01 16:29:30.884,0 days 00:42:55.211000,0 days 00:00:32.959000,11406,248,6,98,False,8,car,2035.606388888889,0.3784740511851683,3551.0118609502524,3685.6267010613083,-100.28287573768924,car,0 days 00:42:55.211000
2024-03-01 16:29:31.084,0 days 00:42:55.411000,0 days 00:00:33.159000,11566,251,6,98,False,8,car,2049.5508333333332,0.38106669896286377,3497.1715529056214,3603.9590408039626,-104.52434573326131,car,0 days 00:42:55.411000
2024-03-01 16:29:31.324,0 days 00:42:55.651000,0 days 00:00:33.399000,11626,252,6,98,False,8,car,2066.3508333333334,0.38419027142491596,3398.788089946976,3451.6189938954003,-112.63179567306494,car,0 days 00:42:55.651000
2024-03-01 16:29:31.644,0 days 00:42:55.971000,0 days 00:00:33.719000,11655,258,6,98,False,8,car,2089.284166666667,0.38845419573819356,3257.9599047190095,3224.1193989379894,-124.49620335388411,car,0 days 00:42:55.971000
2024-03-01 16:29:31.804,0 days 00:42:56.131000,0 days 00:00:33.879000,11825,260,6,93,False,8,car,2100.839722222222,0.3906026847332558,3199.3829454488946,3123.518016029129,-129.50105297514085,car,0 days 00:42:56.131000
2024-03-01 16:29:32.204,0 days 00:42:56.531000,0 days 00:00:34.279000,10784,224,6,0,True,8,car,2125.728611111111,0.39523019949185173,3093.557202749882,2947.141884934531,-138.27207539934668,car,0 days 00:42:56.531000
2024-03-01 16:29:32.564,0 days 00:42:56.891000,0 days 00:00:34.639000,9538,177,6,0,True,8,car,2143.428611111111,0.3985211061929424,3003.7799246609234,2814.679377720482,-142.58725837310323,car,0 days 00:42:56.891000
2024-03-01 16:29:32.844,0 days 00:42:57.171000,0 days 00:00:34.919000,10699,155,6,0,True,8,car,2155.484166666666,0.4007625586541372,2920.1344849564694,2706.987606941587,-146.52837668041718,car,0 days 00:42:57.171000
2024-03-01 16:29:33.164,0 days 00:42:57.491000,0 days 00:00:35.239000,9381,127,5,0,True,8,car,2166.773055555555,0.40286146713392884,2818.0305627212383,2585.9178365790126,-148.7789080514759,car,0 days 00:42:57.491000
2024-03-01 16:29:33.443,0 days 00:42:57.770000,0 days 00:00:35.518000,9960,115,2,0,True,8,car,2175.685555555555,0.40451854091774075,2756.6645065460375,2529.749125842948,-150.12298697843187,car,0 days 00:42:57.770000
2024-03-01 16:29:33.843,0 days 00:42:58.170000,0 days 00:00:35.918000,9221,104,2,0,True,8,car,2187.2411111111105,0.4066670299128031,2679.736178405298,2485.188389931971,-150.98186407250043,car,0 days 00:42:58.170000
2024-03-01 16:29:34.084,0 days 00:42:58.411000,0 days 00:00:36.159000,8284,99,2,0,True,8,car,2193.8686111111106,0.4078992606563895,2615.7932623120473,2465.1981162486586,-151.5007587481904,car,0 days 00:42:58.411000
2024-03-01 16:29:34.404,0 days 00:42:58.731000,0 days 00:00:36.479000,8017,91,2,0,False,8,car,2201.9574999999995,0.40940320295293314,2538.6291413352783,2453.534365596484,-152.72190494774787,car,0 days 00:42:58.731000
2024-03-01 16:29:34.684,0 days 00:42:59.011000,0 days 00:00:36.759000,7682,88,2,0,False,8,car,2208.801944444444,0.410675769511547,2437.8428020704196,2489.974466606971,-154.1416976035185,car,0 days 00:42:59.011000
2024-03-01 16:29:35.044,0 days 00:42:59.371000,0 days 00:00:37.119000,7281,85,2,0,False,8,car,2217.301944444444,0.4122561484357996,2408.7926995656558,2527.822288221011,-152.9600069696976,car,0 days 00:42:59.371000
2024-03-01 16:29:35.244,0 days 00:42:59.571000,0 days 00:00:37.319000,7090,82,2,0,False,8,car,2221.8574999999996,0.4131031489050069,2381.257916740457,2567.830414512012,-153.02291004161043,car,0 days 00:42:59.571000
2024-03-01 16:29:35.524,0 days 00:42:59.851000,0 days 00:00:37.599000,7721,81,2,26,False,8,car,2228.1574999999993,0.41427448857827637,2350.8308688084567,2624.271912071441,-152.20595039316453,car,0 days 00:42:59.851000
2024-03-01 16:29:35.724,0 days 00:43:00.051000,0 days 00:00:37.799000,8056,84,2,32,False,8,car,2232.824166666666,0.4151421475955131,2332.9839156817684,2667.24669829544,-152.02676404102397,car,0 days 00:43:00.051000
2024-03-01 16:29:36.004,0 days 00:43:00.331000,0 days 00:00:38.079000,8427,90,2,43,False,8,car,2239.824166666666,0.41644363612136814,2311.2393605274165,2730.8082750953154,-151.17060964474933,car,0 days 00:43:00.331000
2024-03-01 16:29:36.244,0 days 00:43:00.571000,0 days 00:00:38.319000,8991,94,2,50,False,8,car,2246.0908333333327,0.41760877823022896,2299.0500970129906,2790.4785026389677,-151.08002157078943,car,0 days 00:43:00.571000
2024-03-01 16:29:36.524,0 days 00:43:00.851000,0 days 00:00:38.599000,9910,100,2,55,False,8,car,2253.8686111111106,0.4190548765922901,2290.111852743037,2869.8074164928607,-149.68072172806978,car,0 days 00:43:00.851000
2024-03-01 16:29:36.764,0 days 00:43:01.091000,0 days 00:00:38.839000,10607,114,2,67,False,8,car,2261.4686111111105,0.4204679212775042,2289.9213867002754,2957.197177592871,-148.07665233773224,car,0 days 00:43:01.091000
2024-03-01 16:29:36.964,0 days 00:43:01.291000,0 days 00:00:39.039000,11019,118,2,75,False,8,car,2268.024166666666,0.4216867756112415,2291.97565490179,3010.3730327899234,-146.8545433610736,car,0 days 00:43:01.291000
2024-03-01 16:29:37.164,0 days 00:43:01.491000,0 days 00:00:39.239000,10617,134,2,92,False,8,car,2275.4686111111105,0.42307089832921435,2297.2834284255605,3069.8220545505305,-145.51573452453147,car,0 days 00:43:01.491000
2024-03-01 16:29:37.524,0 days 00:43:01.851000,0 days 00:00:39.599000,11107,151,3,98,False,8,car,2290.5686111111104,0.425878395006416,2315.811842077491,3211.8315167844567,-141.63877461881887,car,0 days 00:43:01.851000
2024-03-01 16:29:37.804,0 days 00:43:02.131000,0 days 00:00:39.879000,11111,166,3,98,False,8,car,2303.4797222222214,0.4282789182874376,2335.8091368690225,3329.0307525220896,-138.4770276019568,car,0 days 00:43:02.131000
2024-03-01 16:29:37.964,0 days 00:43:02.291000,0 days 00:00:40.039000,10732,170,3,98,False,8,car,2311.035277777777,0.42968369955343994,2349.6965221441546,3401.1269844874882,-136.5582343295648,car,0 days 00:43:02.291000
2024-03-01 16:29:38.244,0 days 00:43:02.571000,0 days 00:00:40.319000,11219,183,4,98,False,8,car,2325.2686111111107,0.43233005955601195,2382.6994187494665,3550.1678779726403,-130.22932444763347,car,0 days 00:43:02.571000
2024-03-01 16:29:38.484,0 days 00:43:02.811000,0 days 00:00:40.559000,11387,190,4,98,False,8,car,2337.935277777777,0.4346851340313687,2404.325340322372,3650.1984281693144,-127.31047307345555,car,0 days 00:43:02.811000
2024-03-01 16:29:38.684,0 days 00:43:03.011000,0 days 00:00:40.759000,10650,197,5,98,False,8,car,2348.879722222222,0.4367200010122692,2432.742903630191,3782.2992373633515,-123.15249474544828,car,0 days 00:43:03.011000
2024-03-01 16:29:38.924,0 days 00:43:03.251000,0 days 00:00:40.999000,10812,207,5,98,False,8,car,2362.679722222222,0.4392857926775264,2471.6516783053894,3963.3497624523266,-116.77940687719183,car,0 days 00:43:03.251000
2024-03-01 16:29:39.244,0 days 00:43:03.571000,0 days 00:00:41.319000,11468,215,5,98,False,8,car,2381.7908333333335,0.4428390629385911,2496.134989583326,4077.6202381322746,-114.35392201918836,car,0 days 00:43:03.571000
2024-03-01 16:29:39.404,0 days 00:43:03.731000,0 days 00:00:41.479000,11640,220,5,98,False,8,car,2391.568611111111,0.44465701516518225,2519.859272542375,4178.114937686863,-112.41631001129481,car,0 days 00:43:03.731000
2024-03-01 16:29:39.804,0 days 00:43:04.131000,0 days 00:00:41.879000,10556,229,6,98,False,8,car,2417.013055555555,0.44938782266392524,2581.0142032197473,4439.23241001335,-107.62131334032972,car,0 days 00:43:04.131000
2024-03-01 16:29:39.963,0 days 00:43:04.290000,0 days 00:00:42.038000,10686,233,6,98,False,8,car,2427.3038888888887,0.45130116573604245,2603.659035756268,4540.025439202795,-106.38879692164969,car,0 days 00:43:04.290000
2024-03-01 16:29:40.163,0 days 00:43:04.490000,0 days 00:00:42.238000,10826,238,6,98,False,8,car,2440.5261111111113,0.4537595329515466,2623.8739742146736,4632.795316975154,-105.56182157562554,car,0 days 00:43:04.490000
2024-03-01 16:29:40.483,0 days 00:43:04.810000,0 days 00:00:42.558000,11090,243,6,98,False,8,car,2462.126111111111,0.4577755546884708,2672.3605382209157,4884.348457440062,-104.0882153731269,car,0 days 00:43:04.810000
2024-03-01 16:29:40.724,0 days 00:43:05.051000,0 days 00:00:42.799000,11305,246,6,98,False,8,car,2478.5944444444444,0.4608374613846551,2697.1057349357625,5015.962863055947,-104.17841375571396,car,0 days 00:43:05.051000
2024-03-01 16:29:40.924,0 days 00:43:05.251000,0 days 00:00:42.999000,11391,249,6,98,False,8,car,2492.427777777778,0.4634094506143211,2715.064411457439,5140.072263224675,-105.04369114543975,car,0 days 00:43:05.251000
2024-03-01 16:29:41.164,0 days 00:43:05.491000,0 days 00:00:43.239000,11492,253,6,98,False,8,car,2509.2944444444443,0.4665454182051909,2744.660851703897,5378.218447909736,-106.1939327529971,car,0 days 00:43:05.491000
2024-03-01 16:29:41.364,0 days 00:43:05.691000,0 days 00:00:43.439000,11578,256,6,98,False,8,car,2523.516666666667,0.46918971235296003,2754.414517218489,5475.883550133271,-106.80164909456764,car,0 days 00:43:05.691000
2024-03-01 16:29:41.764,0 days 00:43:06.091000,0 days 00:00:43.839000,11639,258,6,98,False,8,car,2552.1833333333334,0.474519617744557,2745.8071596934265,5758.792891072782,-111.83376735313387,car,0 days 00:43:06.091000
2024-03-01 16:29:41.924,0 days 00:43:06.251000,0 days 00:00:43.999000,11327,257,6,53,False,8,car,2563.605555555556,0.47664331648198405,2730.325025965797,5862.56836657563,-114.0196599773057,car,0 days 00:43:06.251000
2024-03-01 16:29:42.124,0 days 00:43:06.451000,0 days 00:00:44.199000,11090,249,6,0,True,8,car,2577.438888888889,0.47921530571164994,2698.42318272578,5978.046868583739,-116.3234292976494,car,0 days 00:43:06.451000
2024-03-01 16:29:42.444,0 days 00:43:06.771000,0 days 00:00:44.519000,9612,217,6,0,True,8,car,2596.7277777777776,0.4828016296495617,2614.7495755393866,6188.606850080115,-122.16843328135019,car,0 days 00:43:06.771000
2024-03-01 16:29:42.764,0 days 00:43:07.091000,0 days 00:00:44.839000,10174,178,6,0,True,8,car,2612.5499999999997,0.48574340688895473,2532.149302382806,6326.853010234618,-126.70414692511707,car,0 days 00:43:07.091000
2024-03-01 16:29:43.124,0 days 00:43:07.451000,0 days 00:00:45.199000,10639,153,6,0,True,8,car,2627.85,0.48858808895260947,2395.7796770112373,6475.865940542147,-132.66066612660498,car,0 days 00:43:07.451000
2024-03-01 16:29:43.284,0 days 00:43:07.611000,0 days 00:00:45.359000,10254,137,4,0,True,8,car,2633.938888888889,0.4897201773846231,2343.4561103063743,6522.48613724848,-134.46517128231181,car,0 days 00:43:07.611000
2024-03-01 16:29:43.604,0 days 00:43:07.931000,0 days 00:00:45.679000,9915,116,2,0,True,8,car,2644.25,0.49163729064175565,2276.410984491926,6565.079194446846,-136.36777235383883,car,0 days 00:43:07.931000
2024-03-01 16:29:44.004,0 days 00:43:08.331000,0 days 00:00:46.079000,8620,102,2,0,True,8,car,2655.5833333333335,0.49374446254075915,2169.422565848501,6607.56994472064,-137.07017971620675,car,0 days 00:43:08.331000
2024-03-01 16:29:44.444,0 days 00:43:08.771000,0 days 00:00:46.519000,7576,89,2,0,True,8,car,2666.461111111111,0.49576693439284186,2021.7442675383386,6596.7652531347185,-139.98010849178314,car,0 days 00:43:08.771000
2024-03-01 16:29:44.604,0 days 00:43:08.931000,0 days 00:00:46.679000,7576,85,2,0,True,8,car,2670.238888888889,0.496469325025843,2002.722969964361,6579.763720643405,-139.86840408871043,car,0 days 00:43:08.931000
2024-03-01 16:29:44.804,0 days 00:43:09.131000,0 days 00:00:46.879000,7078,82,2,0,False,8,car,2674.7944444444447,0.49731632549505034,1982.5524425827894,6562.3349471744605,-140.51266536362934,car,0 days 00:43:09.131000
2024-03-01 16:29:45.164,0 days 00:43:09.491000,0 days 00:00:47.239000,7182,76,2,13,False,8,car,2682.3944444444446,0.49872937018026436,1939.2244846149283,6504.506337077971,-140.89942978152123,car,0 days 00:43:09.491000
2024-03-01 16:29:45.484,0 days 00:43:09.811000,0 days 00:00:47.559000,7385,80,2,29,False,8,car,2689.505555555556,0.500051517254149,1910.364382807132,6442.301752130425,-142.01036723742482,car,0 days 00:43:09.811000
2024-03-01 16:29:45.804,0 days 00:43:10.131000,0 days 00:00:47.879000,7935,85,2,40,False,8,car,2697.0611111111116,0.5014562985201513,1886.9183574059475,6372.136076346569,-141.9971472972323,car,0 days 00:43:10.131000
2024-03-01 16:29:45.964,0 days 00:43:10.291000,0 days 00:00:48.039000,8308,91,2,48,False,8,car,2701.1055555555563,0.5022082696684231,1877.5476867420507,6334.040196930376,-142.00361743551082,car,0 days 00:43:10.291000
2024-03-01 16:29:46.284,0 days 00:43:10.611000,0 days 00:00:48.359000,9805,101,2,57,False,8,car,2710.083333333334,0.5038774803492023,1860.5397516597025,6251.386252478392,-142.09652649272226,car,0 days 00:43:10.611000
2024-03-01 16:29:46.723,0 days 00:43:11.050000,0 days 00:00:48.798000,11085,117,2,76,False,8,car,2724.350833333334,0.5065301928552933,1844.5318654301343,6141.213439121355,-141.0547270895392,car,0 days 00:43:11.050000
2024-03-01 16:29:47.123,0 days 00:43:11.450000,0 days 00:00:49.198000,11646,136,2,97,False,8,car,2739.4619444444447,0.5093397553872979,1828.6171521186247,6022.034858369515,-140.00788855719398,car,0 days 00:43:11.450000
2024-03-01 16:29:47.324,0 days 00:43:11.651000,0 days 00:00:49.399000,11640,142,3,98,False,8,car,2747.390277777778,0.510813846081939,1818.516260104299,5934.77054861878,-140.04044695300135,car,0 days 00:43:11.651000
2024-03-01 16:29:47.564,0 days 00:43:11.891000,0 days 00:00:49.639000,10800,163,3,98,False,8,car,2758.256944444445,0.5128342520792188,1809.0999924436883,5841.217453595278,-138.7764315705834,car,0 days 00:43:11.891000
2024-03-01 16:29:48.004,0 days 00:43:12.331000,0 days 00:00:50.079000,11350,177,4,98,False,14,car,2779.890277777778,0.5168564713805519,1788.4245010272457,5618.3272003268885,-139.05733396204687,car,0 days 00:43:12.331000
2024-03-01 16:29:48.204,0 days 00:43:12.531000,0 days 00:00:50.279000,11010,191,4,98,False,14,car,2790.5013888888893,0.518829362717364,1780.4259164347043,5518.937193805262,-139.0016505184341,car,0 days 00:43:12.531000
2024-03-01 16:29:48.524,0 days 00:43:12.851000,0 days 00:00:50.599000,10825,202,5,98,False,14,car,2808.4569444444446,0.5221677840789224,1770.01192979913,5356.864237031671,-139.00034876526303,car,0 days 00:43:12.851000
2024-03-01 16:29:48.684,0 days 00:43:13.011000,0 days 00:00:50.759000,11202,210,5,98,False,14,car,2817.790277777778,0.5239031021133959,1763.810552273945,5262.34827307051,-138.9999007268892,car,0 days 00:43:13.011000
2024-03-01 16:29:48.844,0 days 00:43:13.171000,0 days 00:00:50.919000,11202,213,5,98,False,14,car,2827.2569444444443,0.5256632104055045,1756.740917322628,5146.353518268807,-138.99981423948242,car,0 days 00:43:13.171000
2024-03-01 16:29:49.124,0 days 00:43:13.451000,0 days 00:00:51.199000,10243,223,5,98,False,14,car,2844.601388888889,0.528888009752901,1746.957202030891,4977.294633167125,-139.00002462937255,car,0 days 00:43:13.451000
2024-03-01 16:29:49.444,0 days 00:43:13.771000,0 days 00:00:51.519000,10697,232,6,98,False,14,car,2865.223611111111,0.5327222362671661,1736.973030252181,4799.100123712732,-138.99999893811238,car,0 days 00:43:13.771000
2024-03-01 16:29:49.764,0 days 00:43:14.091000,0 days 00:00:51.839000,11182,242,6,98,False,14,car,2886.734722222222,0.5367217311656668,1724.678610670796,4588.014121185494,-138.99999997721096,car,0 days 00:43:14.091000
2024-03-01 16:29:50.004,0 days 00:43:14.331000,0 days 00:00:52.079000,11365,247,6,98,False,14,car,2903.2013888888887,0.5397833279836306,1716.7053168764523,4425.881941713504,-139.00000000331661,car,0 days 00:43:14.331000
2024-03-01 16:29:50.164,0 days 00:43:14.491000,0 days 00:00:52.239000,11439,252,6,98,False,14,car,2914.4013888888885,0.5418657096249987,1711.4058841278986,4316.366390439671,-139.00000000089693,car,0 days 00:43:14.491000
2024-03-01 16:29:50.324,0 days 00:43:14.651000,0 days 00:00:52.399000,11080,254,6,98,False,14,car,2925.6902777777777,0.5439646181047905,1705.9848594608002,4204.134003483394,-138.9999999994506,car,0 days 00:43:14.651000
2024-03-01 16:29:50.564,0 days 00:43:14.891000,0 days 00:00:52.639000,9680,260,6,98,False,14,car,2943.023611111111,0.547187351597384,1699.7475332971592,4060.912725165136,-139.0000000004886,car,0 days 00:43:14.891000
2024-03-01 16:29:50.884,0 days 00:43:15.211000,0 days 00:00:52.959000,10700,265,7,98,False,14,car,2966.579166666667,0.5515669637796266,1681.5832960649195,3696.8228498595986,-139.0000000000032,car,0 days 00:43:15.211000
2024-03-01 16:29:51.164,0 days 00:43:15.491000,0 days 00:00:53.239000,10933,271,7,98,False,14,car,2987.656944444444,0.5554858903408122,1675.6474885921978,3574.3267560021413,-139.00000000000583,car,0 days 00:43:15.491000
2024-03-01 16:29:51.484,0 days 00:43:15.811000,0 days 00:00:53.559000,11036,276,7,98,False,14,car,3012.1902777777773,0.5600472977457138,1664.7150000998222,3352.581725582757,-139.00000000000009,car,0 days 00:43:15.811000
2024-03-01 16:29:51.844,0 days 00:43:16.171000,0 days 00:00:53.919000,11196,280,7,98,False,14,car,3040.1902777777773,0.5652532518491341,1653.0297351388406,3068.978991754468,-138.99999999999997,car,0 days 00:43:16.171000
2024-03-01 16:29:52.124,0 days 00:43:16.451000,0 days 00:00:54.199000,11372,284,7,98,False,14,car,3062.2791666666662,0.5693601711973879,1638.0741698831582,2743.7921946395168,-139.00000000000003,car,0 days 00:43:16.451000
2024-03-01 16:29:52.484,0 days 00:43:16.811000,0 days 00:00:54.559000,11478,289,7,98,False,14,car,3091.1791666666663,0.5747334595398468,1631.178911199925,2581.217046807987,-139.00000000000043,car,0 days 00:43:16.811000
2024-03-01 16:29:52.724,0 days 00:43:17.051000,0 days 00:00:54.799000,11663,291,7,98,False,14,car,3110.5791666666664,0.578340442025788,1620.3771789440325,2342.9261465894965,-138.99999999999534,car,0 days 00:43:17.051000
2024-03-01 16:29:53.124,0 days 00:43:17.451000,0 days 00:00:55.199000,10505,296,8,98,False,14,car,3143.468055555555,0.5844553722425039,1603.8165596819813,2008.0643914776665,-139.0000000000502,car,0 days 00:43:17.451000
2024-03-01 16:29:53.284,0 days 00:43:17.611000,0 days 00:00:55.359000,10505,298,8,98,False,14,car,3156.7124999999996,0.5869178711676138,1599.2879310000071,1921.3449659549433,-138.99999999993756,car,0 days 00:43:17.611000
2024-03-01 16:29:53.563,0 days 00:43:17.890000,0 days 00:00:55.638000,10640,300,8,98,False,14,car,3179.962499999999,0.5912406723427752,1587.740964458441,1681.7742024088238,-139.00000000089443,car,0 days 00:43:17.890000
2024-03-01 16:29:53.723,0 days 00:43:18.050000,0 days 00:00:55.798000,10668,301,8,98,False,14,car,3193.3402777777774,0.5937279615255207,1581.8069040635885,1556.1946710565592,-138.99999999587476,car,0 days 00:43:18.050000
2024-03-01 16:29:53.964,0 days 00:43:18.291000,0 days 00:00:56.039000,10712,303,8,98,False,14,car,3213.624444444444,0.5974993344074062,1571.777888355627,1356.6424596136078,-138.9999999934133,car,0 days 00:43:18.291000
2024-03-01 16:29:54.164,0 days 00:43:18.491000,0 days 00:00:56.239000,10753,305,8,98,False,14,car,3230.568888888888,0.6006497629818965,1558.7036306390041,1103.354372331967,-139.0000000399195,car,0 days 00:43:18.491000
2024-03-01 16:29:54.604,0 days 00:43:18.931000,0 days 00:00:56.679000,10803,307,8,98,False,14,car,3268.091111111111,0.6076261546514404,1541.691259178417,786.2860190636854,-139.00000128395288,car,0 days 00:43:18.931000
2024-03-01 16:29:54.804,0 days 00:43:19.131000,0 days 00:00:56.879000,10775,308,8,98,False,14,car,3285.2022222222217,0.610807571047975,1528.4533707544517,545.7422524563435,-138.99999852652766,car,0 days 00:43:19.131000
2024-03-01 16:29:54.964,0 days 00:43:19.291000,0 days 00:00:57.039000,10422,299,8,46,True,10,car,3298.491111111111,0.6132783333922968,1522.3641041034207,421.3961870415565,-138.9999836269155,car,0 days 00:43:19.291000
2024-03-01 16:29:55.244,0 days 00:43:19.571000,0 days 00:00:57.319000,9259,270,8,0,True,8,car,3319.491111111111,0.6171827989698621,1517.6456525246776,261.0502941306653,-139.00001009324632,car,0 days 00:43:19.571000
2024-03-01 16:29:55.604,0 days 00:43:19.931000,0 days 00:00:57.679000,10131,223,8,0,True,8,car,3341.791111111111,0.6213289695593718,1523.4383381303794,26.939973265845993,-139.00025890133386,car,0 days 00:43:19.931000
2024-03-01 16:29:56.044,0 days 00:43:20.371000,0 days 00:00:58.119000,11531,194,8,0,True,8,car,3365.502222222222,0.6257375037088555,1565.752503860182,-218.30738924760624,-139.0581415687959,car,0 days 00:43:20.371000
2024-03-01 16:29:56.204,0 days 00:43:20.531000,0 days 00:00:58.279000,11090,186,6,0,True,8,car,3373.768888888889,0.6272744996822462,1590.201222461687,-295.7324700468014,-138.76461982587767,car,0 days 00:43:20.531000
2024-03-01 16:29:56.684,0 days 00:43:21.011000,0 days 00:00:58.759000,10363,170,4,0,True,8,car,3396.4355555555553,0.6314888434802531,1724.2615971127298,-496.4443107788019,-136.45634100940728,car,0 days 00:43:21.011000
2024-03-01 16:29:57.084,0 days 00:43:21.411000,0 days 00:00:59.159000,9732,159,4,10,False,8,car,3414.102222222222,0.634773552616935,1873.9874534303337,-596.2853131744389,-134.09793429570118,car,0 days 00:43:21.411000
2024-03-01 16:29:57.324,0 days 00:43:21.651000,0 days 00:00:59.399000,10078,160,4,65,False,8,car,3424.768888888889,0.6367567732277618,1975.441787121008,-627.8077334254265,-132.60160299135225,car,0 days 00:43:21.651000
2024-03-01 16:29:57.604,0 days 00:43:21.931000,0 days 00:00:59.679000,10578,167,4,80,False,8,car,3437.757777777778,0.6391717574924041,2144.703165554854,-670.1666782227563,-130.2049963236484,car,0 days 00:43:21.931000
2024-03-01 16:29:57.924,0 days 00:43:22.251000,0 days 00:00:59.999000,11184,174,4,92,False,8,car,3453.2244444444445,0.6420474273781029,2225.2266577057812,-670.0271071761788,-128.39315644617807,car,0 days 00:43:22.251000
2024-03-01 16:29:58.084,0 days 00:43:22.411000,0 days 00:01:00.159000,11631,180,4,96,False,8,car,3461.2244444444445,0.643534842836223,2312.2034824193397,-664.2141797627436,-127.13707030354202,car,0 days 00:43:22.411000
2024-03-01 16:29:58.324,0 days 00:43:22.651000,0 days 00:01:00.399000,10375,183,4,79,False,8,car,3473.424444444445,0.6458031514098562,2488.486161452993,-623.0367858662215,-123.49689752890421,car,0 days 00:43:22.651000
2024-03-01 16:29:58.644,0 days 00:43:22.971000,0 days 00:01:00.719000,10382,189,5,98,False,8,car,3490.224444444445,0.6489267238719084,2626.7188216760505,-570.4323817176673,-119.40918676495616,car,0 days 00:43:22.971000
2024-03-01 16:29:58.844,0 days 00:43:23.171000,0 days 00:01:00.919000,10334,193,5,98,False,8,car,3500.946666666667,0.6509202737567499,2678.5275811677784,-542.190339651936,-118.80563365329559,car,0 days 00:43:23.171000
2024-03-01 16:29:59.044,0 days 00:43:23.371000,0 days 00:01:01.119000,10854,201,5,98,False,8,car,3512.113333333334,0.6529964578337092,2781.498453446233,-481.4693055755694,-116.15823526396773,car,0 days 00:43:23.371000
2024-03-01 16:29:59.204,0 days 00:43:23.531000,0 days 00:01:01.279000,10989,206,5,98,False,8,car,3521.2688888888897,0.6546987221913355,2841.603853075616,-440.531800145097,-114.30382834797481,car,0 days 00:43:23.531000
2024-03-01 16:29:59.564,0 days 00:43:23.891000,0 days 00:01:01.639000,11342,213,5,98,False,8,car,3542.56888888889,0.6586589658485803,2991.128379380947,-305.76490667902266,-108.1925787629218,car,0 days 00:43:23.891000
2024-03-01 16:29:59.964,0 days 00:43:24.291000,0 days 00:01:02.039000,11766,224,5,98,False,8,car,3567.4577777777786,0.6632864806071761,3190.9993131819097,-45.79292968002234,-97.39173730407072,car,0 days 00:43:24.291000
2024-03-01 16:30:00.283,0 days 00:43:24.610000,0 days 00:01:02.358000,10584,232,6,98,False,8,car,3588.015555555556,0.6671087251635841,3264.937319514897,81.03105835912639,-91.76361771404335,car,0 days 00:43:24.610000
2024-03-01 16:30:00.604,0 days 00:43:24.931000,0 days 00:01:02.679000,10831,236,6,98,False,8,car,3609.0588888888897,0.6710212475748809,3333.1538690925763,234.39612394651496,-85.23412119087962,car,0 days 00:43:24.931000
2024-03-01 16:30:00.764,0 days 00:43:25.091000,0 days 00:01:02.839000,11026,238,6,98,False,8,car,3619.636666666667,0.6729879413472841,3373.4863790615395,332.50729703031766,-82.17658447012664,car,0 days 00:43:25.091000
2024-03-01 16:30:00.964,0 days 00:43:25.291000,0 days 00:01:03.039000,11101,243,6,98,False,8,car,3633.136666666667,0.6754979549328617,3421.9065460152624,456.0160504957951,-76.79271158497741,car,0 days 00:43:25.291000
2024-03-01 16:30:01.204,0 days 00:43:25.531000,0 days 00:01:03.279000,11307,246,6,98,False,8,car,3649.5366666666673,0.6785471566220079,3480.815450572856,608.5565302449282,-71.31731239035118,car,0 days 00:43:25.531000
2024-03-01 16:30:01.404,0 days 00:43:25.731000,0 days 00:01:03.479000,11451,250,6,98,False,8,car,3663.425555555556,0.6811294751256886,3537.7680249645027,732.6756932080687,-66.5190955733766,car,0 days 00:43:25.731000
2024-03-01 16:30:01.644,0 days 00:43:25.971000,0 days 00:01:03.719000,11527,252,6,98,False,8,car,3680.225555555556,0.6842530475877409,3618.699041278419,878.500990979655,-61.34543689692157,car,0 days 00:43:25.971000
2024-03-01 16:30:01.884,0 days 00:43:26.211000,0 days 00:01:03.959000,11647,254,6,98,False,8,car,3697.1588888888896,0.6874014103074283,3710.894092066829,1016.8284926147812,-56.0336984136681,car,0 days 00:43:26.211000
2024-03-01 16:30:02.124,0 days 00:43:26.451000,0 days 00:01:04.199000,11423,256,6,98,False,8,car,3714.2255555555557,0.6905745632847511,3850.3476547058417,1179.6180181833824,-48.6445962478038,car,0 days 00:43:26.451000
2024-03-01 16:30:02.324,0 days 00:43:26.651000,0 days 00:01:04.399000,10362,258,6,98,False,8,car,3728.558888888889,0.6932395159805497,3997.474245087915,1323.9507175392855,-40.84704292089646,car,0 days 00:43:26.651000
2024-03-01 16:30:02.644,0 days 00:43:26.971000,0 days 00:01:04.719000,10510,260,7,98,False,8,car,3751.6699999999996,0.6975364939706742,4106.568981272712,1393.9575191260005,-36.07518893088662,car,0 days 00:43:26.971000
2024-03-01 16:30:02.884,0 days 00:43:27.211000,0 days 00:01:04.959000,10522,261,7,98,False,8,car,3769.07,0.7007716225920855,4280.941931949461,1480.7930626342875,-29.542732435966755,car,0 days 00:43:27.211000
2024-03-01 16:30:03.204,0 days 00:43:27.531000,0 days 00:01:05.279000,10575,263,7,98,False,8,car,3792.4477777777774,0.7051181810974808,4536.703132253688,1575.356786304871,-22.53672591958281,car,0 days 00:43:27.531000
2024-03-01 16:30:03.484,0 days 00:43:27.811000,0 days 00:01:05.559000,10645,264,7,98,False,8,car,3812.9811111111107,0.7089358807733224,4661.054933185113,1596.7175131204872,-19.29964114206222,car,0 days 00:43:27.811000
2024-03-01 16:30:03.644,0 days 00:43:27.971000,0 days 00:01:05.719000,10635,265,7,98,False,8,car,3824.758888888888,0.7111256868644434,4787.456976462586,1612.0194238437134,-16.16056790633399,car,0 days 00:43:27.971000
2024-03-01 16:30:03.804,0 days 00:43:28.131000,0 days 00:01:05.879000,10692,266,7,98,False,8,car,3836.581111111111,0.7133237563747766,4898.550081938007,1617.9938912797388,-13.858000058011589,car,0 days 00:43:28.131000
2024-03-01 16:30:04.004,0 days 00:43:28.331000,0 days 00:01:06.079000,10743,267,7,98,False,8,car,3851.4144444444437,0.7160816725367075,5063.106696084763,1597.8224427417554,-11.64904616670989,car,0 days 00:43:28.331000
2024-03-01 16:30:04.204,0 days 00:43:28.531000,0 days 00:01:06.279000,10772,268,7,98,False,8,car,3866.303333333333,0.7188499179726533,5276.524822712227,1545.6362035754055,-9.393364793987516,car,0 days 00:43:28.531000
2024-03-01 16:30:04.524,0 days 00:43:28.851000,0 days 00:01:06.599000,10871,269,7,98,False,8,car,3890.2144444444443,0.72329563750859,5413.629809402847,1485.2514275554731,-7.35430323145587,car,0 days 00:43:28.851000
2024-03-01 16:30:04.844,0 days 00:43:29.171000,0 days 00:01:06.919000,10899,273,7,98,False,8,car,3914.4811111111103,0.7278074643982209,5630.160573931275,1381.4086548228095,-4.988760220103477,car,0 days 00:43:29.171000
2024-03-01 16:30:05.124,0 days 00:43:29.451000,0 days 00:01:07.199000,10924,275,7,98,False,8,car,3935.8699999999994,0.7317842348938892,5930.23756289704,1234.4262860007696,-4.07355848370657,car,0 days 00:43:29.451000
2024-03-01 16:30:05.484,0 days 00:43:29.811000,0 days 00:01:07.559000,10288,253,7,0,True,8,car,3961.1699999999996,0.7364881862801941,6176.821952819606,1114.2683959311619,-4.879546643806799,car,0 days 00:43:29.811000
2024-03-01 16:30:05.684,0 days 00:43:30.011000,0 days 00:01:07.759000,9758,230,7,0,True,8,car,3973.9477777777774,0.7388639193035803,6242.689510245869,1082.1094541199896,-4.925115278289258,car,0 days 00:43:30.011000
2024-03-01 16:30:05.844,0 days 00:43:30.171000,0 days 00:01:07.919000,9583,217,7,0,True,8,car,3983.5922222222216,0.7406570812725362,6284.970002460299,1057.8101600641924,-4.660497188024766,car,0 days 00:43:30.171000
2024-03-01 16:30:06.164,0 days 00:43:30.491000,0 days 00:01:08.239000,9724,191,6,0,True,8,car,4000.5699999999997,0.7438137074114355,6476.553543673582,911.2730590458118,-7.065901517735362,car,0 days 00:43:30.491000
2024-03-01 16:30:06.324,0 days 00:43:30.651000,0 days 00:01:08.399000,10284,177,6,0,True,8,car,4008.436666666666,0.7452763326119202,6526.223891386309,866.9598705073206,-7.750647017304819,car,0 days 00:43:30.651000
2024-03-01 16:30:06.524,0 days 00:43:30.851000,0 days 00:01:08.599000,9723,166,4,0,True,8,car,4017.658888888888,0.7469909920983642,6551.023296180985,829.1270182428466,-7.981034231187899,car,0 days 00:43:30.851000
2024-03-01 16:30:06.724,0 days 00:43:31.051000,0 days 00:01:08.799000,9417,159,4,0,True,8,car,4026.4922222222217,0.7486333466667051,6595.577189982373,756.5036776655309,-8.507752602841554,car,0 days 00:43:31.051000
2024-03-01 16:30:06.923,0 days 00:43:31.250000,0 days 00:01:08.998000,9052,153,4,0,True,8,car,4034.9497222222217,0.7502058236963365,6629.9594120748125,676.2356913072765,-10.256742430244136,car,0 days 00:43:31.250000
2024-03-01 16:30:07.244,0 days 00:43:31.571000,0 days 00:01:09.319000,8824,149,4,0,False,8,car,4048.235555555555,0.7526760179305874,6660.484359525768,538.1303701145486,-12.302684259880683,car,0 days 00:43:31.571000
2024-03-01 16:30:07.564,0 days 00:43:31.891000,0 days 00:01:09.639000,8384,140,4,0,False,8,car,4060.6799999999994,0.7549897753098852,6665.232828859231,416.970221882978,-14.492451545713159,car,0 days 00:43:31.891000
2024-03-01 16:30:07.804,0 days 00:43:32.131000,0 days 00:01:09.879000,8386,138,4,7,False,8,car,4069.8799999999997,0.7567003030867234,6653.169378342672,325.8998557973234,-16.59559644036954,car,0 days 00:43:32.131000
2024-03-01 16:30:08.044,0 days 00:43:32.371000,0 days 00:01:10.119000,8904,141,4,61,False,8,car,4079.2799999999993,0.7584480162500145,6621.110970901553,229.66518606696255,-17.838595717537018,car,0 days 00:43:32.371000
2024-03-01 16:30:08.244,0 days 00:43:32.571000,0 days 00:01:10.319000,9201,145,4,68,False,8,car,4087.335555555555,0.7599457609821493,6578.452028475412,144.25175985498583,-19.695798163570228,car,0 days 00:43:32.571000
2024-03-01 16:30:08.444,0 days 00:43:32.771000,0 days 00:01:10.519000,9606,151,4,75,False,8,car,4095.724444444444,0.7615054813583725,6538.142070687832,81.96717860513776,-21.716075936930082,car,0 days 00:43:32.771000
2024-03-01 16:30:08.604,0 days 00:43:32.931000,0 days 00:01:10.679000,9917,156,4,82,False,8,car,4102.6577777777775,0.7627945747554099,6502.4681094783555,40.143488012957256,-22.899949811669934,car,0 days 00:43:32.931000
2024-03-01 16:30:08.764,0 days 00:43:33.091000,0 days 00:01:10.839000,10227,162,4,84,False,8,car,4109.857777777777,0.7641332486677179,6455.660507822553,-8.208011230854472,-22.942330500454126,car,0 days 00:43:33.091000
2024-03-01 16:30:09.044,0 days 00:43:33.371000,0 days 00:01:11.119000,10465,169,4,87,False,8,car,4123.0022222222215,0.7665771548996013,6358.117402562048,-94.44246837781299,-30.03224566019568,car,0 days 00:43:33.371000
2024-03-01 16:30:09.324,0 days 00:43:33.651000,0 days 00:01:11.399000,11288,180,4,98,False,8,car,4137.0022222222215,0.7691801319513114,6247.623162350552,-175.4936520698728,-30.994553341845695,car,0 days 00:43:33.651000
2024-03-01 16:30:09.524,0 days 00:43:33.851000,0 days 00:01:11.599000,11592,187,4,98,False,8,car,4147.39111111111,0.7711117061920646,6161.153224927185,-228.787908011262,-33.52717392912771,car,0 days 00:43:33.851000
2024-03-01 16:30:09.724,0 days 00:43:34.051000,0 days 00:01:11.799000,10617,195,4,98,False,8,car,4158.224444444444,0.7731259146249356,6067.085834988891,-281.55890940196605,-35.1694085406658,car,0 days 00:43:34.051000
2024-03-01 16:30:10.164,0 days 00:43:34.491000,0 days 00:01:12.239000,11011,212,5,98,False,8,car,4184.135555555555,0.7779434880254023,5855.492258104423,-393.6102416464318,-37.5426988630187,car,0 days 00:43:34.491000
2024-03-01 16:30:10.524,0 days 00:43:34.851000,0 days 00:01:12.599000,11008,219,5,98,False,8,car,4206.035555555554,0.7820152878420059,5668.11120213384,-492.3196109783216,-39.77557459678869,car,0 days 00:43:34.851000
2024-03-01 16:30:10.764,0 days 00:43:35.091000,0 days 00:01:12.839000,10500,228,5,98,False,8,car,4221.235555555554,0.7848413772124341,5496.953121423094,-580.1075990217871,-41.0404278493943,car,0 days 00:43:35.091000
2024-03-01 16:30:10.964,0 days 00:43:35.291000,0 days 00:01:13.039000,10693,233,6,98,False,8,car,4234.1799999999985,0.7872480980578646,5349.908912962539,-656.6657632080886,-41.797476372860594,car,0 days 00:43:35.291000
2024-03-01 16:30:11.284,0 days 00:43:35.611000,0 days 00:01:13.359000,10983,240,6,98,False,8,car,4255.5133333333315,0.791214539279518,5153.904708101209,-760.3764496448172,-41.852077374312714,car,0 days 00:43:35.611000
2024-03-01 16:30:11.524,0 days 00:43:35.851000,0 days 00:01:13.599000,11164,243,6,98,False,8,car,4271.713333333332,0.7942265555822113,5037.224617281163,-822.9497672663929,-41.16012431819265,car,0 days 00:43:35.851000
2024-03-01 16:30:11.844,0 days 00:43:36.171000,0 days 00:01:13.919000,11470,249,6,98,False,8,car,4293.846666666665,0.7983417383496769,4891.216796941026,-901.9109455116865,-40.17508830382874,car,0 days 00:43:36.171000
2024-03-01 16:30:12.164,0 days 00:43:36.491000,0 days 00:01:14.239000,11571,256,6,98,False,8,car,4316.602222222222,0.8025726089861075,4700.658850261097,-1004.5747346255831,-39.96075266500995,car,0 days 00:43:36.491000
2024-03-01 16:30:12.324,0 days 00:43:36.651000,0 days 00:01:14.399000,10464,258,6,98,False,8,car,4328.068888888888,0.8047045711427462,4603.823543947515,-1056.8604077151708,-40.13782524395019,car,0 days 00:43:36.651000
2024-03-01 16:30:12.524,0 days 00:43:36.851000,0 days 00:01:14.599000,10528,261,7,98,False,8,car,4342.568888888888,0.8074005116605889,4487.790942812853,-1121.2065112620157,-40.94837626373895,car,0 days 00:43:36.851000
2024-03-01 16:30:12.764,0 days 00:43:37.091000,0 days 00:01:14.839000,10597,266,7,98,False,8,car,4360.302222222221,0.8106976159260882,4337.143818170677,-1205.322198558989,-42.14520589591447,car,0 days 00:43:37.091000
2024-03-01 16:30:13.004,0 days 00:43:37.331000,0 days 00:01:15.079000,10752,268,7,98,False,8,car,4378.168888888887,0.814019510449223,4183.071851794579,-1289.857766949239,-43.85200091710135,car,0 days 00:43:37.331000
2024-03-01 16:30:13.324,0 days 00:43:37.651000,0 days 00:01:15.399000,10927,272,7,98,False,8,car,4402.3466666666645,0.8185148105004304,3897.81830793244,-1448.3666714824947,-48.140964709847424,car,0 days 00:43:37.651000
2024-03-01 16:30:13.644,0 days 00:43:37.971000,0 days 00:01:15.719000,11038,276,7,98,False,8,car,4426.879999999997,0.8230762179053319,3785.6353587383805,-1510.7187843090194,-51.23484450758585,car,0 days 00:43:37.971000
2024-03-01 16:30:14.004,0 days 00:43:38.331000,0 days 00:01:16.079000,11180,278,7,98,False,8,car,4454.679999999998,0.8282449866222993,3426.428241804413,-1710.781557030935,-60.73300932841267,car,0 days 00:43:38.331000
2024-03-01 16:30:14.204,0 days 00:43:38.531000,0 days 00:01:16.279000,11215,280,7,98,False,8,car,4470.235555555553,0.8311371833464217,3337.8413857688474,-1760.4454458569614,-63.60486870264128,car,0 days 00:43:38.531000
2024-03-01 16:30:14.524,0 days 00:43:38.851000,0 days 00:01:16.599000,11312,283,7,98,False,8,car,4495.391111111109,0.8358142786202882,3159.8917487918307,-1859.39363513663,-70.22858703034646,car,0 days 00:43:38.851000
2024-03-01 16:30:14.764,0 days 00:43:39.091000,0 days 00:01:16.839000,11408,286,7,98,False,8,car,4514.457777777776,0.8393592854621411,3015.0160539819108,-1940.3216914487632,-76.05928295843478,car,0 days 00:43:39.091000
2024-03-01 16:30:14.924,0 days 00:43:39.251000,0 days 00:01:16.999000,11408,286,7,98,False,8,car,4527.168888888887,0.8417226233567097,2864.066804210474,-2024.4755266212496,-82.09145860923712,car,0 days 00:43:39.251000
2024-03-01 16:30:15.284,0 days 00:43:39.611000,0 days 00:01:17.359000,11537,289,7,98,False,8,car,4556.068888888886,0.8470959116991684,2567.4765929925347,-2189.6989956822163,-93.50614076681401,car,0 days 00:43:39.611000
2024-03-01 16:30:15.684,0 days 00:43:40.011000,0 days 00:01:17.759000,11621,291,7,98,False,8,car,4588.40222222222,0.8531075491757373,2344.162387272603,-2314.259414986969,-100.11778387352048,car,0 days 00:43:40.011000
2024-03-01 16:30:15.884,0 days 00:43:40.211000,0 days 00:01:17.959000,11641,291,7,98,False,8,car,4604.568888888887,0.8561133679140216,2203.4704033733233,-2392.8920968899547,-102.45278235885205,car,0 days 00:43:40.211000
2024-03-01 16:30:16.204,0 days 00:43:40.531000,0 days 00:01:18.279000,11709,292,7,98,False,8,car,4630.524444444442,0.8609392047337001,1919.0256211198043,-2552.175323130693,-108.0141731837253,car,0 days 00:43:40.531000
2024-03-01 16:30:16.364,0 days 00:43:40.691000,0 days 00:01:18.439000,11682,293,7,98,False,8,car,4643.546666666664,0.863360386562751,1801.1551664310387,-2618.349320282408,-109.48395776287296,car,0 days 00:43:40.691000
2024-03-01 16:30:16.604,0 days 00:43:40.931000,0 days 00:01:18.679000,11738,294,7,98,False,8,car,4663.146666666665,0.8670045544351453,1700.1930913957783,-2675.1649544528323,-110.04005058456002,car,0 days 00:43:40.931000
2024-03-01 16:30:16.924,0 days 00:43:41.251000,0 days 00:01:18.999000,11749,295,7,98,False,8,car,4689.368888888886,0.8718799717700945,1467.2221377750448,-2807.7475848848976,-110.04293685497666,car,0 days 00:43:41.251000
2024-03-01 16:30:17.324,0 days 00:43:41.651000,0 days 00:01:19.399000,11796,295,7,98,False,8,car,4722.146666666665,0.877974243438781,1096.2076766834964,-3020.7163753598766,-108.05764076896293,car,0 days 00:43:41.651000
2024-03-01 16:30:17.564,0 days 00:43:41.891000,0 days 00:01:19.639000,11761,296,7,98,False,8,car,4741.879999999997,0.8816432015688105,995.9301550913816,-3078.0586776255545,-108.01176629791172,car,0 days 00:43:41.891000
2024-03-01 16:30:17.924,0 days 00:43:42.251000,0 days 00:01:19.999000,11050,296,7,0,True,8,car,4771.479999999998,0.8871466387638548,752.193556911399,-3215.356512631982,-107.02103324913656,car,0 days 00:43:42.251000
2024-03-01 16:30:18.124,0 days 00:43:42.451000,0 days 00:01:20.199000,10392,251,7,0,True,8,car,4785.424444444442,0.8897392865415502,611.8090337679062,-3294.1921863425914,-107.1325833430059,car,0 days 00:43:42.451000
2024-03-01 16:30:18.484,0 days 00:43:42.811000,0 days 00:01:20.559000,9716,211,7,0,True,8,car,4806.524444444442,0.8936623448123421,358.9063808047796,-3428.2443833182483,-108.29881070959263,car,0 days 00:43:42.811000
2024-03-01 16:30:18.644,0 days 00:43:42.971000,0 days 00:01:20.719000,9749,189,7,0,True,8,car,4814.924444444442,0.8952241310433681,329.6676840405705,-3438.313734635327,-108.48338691439238,car,0 days 00:43:42.971000
2024-03-01 16:30:18.964,0 days 00:43:43.291000,0 days 00:01:21.039000,10915,161,6,0,True,8,car,4829.235555555553,0.8978849520295606,201.37536029628092,-3476.68785300971,-110.96819612829876,car,0 days 00:43:43.291000
2024-03-01 16:30:19.204,0 days 00:43:43.531000,0 days 00:01:21.279000,10750,152,3,0,True,8,car,4839.368888888886,0.8997690116098461,97.41143049331026,-3494.8931845262314,-111.69812591181302,car,0 days 00:43:43.531000
2024-03-01 16:30:19.524,0 days 00:43:43.851000,0 days 00:01:21.599000,10010,143,3,0,False,8,car,4852.079999999998,0.9021323495044148,-29.385838546640255,-3498.769343599611,-113.06573121548504,car,0 days 00:43:43.851000
2024-03-01 16:30:19.724,0 days 00:43:44.051000,0 days 00:01:21.799000,9696,138,3,0,False,8,car,4859.746666666665,0.9035577893184467,-102.19261182115007,-3487.5454681436454,-115.4671363971915,car,0 days 00:43:44.051000
2024-03-01 16:30:19.884,0 days 00:43:44.211000,0 days 00:01:21.959000,9469,135,3,0,False,8,car,4865.746666666665,0.9046733509120367,-155.89865776224818,-3468.7018376648407,-118.10098031624001,car,0 days 00:43:44.211000
2024-03-01 16:30:20.084,0 days 00:43:44.411000,0 days 00:01:22.159000,9485,132,3,13,False,8,car,4873.079999999998,0.9060368150819801,-217.61412675517587,-3431.611231437809,-118.96445953563804,car,0 days 00:43:44.411000
2024-03-01 16:30:20.284,0 days 00:43:44.611000,0 days 00:01:22.359000,9591,130,3,48,False,8,car,4880.30222222222,0.9073796207038939,-280.0173884986157,-3374.112494334257,-119.9020895474947,car,0 days 00:43:44.611000
2024-03-01 16:30:20.564,0 days 00:43:44.891000,0 days 00:01:22.639000,10013,135,3,56,False,8,car,4890.80222222222,0.9093318534926765,-350.5352783757185,-3290.5150202353234,-122.1924098109456,car,0 days 00:43:44.891000
2024-03-01 16:30:20.724,0 days 00:43:45.051000,0 days 00:01:22.799000,10578,138,3,68,False,8,car,4896.935555555554,0.910472205343902,-379.6551203232361,-3247.966912035507,-123.67951249076465,car,0 days 00:43:45.051000
2024-03-01 16:30:20.964,0 days 00:43:45.291000,0 days 00:01:23.039000,10972,145,3,67,False,8,car,4906.60222222222,0.9122694990224638,-427.1732978670073,-3171.5105173835186,-124.89816955593845,car,0 days 00:43:45.291000
2024-03-01 16:30:21.164,0 days 00:43:45.491000,0 days 00:01:23.239000,10980,152,3,75,False,8,car,4915.046666666664,0.9138395486727016,-485.64966747553717,-3045.3031715625066,-127.6655630466531,car,0 days 00:43:45.491000
2024-03-01 16:30:21.444,0 days 00:43:45.771000,0 days 00:01:23.519000,11116,161,3,98,False,8,car,4927.568888888886,0.9161677670356201,-501.3829456532649,-3006.4624756405633,-128.66533054309647,car,0 days 00:43:45.771000
2024-03-01 16:30:21.844,0 days 00:43:46.171000,0 days 00:01:23.919000,11087,178,4,98,False,8,car,4947.346666666664,0.9198449885848613,-549.5089207812277,-2807.6040878569816,-133.6106638745416,car,0 days 00:43:46.171000
2024-03-01 16:30:22.124,0 days 00:43:46.451000,0 days 00:01:24.199000,11066,189,4,98,False,8,car,4962.046666666663,0.9225781144891569,-572.6439401292971,-2642.028962298858,-137.4308315241587,car,0 days 00:43:46.451000
2024-03-01 16:30:22.444,0 days 00:43:46.771000,0 days 00:01:24.519000,10620,199,5,98,False,8,car,4979.735555555552,0.9258669553354447,-576.2168249582531,-2544.940493212177,-139.84756386543566,car,0 days 00:43:46.771000
2024-03-01 16:30:22.684,0 days 00:43:47.011000,0 days 00:01:24.759000,11024,209,5,98,False,8,car,4993.668888888886,0.9284575372583372,-575.2553309865152,-2359.8633229329607,-143.68834156281974,car,0 days 00:43:47.011000
2024-03-01 16:30:22.884,0 days 00:43:47.211000,0 days 00:01:24.959000,11349,215,5,98,False,8,car,5005.61333333333,0.9306783311715026,-569.8240373578307,-2196.391159793413,-146.06435024202258,car,0 days 00:43:47.211000
2024-03-01 16:30:23.284,0 days 00:43:47.611000,0 days 00:01:25.359000,10628,225,5,98,False,8,car,5030.613333333329,0.9353265044781277,-560.7673382184405,-2039.4866217898916,-148.48716325667667,car,0 days 00:43:47.611000
2024-03-01 16:30:23.444,0 days 00:43:47.771000,0 days 00:01:25.519000,10543,228,5,98,False,8,car,5040.746666666663,0.9372105640584133,-553.3601235440607,-1912.9493219618194,-150.63025956517905,car,0 days 00:43:47.771000
2024-03-01 16:30:23.604,0 days 00:43:47.931000,0 days 00:01:25.679000,10633,233,6,98,False,8,car,5051.102222222218,0.9391359407347575,-546.6269407846677,-1809.1560386731342,-152.37031572687926,car,0 days 00:43:47.931000
2024-03-01 16:30:23.844,0 days 00:43:48.171000,0 days 00:01:25.919000,10852,237,6,98,False,8,car,5066.9022222222175,0.9420735862645445,-537.7631181787383,-1676.9615108750352,-153.93132326181708,car,0 days 00:43:48.171000
2024-03-01 16:30:24.044,0 days 00:43:48.371000,0 days 00:01:26.119000,11016,241,6,98,False,8,car,5080.291111111106,0.9445629413020927,-530.7703032596394,-1546.6983713237466,-154.36436049618183,car,0 days 00:43:48.371000
2024-03-01 16:30:24.204,0 days 00:43:48.531000,0 days 00:01:26.279000,11188,245,6,98,False,8,car,5091.179999999995,0.9465874790089783,-523.9848320855754,-1432.119462777378,-155.43426471544203,car,0 days 00:43:48.531000
2024-03-01 16:30:24.364,0 days 00:43:48.691000,0 days 00:01:26.439000,11188,248,6,98,False,8,car,5102.202222222217,0.9486368069734993,-516.2787603614075,-1294.3294943211197,-156.33972291435254,car,0 days 00:43:48.691000
2024-03-01 16:30:24.604,0 days 00:43:48.931000,0 days 00:01:26.679000,11504,252,6,98,False,8,car,5119.002222222218,0.9517603794355517,-507.8724369379463,-1134.5018877359405,-157.49168427956485,car,0 days 00:43:48.931000
2024-03-01 16:30:24.884,0 days 00:43:49.211000,0 days 00:01:26.959000,11344,256,6,98,False,8,car,5138.913333333329,0.9554623912424284,-499.6876002258664,-972.3927643421375,-158.1309974983218,car,0 days 00:43:49.211000
2024-03-01 16:30:25.124,0 days 00:43:49.451000,0 days 00:01:27.199000,10448,258,6,98,False,8,car,5156.113333333329,0.9586603344773866,-489.7914353130154,-794.7174408219418,-157.98369514124465,car,0 days 00:43:49.451000
2024-03-01 16:30:25.324,0 days 00:43:49.651000,0 days 00:01:27.399000,10413,261,7,98,False,8,car,5170.613333333329,0.9613562749952292,-481.6629793464399,-653.7513854309846,-158.26700945904716,car,0 days 00:43:49.651000
2024-03-01 16:30:25.724,0 days 00:43:50.051000,0 days 00:01:27.799000,10678,266,7,98,False,8,car,5200.168888888885,0.9668514487710618,-462.5677204228656,-314.86011813573526,-159.00570377613747,car,0 days 00:43:50.051000
2024-03-01 16:30:25.964,0 days 00:43:50.291000,0 days 00:01:28.039000,10789,270,7,98,False,8,car,5218.168888888885,0.970198133551832,-452.1207453272867,-120.73454358805876,-158.97038098274655,car,0 days 00:43:50.291000
2024-03-01 16:30:26.204,0 days 00:43:50.531000,0 days 00:01:28.279000,10875,272,7,98,False,8,car,5236.302222222218,0.9735696085902376,-444.0799505885076,40.17578589753756,-159.0018298569274,car,0 days 00:43:50.531000
2024-03-01 16:30:26.404,0 days 00:43:50.731000,0 days 00:01:28.479000,11021,273,7,98,False,14,car,5251.468888888885,0.9763895003962569,-437.817037237994,161.7539140348359,-159.00152377061318,car,0 days 00:43:50.731000
2024-03-01 16:30:26.725,0 days 00:43:51.052000,0 days 00:01:28.800000,11073,279,7,98,False,14,car,5276.346388888885,0.9810148976536797,-421.4244612066685,469.18372353945426,-158.9999244573325,car,0 days 00:43:51.052000
2024-03-01 16:30:26.885,0 days 00:43:51.212000,0 days 00:01:28.960000,11244,282,7,98,False,14,car,5288.879722222217,0.9833451818714011,-415.0830342776511,589.7169809379617,-159.00014908214698,car,0 days 00:43:51.212000
2024-03-01 16:30:27.044,0 days 00:43:51.371000,0 days 00:01:29.119000,11335,282,7,98,False,14,car,5301.334722222218,0.9856609018127619,-410.9442018725944,671.4323755526215,-159.0000399066144,car,0 days 00:43:51.371000
2024-03-01 16:30:27.244,0 days 00:43:51.571000,0 days 00:01:29.319000,11328,285,7,98,False,14,car,5317.168055555552,0.988604744906958,-403.8588858005931,812.4197665186034,-158.99999502954077,car,0 days 00:43:51.571000
2024-03-01 16:30:27.604,0 days 00:43:51.931000,0 days 00:01:29.679000,11554,289,7,98,False,14,car,5346.068055555552,0.9939780332494168,-388.4979978765256,1104.3879591817918,-158.99999967855695,car,0 days 00:43:51.931000
2024-03-01 16:30:27.804,0 days 00:43:52.131000,0 days 00:01:29.879000,11309,290,7,98,False,14,car,5362.179166666663,0.9969735227136864,-377.5173249207628,1329.2931163228116,-158.99999997732505,car,0 days 00:43:52.131000
