Date_x,SessionTime_x,Time,RPM_x,Speed_x,nGear_x,Throttle_x,Brake_x,DRS_x,Source_x,Distance,RelativeDistance,X,Y,Z,Source_y,SessionTime_y
2024-06-23 13:54:10.158,0 days 01:47:52.840000,0 days 00:00:00.133000,8864,80,1,99,False,0,car,2.9555555555555553,0.0006364082458411563,1359.2019992346068,-2.8319386628906784,1744.0,car,0 days 01:47:52.840000
2024-06-23 13:54:10.438,0 days 01:47:53.120000,0 days 00:00:00.413000,8907,80,1,99,False,0,car,9.177777777777777,0.0019762150791909593,1318.5461092606051,-63.70077439345622,1744.0,car,0 days 01:47:53.120000
2024-06-23 13:54:10.678,0 days 01:47:53.360000,0 days 00:00:00.653000,9017,80,1,99,False,0,car,14.511111111111111,0.0031246209363479335,1296.6246858386307,-97.55231417225104,1744.0,car,0 days 01:47:53.360000
2024-06-23 13:54:11.038,0 days 01:47:53.720000,0 days 00:00:01.013000,9041,80,1,99,False,0,car,22.51111111111111,0.004847229722083394,1243.6193445881747,-181.2922512291539,1744.0000000000005,car,0 days 01:47:53.720000
2024-06-23 13:54:11.198,0 days 01:47:53.880000,0 days 00:00:01.173000,8935,80,1,99,False,0,car,26.066666666666666,0.005612833626854711,1220.4260857123802,-217.22855586234022,1744.0000000000005,car,0 days 01:47:53.880000
2024-06-23 13:54:11.437,0 days 01:47:54.119000,0 days 00:00:01.412000,9016,80,1,99,False,0,car,31.377777777777773,0.006756454459606862,1192.6962216675893,-259.6750427793611,1744.0,car,0 days 01:47:54.119000
2024-06-23 13:54:11.597,0 days 01:47:54.279000,0 days 00:00:01.572000,9078,80,1,99,False,0,car,34.93333333333333,0.007522058364378179,1179.5903318239789,-279.55851517857144,1744.0000000000002,car,0 days 01:47:54.279000
2024-06-23 13:54:11.797,0 days 01:47:54.479000,0 days 00:00:01.772000,9003,80,1,99,False,0,car,39.37777777777777,0.008479063245342323,1162.233017385355,-306.35291321698713,1744.0,car,0 days 01:47:54.479000
2024-06-23 13:54:11.957,0 days 01:47:54.639000,0 days 00:00:01.932000,9052,80,1,99,False,0,car,42.93333333333332,0.009244667150113638,1143.5919320008002,-335.35700489844123,1743.9999999999998,car,0 days 01:47:54.639000
2024-06-23 13:54:12.157,0 days 01:47:54.839000,0 days 00:00:02.132000,8926,80,1,99,False,0,car,47.37777777777777,0.010201672031077785,1119.2125947343604,-372.5967205633338,1744.0000000000002,car,0 days 01:47:54.839000
2024-06-23 13:54:12.317,0 days 01:47:54.999000,0 days 00:00:02.292000,8926,80,1,99,False,0,car,50.93333333333332,0.0109672759358491,1100.3358820483816,-403.2680829027346,1743.9999999999998,car,0 days 01:47:54.999000
2024-06-23 13:54:12.517,0 days 01:47:55.199000,0 days 00:00:02.492000,8986,80,1,99,False,0,car,55.37777777777777,0.011924280816813246,1071.905394315932,-447.6203989376976,1743.9999999999998,car,0 days 01:47:55.199000
2024-06-23 13:54:12.757,0 days 01:47:55.439000,0 days 00:00:02.732000,9006,80,1,99,False,0,car,60.71111111111111,0.01307268667397022,1043.6083455827384,-490.7146800076025,1743.9999999999998,car,0 days 01:47:55.439000
2024-06-23 13:54:12.997,0 days 01:47:55.679000,0 days 00:00:02.972000,8995,80,1,99,False,0,car,66.04444444444444,0.014221092531127194,1020.3236427882434,-526.4707434341512,1744.0,car,0 days 01:47:55.679000
2024-06-23 13:54:13.477,0 days 01:47:56.159000,0 days 00:00:03.452000,9036,80,1,99,False,0,pos,76.71111111111111,0.016517904245441143,960.0,-620.0,1744.0,car,0 days 01:47:56.159000
2024-06-23 13:54:13.837,0 days 01:47:56.519000,0 days 00:00:03.812000,8972,80,1,99,False,0,car,84.71111111111111,0.018240513031176603,918.8751115481034,-683.9238340973707,1743.9999999999993,car,0 days 01:47:56.519000
2024-06-23 13:54:14.117,0 days 01:47:56.799000,0 days 00:00:04.092000,9060,80,1,99,False,0,car,90.93333333333332,0.019580319864526404,886.0606127767145,-735.2763609356853,1744.0000000000002,car,0 days 01:47:56.799000
2024-06-23 13:54:14.438,0 days 01:47:57.120000,0 days 00:00:04.413000,9071,80,1,99,False,0,car,98.06666666666666,0.02111631269847386,847.0440471024317,-794.8256537124678,1743.9999999999995,car,0 days 01:47:57.120000
2024-06-23 13:54:14.718,0 days 01:47:57.400000,0 days 00:00:04.693000,8791,80,1,99,False,0,car,104.28888888888888,0.02245611953182366,813.9930579105056,-847.7443175562029,1743.9999999999998,car,0 days 01:47:57.400000
2024-06-23 13:54:14.878,0 days 01:47:57.560000,0 days 00:00:04.853000,9091,80,1,99,False,0,car,107.84444444444443,0.023221723436594975,794.17096628797,-877.5898672675291,1744.0,car,0 days 01:47:57.560000
2024-06-23 13:54:15.038,0 days 01:47:57.720000,0 days 00:00:05.013000,8965,80,1,99,False,0,car,111.39999999999999,0.023987327341366292,775.8611583694994,-907.2207685334959,1743.9999999999995,car,0 days 01:47:57.720000
2024-06-23 13:54:15.278,0 days 01:47:57.960000,0 days 00:00:05.253000,9095,80,1,98,False,0,car,116.73333333333333,0.025135733198523268,734.8550049984194,-970.2225113054468,1743.9999999999998,car,0 days 01:47:57.960000
2024-06-23 13:54:15.438,0 days 01:47:58.120000,0 days 00:00:05.413000,8666,79,1,0,False,0,car,120.24444444444445,0.025891767054484944,717.520099418447,-997.1660680220481,1744.0,car,0 days 01:47:58.120000
2024-06-23 13:54:15.678,0 days 01:47:58.360000,0 days 00:00:05.653000,8666,76,1,0,True,0,car,125.3111111111111,0.026982752618784068,699.9034776011077,-1025.1504471518044,1744.0000000000005,car,0 days 01:47:58.360000
2024-06-23 13:54:15.958,0 days 01:47:58.640000,0 days 00:00:05.933000,6846,68,1,0,True,0,car,130.6,0.0281215884271314,669.4940667932292,-1072.1091841267883,1744.0,car,0 days 01:47:58.640000
2024-06-23 13:54:16.158,0 days 01:47:58.840000,0 days 00:00:06.133000,5446,65,1,0,True,0,car,134.2111111111111,0.02889915489291477,649.9568849276612,-1102.1260047906367,1744.0,car,0 days 01:47:58.840000
2024-06-23 13:54:16.358,0 days 01:47:59.040000,0 days 00:00:06.333000,4407,56,1,0,True,0,car,137.32222222222222,0.029569058309589672,631.1762499765746,-1130.7878933154261,1744.0,car,0 days 01:47:59.040000
2024-06-23 13:54:16.598,0 days 01:47:59.280000,0 days 00:00:06.573000,4247,47,1,0,True,0,car,140.45555555555555,0.030243746750669393,612.4611224704784,-1159.927563286287,1744.0000000000002,car,0 days 01:47:59.280000
2024-06-23 13:54:16.998,0 days 01:47:59.680000,0 days 00:00:06.973000,4137,33,1,0,True,0,car,144.1222222222222,0.03103327577746481,586.1121322601621,-1201.2581283091329,1744.0,car,0 days 01:47:59.680000
2024-06-23 13:54:17.238,0 days 01:47:59.920000,0 days 00:00:07.213000,4098,27,1,0,True,0,car,145.92222222222222,0.03142086275425529,571.576771011401,-1224.5645413957861,1744.0000000000002,car,0 days 01:47:59.920000
2024-06-23 13:54:17.558,0 days 01:48:00.240000,0 days 00:00:07.533000,3796,17,1,0,True,0,car,147.43333333333334,0.031746244413783105,565.9267271972437,-1233.541325805145,1744.0000000000005,car,0 days 01:48:00.240000
2024-06-23 13:54:17.798,0 days 01:48:00.480000,0 days 00:00:07.773000,3920,11,1,0,True,0,car,148.16666666666666,0.03190415021914218,560.1110315329812,-1241.4804527535648,1744.0000000000002,car,0 days 01:48:00.480000
2024-06-23 13:54:18.197,0 days 01:48:00.879000,0 days 00:00:08.172000,5469,0,1,14,True,0,car,148.16666666666666,0.03190415021914218,558.0219647791758,-1245.8745692093673,1744.0,car,0 days 01:48:00.879000
2024-06-23 13:54:18.477,0 days 01:48:01.159000,0 days 00:00:08.452000,7429,0,1,17,True,0,car,148.16666666666666,0.03190415021914218,557.7074160807695,-1247.2447607127515,1744.0000000000002,car,0 days 01:48:01.159000
2024-06-23 13:54:19.437,0 days 01:48:02.119000,0 days 00:00:09.412000,10133,0,1,14,True,0,car,148.16666666666666,0.03190415021914218,556.9998777963959,-1246.9998160606397,1744.0,car,0 days 01:48:02.119000
2024-06-23 13:54:19.637,0 days 01:48:02.319000,0 days 00:00:09.612000,10186,0,1,13,True,0,car,148.16666666666666,0.03190415021914218,556.9989231175714,-1246.9983790902454,1744.0,car,0 days 01:48:02.319000
2024-06-23 13:54:19.797,0 days 01:48:02.479000,0 days 00:00:09.772000,10188,0,1,13,True,0,car,148.16666666666666,0.03190415021914218,557.0012027335795,-1247.0018103367584,1744.0000000000005,car,0 days 01:48:02.479000
2024-06-23 13:54:20.077,0 days 01:48:02.759000,0 days 00:00:10.052000,10164,0,1,12,True,0,car,148.16666666666666,0.03190415021914218,556.999874433474,-1246.9998110129663,1744.0,car,0 days 01:48:02.759000
2024-06-23 13:54:20.317,0 days 01:48:02.999000,0 days 00:00:10.292000,9717,0,1,12,True,0,car,148.16666666666666,0.03190415021914218,557.0000482771933,-1247.000072562828,1743.9999999999995,car,0 days 01:48:02.999000
2024-06-23 13:54:20.677,0 days 01:48:03.359000,0 days 00:00:10.652000,9729,0,1,13,True,0,car,148.16666666666666,0.03190415021914218,556.999995781923,-1246.9999941787332,1744.0000000000002,car,0 days 01:48:03.359000
2024-06-23 13:54:21.078,0 days 01:48:03.760000,0 days 00:00:11.053000,10115,0,1,13,True,0,car,148.16666666666666,0.03190415021914218,556.9999366617494,-1246.99993709503,1743.9999999999998,car,0 days 01:48:03.760000
2024-06-23 13:54:21.278,0 days 01:48:03.960000,0 days 00:00:11.253000,10020,0,1,12,True,0,car,148.16666666666666,0.03190415021914218,557.0002239755049,-1247.0002223284966,1744.0000000000002,car,0 days 01:48:03.960000
2024-06-23 13:54:21.598,0 days 01:48:04.280000,0 days 00:00:11.573000,10009,0,1,12,True,0,car,148.16666666666666,0.03190415021914218,556.9993638858057,-1246.9993685964712,1743.9999999999998,car,0 days 01:48:04.280000
2024-06-23 13:54:21.838,0 days 01:48:04.520000,0 days 00:00:11.813000,9307,0,1,11,True,0,car,148.16666666666666,0.03190415021914218,556.9782236388289,-1246.9783849048913,1743.9999999999998,car,0 days 01:48:04.520000
2024-06-23 13:54:21.998,0 days 01:48:04.680000,0 days 00:00:11.973000,8429,1,1,15,True,0,car,148.2111111111111,0.03191372026795183,557.0016083432098,-1247.0015964325312,1744.0,car,0 days 01:48:04.680000
2024-06-23 13:54:22.238,0 days 01:48:04.920000,0 days 00:00:12.213000,6749,4,1,30,False,0,car,148.47777777777776,0.03197114056080967,555.8769864773056,-1249.9354689287884,1744.0,car,0 days 01:48:04.920000
2024-06-23 13:54:22.518,0 days 01:48:05.200000,0 days 00:00:12.493000,6920,15,1,36,False,0,car,149.64444444444445,0.03222235434206276,548.5628949005442,-1260.6542914194215,1743.9999999999998,car,0 days 01:48:05.200000
2024-06-23 13:54:22.758,0 days 01:48:05.440000,0 days 00:00:12.733000,7254,20,1,37,False,0,car,150.9777777777778,0.032509455806352006,545.2301624033338,-1265.9865317478273,1743.9999999999998,car,0 days 01:48:05.440000
2024-06-23 13:54:23.078,0 days 01:48:05.760000,0 days 00:00:13.053000,8348,26,1,34,False,0,car,153.2888888888889,0.03300709834445336,535.1713567898677,-1281.2282385172418,1744.0,car,0 days 01:48:05.760000
2024-06-23 13:54:23.278,0 days 01:48:05.960000,0 days 00:00:13.253000,7846,32,1,34,False,0,car,155.06666666666666,0.03338990029683902,526.8411216087288,-1293.5333958677686,1743.9999999999995,car,0 days 01:48:05.960000
2024-06-23 13:54:23.478,0 days 01:48:06.160000,0 days 00:00:13.453000,7693,34,1,35,False,0,car,156.95555555555555,0.03379662737124878,512.3468180479374,-1316.2251610729863,1744.0,car,0 days 01:48:06.160000
2024-06-23 13:54:23.638,0 days 01:48:06.320000,0 days 00:00:13.613000,7693,39,1,35,False,0,car,158.6888888888889,0.0341698592748248,502.3977684733619,-1331.3867765390028,1744.0000000000002,car,0 days 01:48:06.320000
2024-06-23 13:54:23.878,0 days 01:48:06.560000,0 days 00:00:13.853000,8114,46,1,36,False,0,car,161.75555555555556,0.03483019264269006,491.7723546133036,-1346.9474745453435,1743.9999999999993,car,0 days 01:48:06.560000
2024-06-23 13:54:24.118,0 days 01:48:06.800000,0 days 00:00:14.093000,8431,54,1,43,False,0,car,165.35555555555555,0.03560536659627102,474.9164006268365,-1373.7240977349543,1744.0,car,0 days 01:48:06.800000
2024-06-23 13:54:24.318,0 days 01:48:07,0 days 00:00:14.293000,8716,60,1,44,False,0,car,168.68888888888887,0.03632312025699412,452.30422448143037,-1408.4459984821588,1743.9999999999998,car,0 days 01:48:07
2024-06-23 13:54:24.478,0 days 01:48:07.160000,0 days 00:00:14.453000,8573,60,1,45,False,0,car,171.35555555555553,0.0368973231855726,436.54902608389847,-1432.4512506121364,1743.9999999999998,car,0 days 01:48:07.160000
2024-06-23 13:54:24.717,0 days 01:48:07.399000,0 days 00:00:14.692000,9107,69,1,51,False,0,car,175.93638888888887,0.03788369615382134,417.90522865792957,-1461.1472228338828,1744.0,car,0 days 01:48:07.399000
2024-06-23 13:54:24.877,0 days 01:48:07.559000,0 days 00:00:14.852000,9192,75,1,51,False,0,car,179.2697222222222,0.03860144981454445,400.68340823453184,-1488.0005834797964,1744.0,car,0 days 01:48:07.559000
2024-06-23 13:54:25.157,0 days 01:48:07.839000,0 days 00:00:15.132000,8906,78,1,61,False,0,car,185.33638888888888,0.03990776147706051,367.62986608530224,-1538.7488957969097,1743.9999999999998,car,0 days 01:48:07.839000
2024-06-23 13:54:25.357,0 days 01:48:08.039000,0 days 00:00:15.332000,8915,80,1,61,False,0,car,189.78083333333333,0.040864766358024655,342.86675080583336,-1578.7302923668376,1743.9999999999995,car,0 days 01:48:08.039000
2024-06-23 13:54:25.757,0 days 01:48:08.439000,0 days 00:00:15.732000,8953,80,1,62,False,0,car,198.6697222222222,0.04277877611995294,289.1730746947939,-1662.142942728397,1744.0,car,0 days 01:48:08.439000
2024-06-23 13:54:25.917,0 days 01:48:08.599000,0 days 00:00:15.892000,8907,80,1,62,False,0,car,202.22527777777776,0.04354438002472426,276.90576862137,-1681.145328311381,1744.0,car,0 days 01:48:08.599000
2024-06-23 13:54:26.117,0 days 01:48:08.799000,0 days 00:00:16.092000,8893,80,1,62,False,0,car,206.6697222222222,0.0445013849056884,253.65472207735178,-1716.9132254241224,1744.0000000000002,car,0 days 01:48:08.799000
2024-06-23 13:54:26.317,0 days 01:48:08.999000,0 days 00:00:16.292000,9073,80,1,62,False,0,car,211.1141666666667,0.04545838978665256,222.1333134185618,-1765.507402973653,1744.0,car,0 days 01:48:08.999000
2024-06-23 13:54:26.557,0 days 01:48:09.239000,0 days 00:00:16.532000,9020,80,1,62,False,0,car,216.4475,0.046606795643809526,192.77325656439618,-1810.9974493353661,1743.9999999999995,car,0 days 01:48:09.239000
2024-06-23 13:54:26.917,0 days 01:48:09.599000,0 days 00:00:16.892000,8997,80,1,62,False,0,car,224.4475,0.04832940442954498,164.29955887660975,-1856.9243136194168,1744.0,car,0 days 01:48:09.599000
2024-06-23 13:54:27.277,0 days 01:48:09.959000,0 days 00:00:17.252000,9020,80,1,62,False,0,car,232.4475,0.050052013215280446,121.20693385194288,-1922.6026988335902,1744.0,car,0 days 01:48:09.959000
2024-06-23 13:54:27.558,0 days 01:48:10.240000,0 days 00:00:17.533000,8959,80,1,62,False,0,car,238.6919444444445,0.05139660507303508,87.13983180679355,-1974.9113608457988,1743.9999999999998,car,0 days 01:48:10.240000
2024-06-23 13:54:27.798,0 days 01:48:10.480000,0 days 00:00:17.773000,9076,80,1,62,False,0,car,244.02527777777777,0.052545010930192045,58.88397281469883,-2019.1833251488777,1744.0000000000002,car,0 days 01:48:10.480000
2024-06-23 13:54:27.998,0 days 01:48:10.680000,0 days 00:00:17.973000,8942,80,1,62,False,0,car,248.4697222222222,0.053502015811156184,34.86901428663652,-2057.2070356797726,1744.0,car,0 days 01:48:10.680000
2024-06-23 13:54:28.158,0 days 01:48:10.840000,0 days 00:00:18.133000,9010,80,1,63,False,0,car,252.02527777777777,0.05426761971592751,12.289463974306535,-2092.8026421762575,1743.9999999999998,car,0 days 01:48:10.840000
2024-06-23 13:54:28.398,0 days 01:48:11.080000,0 days 00:00:18.373000,9018,80,1,64,False,0,car,257.35861111111114,0.05541602557308449,-12.167143814317178,-2130.6118871480953,1743.9999999999998,car,0 days 01:48:11.080000
2024-06-23 13:54:28.758,0 days 01:48:11.440000,0 days 00:00:18.733000,8915,80,1,68,False,0,car,265.35861111111114,0.05713863435881995,-32.088243231146045,-2160.137075686161,1744.0,car,0 days 01:48:11.440000
2024-06-23 13:54:29.118,0 days 01:48:11.800000,0 days 00:00:19.093000,7150,80,2,64,False,0,car,273.35861111111114,0.05886124314455541,-72.46953944297907,-2224.1484368716556,1744.0,car,0 days 01:48:11.800000
2024-06-23 13:54:29.558,0 days 01:48:12.240000,0 days 00:00:19.533000,6598,80,2,67,False,0,car,283.136388888889,0.06096665388267654,-140.40427557982372,-2327.675761794578,1744.0,car,0 days 01:48:12.240000
2024-06-23 13:54:29.718,0 days 01:48:12.400000,0 days 00:00:19.693000,6910,80,2,67,False,0,car,286.6919444444445,0.061732257787447856,-147.98301812422105,-2340.203845782173,1744.0000000000002,car,0 days 01:48:12.400000
2024-06-23 13:54:30.198,0 days 01:48:12.880000,0 days 00:00:20.173000,6502,80,2,65,False,0,car,297.3586111111111,0.06402906950176178,-241.75727946954228,-2477.9958325371263,1743.9999999999998,car,0 days 01:48:12.880000
2024-06-23 13:54:30.518,0 days 01:48:13.200000,0 days 00:00:20.493000,7168,80,2,65,False,0,car,304.46972222222223,0.06556027731130441,-271.34596912924144,-2523.641748856127,1744.0000000000002,car,0 days 01:48:13.200000
2024-06-23 13:54:30.798,0 days 01:48:13.480000,0 days 00:00:20.773000,9128,88,2,61,False,0,car,311.3141666666667,0.06703406482798921,-308.25922827715425,-2580.39487095808,1743.9999999999998,car,0 days 01:48:13.480000
2024-06-23 13:54:31.198,0 days 01:48:13.880000,0 days 00:00:21.173000,8676,99,2,53,False,0,car,322.31416666666667,0.06940265190837545,-383.4213860139473,-2695.6550559678863,1743.9999999999939,car,0 days 01:48:13.880000
2024-06-23 13:54:31.398,0 days 01:48:14.080000,0 days 00:00:21.373000,9236,102,2,57,False,0,car,327.9808333333334,0.07062283313160476,-417.0171256941728,-2748.646439841243,1743.999999998633,car,0 days 01:48:14.080000
2024-06-23 13:54:31.597,0 days 01:48:14.279000,0 days 00:00:21.572000,10450,117,2,73,False,0,car,334.4483333333333,0.07201545467182276,-441.1905790328411,-2787.6116150886314,1743.9999999987378,car,0 days 01:48:14.279000
2024-06-23 13:54:31.877,0 days 01:48:14.559000,0 days 00:00:21.852000,9611,121,2,81,False,0,car,343.8594444444445,0.07404191250726434,-480.95519932226813,-2850.036371810142,1744.000000006403,car,0 days 01:48:14.559000
2024-06-23 13:54:32.037,0 days 01:48:14.719000,0 days 00:00:22.012000,10305,128,3,84,False,0,car,349.54833333333335,0.07526687875489844,-505.55733374613885,-2888.9322038020655,1743.999999985691,car,0 days 01:48:14.719000
2024-06-23 13:54:32.397,0 days 01:48:15.079000,0 days 00:00:22.372000,11740,142,3,99,False,0,car,363.74833333333333,0.07832450934957888,-602.6594194741986,-3055.624102553477,1744.0000000561013,car,0 days 01:48:15.079000
2024-06-23 13:54:32.597,0 days 01:48:15.279000,0 days 00:00:22.572000,11821,156,3,99,False,0,car,372.41499999999996,0.08019066886745896,-634.615642622044,-3111.078581155051,1743.9999986408402,car,0 days 01:48:15.279000
2024-06-23 13:54:33.037,0 days 01:48:15.719000,0 days 00:00:23.012000,10968,174,4,99,False,0,car,393.6816666666667,0.0847699372228724,-730.6913737084894,-3278.5046668971454,1743.9999965905372,car,0 days 01:48:15.719000
2024-06-23 13:54:33.317,0 days 01:48:15.999000,0 days 00:00:23.292000,11549,189,4,99,False,0,car,408.3816666666667,0.08793523086666132,-835.6891098773576,-3463.1655099121426,1744.0000953778406,car,0 days 01:48:15.999000
2024-06-23 13:54:33.757,0 days 01:48:16.439000,0 days 00:00:23.732000,11032,200,5,99,False,0,car,432.82611111111106,0.09319875771196409,-917.661257493746,-3607.3825740608318,1743.999313757887,car,0 days 01:48:16.439000
2024-06-23 13:54:34.118,0 days 01:48:16.800000,0 days 00:00:24.093000,11631,215,5,99,False,0,car,454.3858333333333,0.0978411285767161,-1056.531571378121,-3851.06773116075,1744.0114010024981,car,0 days 01:48:16.800000
2024-06-23 13:54:34.318,0 days 01:48:17,0 days 00:00:24.293000,11807,220,5,99,False,0,car,466.6080555555555,0.1004728919993675,-1104.9975239968448,-3935.962581206655,1744.0041261346216,car,0 days 01:48:17
2024-06-23 13:54:34.598,0 days 01:48:17.280000,0 days 00:00:24.573000,10652,223,6,99,False,0,car,483.9525,0.10420760354733008,-1159.4961050096178,-4032.084506960552,1743.9799514438953,car,0 days 01:48:17.280000
2024-06-23 13:54:34.958,0 days 01:48:17.640000,0 days 00:00:24.933000,11061,232,6,99,False,0,car,507.1525,0.10920316902596292,-1290.205639737641,-4261.614392360467,1742.6998879760326,car,0 days 01:48:17.640000
2024-06-23 13:54:35.158,0 days 01:48:17.840000,0 days 00:00:25.133000,11313,237,6,99,False,0,car,520.3191666666665,0.11203829598581917,-1382.1540521733284,-4423.614962865515,1744.9563236329395,car,0 days 01:48:17.840000
2024-06-23 13:54:35.398,0 days 01:48:18.080000,0 days 00:00:25.373000,11497,242,6,99,False,0,car,536.4525,0.11551222370371905,-1424.3795215311754,-4498.270040988573,1765.1459098597609,car,0 days 01:48:18.080000
2024-06-23 13:54:35.558,0 days 01:48:18.240000,0 days 00:00:25.533000,11642,246,6,99,False,0,car,547.3858333333334,0.11786645571089086,-1468.4033641513265,-4575.708449672531,1743.7093418902787,car,0 days 01:48:18.240000
2024-06-23 13:54:35.798,0 days 01:48:18.480000,0 days 00:00:25.773000,11305,248,6,99,False,0,car,563.9191666666666,0.12142651386807744,-1588.3312963207543,-4787.8743403169065,1657.2572332815214,car,0 days 01:48:18.480000
2024-06-23 13:54:36.038,0 days 01:48:18.720000,0 days 00:00:26.013000,10489,253,7,99,False,0,car,580.7858333333334,0.1250583473913364,-1675.9720647881495,-4940.836024570429,1658.04582059911,car,0 days 01:48:18.720000
2024-06-23 13:54:36.198,0 days 01:48:18.880000,0 days 00:00:26.173000,10530,256,7,99,False,0,car,592.1636111111109,0.12750827988660457,-1733.8759526242616,-5028.746749464854,1655.012987511691,car,0 days 01:48:18.880000
2024-06-23 13:54:36.358,0 days 01:48:19.040000,0 days 00:00:26.333000,10642,259,7,99,False,0,car,603.674722222222,0.1299869225283017,-1790.323803187869,-5119.064705592584,1653.2196592943196,car,0 days 01:48:19.040000
2024-06-23 13:54:36.558,0 days 01:48:19.240000,0 days 00:00:26.533000,10761,261,7,99,False,0,car,618.1747222222223,0.13310915095244727,-1860.7065838174547,-5236.885082360935,1650.6595429829006,car,0 days 01:48:19.240000
2024-06-23 13:54:36.878,0 days 01:48:19.560000,0 days 00:00:26.853000,10570,263,7,0,False,0,car,641.5525000000001,0.1381429966263187,-2001.636512355484,-5480.345620207672,1646.224380266556,car,0 days 01:48:19.560000
2024-06-23 13:54:37.078,0 days 01:48:19.760000,0 days 00:00:27.053000,10477,258,7,0,False,0,car,655.8858333333334,0.14122933736742804,-2090.722901034702,-5638.196750659803,1644.0492412624562,car,0 days 01:48:19.760000
2024-06-23 13:54:37.478,0 days 01:48:20.160000,0 days 00:00:27.453000,10053,247,7,0,False,0,car,683.3302777777777,0.14713884250738163,-2228.7123885769124,-5887.235862947809,1640.629839542664,car,0 days 01:48:20.160000
2024-06-23 13:54:37.638,0 days 01:48:20.320000,0 days 00:00:27.613000,9727,244,7,0,True,0,car,694.1747222222222,0.14947393441693413,-2267.2712395601548,-5956.993358261928,1639.4241705664708,car,0 days 01:48:20.320000
2024-06-23 13:54:37.878,0 days 01:48:20.560000,0 days 00:00:27.853000,9434,236,7,0,True,0,car,709.9080555555556,0.15286173169554723,-2320.105551704115,-6052.170645623934,1638.464943000288,car,0 days 01:48:20.560000
2024-06-23 13:54:38.038,0 days 01:48:20.720000,0 days 00:00:28.013000,9434,229,7,0,True,0,car,720.0858333333334,0.15505327287295514,-2371.022407450544,-6140.453314846647,1637.7608037026964,car,0 days 01:48:20.720000
2024-06-23 13:54:38.237,0 days 01:48:20.919000,0 days 00:00:28.212000,10233,221,7,0,True,0,car,732.3022222222222,0.15768378022670024,-2459.8751961015664,-6290.8280193254795,1636.2708875978142,car,0 days 01:48:20.919000
2024-06-23 13:54:38.437,0 days 01:48:21.119000,0 days 00:00:28.412000,10962,211,6,0,True,0,car,744.0244444444444,0.16020788060024316,-2504.131299744257,-6365.702053885759,1635.0633848985392,car,0 days 01:48:21.119000
2024-06-23 13:54:38.797,0 days 01:48:21.479000,0 days 00:00:28.772000,9816,187,5,0,True,0,car,762.7244444444443,0.1642344786368998,-2635.746544016573,-6554.79189267729,1632.1259794747577,car,0 days 01:48:21.479000
2024-06-23 13:54:39.077,0 days 01:48:21.759000,0 days 00:00:29.052000,9952,167,5,0,True,0,car,775.7133333333333,0.16703132540151752,-2685.1288886248058,-6621.690974293168,1631.504246156323,car,0 days 01:48:21.759000
2024-06-23 13:54:39.277,0 days 01:48:21.959000,0 days 00:00:29.252000,9494,161,4,0,True,0,car,784.6577777777777,0.16895729772445786,-2741.4507083511676,-6684.509704860159,1629.988888368853,car,0 days 01:48:21.959000
2024-06-23 13:54:39.677,0 days 01:48:22.359000,0 days 00:00:29.652000,8506,139,4,0,True,0,car,800.1022222222223,0.1722828896858083,-2893.138215602464,-6843.731756020104,1625.2661205794934,car,0 days 01:48:22.359000
2024-06-23 13:54:39.877,0 days 01:48:22.559000,0 days 00:00:29.852000,8054,135,4,0,True,0,car,807.6022222222223,0.17389783542243528,-2935.801742635821,-6875.095267428544,1624.1997339812003,car,0 days 01:48:22.559000
2024-06-23 13:54:40.077,0 days 01:48:22.759000,0 days 00:00:30.052000,7715,130,4,0,True,0,car,814.8244444444445,0.175452968354002,-2993.8782374186985,-6911.9728268530935,1623.9417919636999,car,0 days 01:48:22.759000
2024-06-23 13:54:40.357,0 days 01:48:23.039000,0 days 00:00:30.332000,7262,122,4,0,True,0,car,824.3133333333334,0.17749617377486046,-3074.6335650535684,-6957.66815773054,1623.8333641828012,car,0 days 01:48:23.039000
2024-06-23 13:54:40.518,0 days 01:48:23.200000,0 days 00:00:30.493000,7151,118,4,0,True,0,car,829.5905555555555,0.17863249744539525,-3101.3729182523757,-6968.801800629907,1623.1732318774223,car,0 days 01:48:23.200000
2024-06-23 13:54:40.758,0 days 01:48:23.440000,0 days 00:00:30.733000,6932,114,4,0,True,0,car,837.1905555555555,0.18026897579184395,-3154.7906917131622,-6981.469988935645,1623.195085005429,car,0 days 01:48:23.440000
2024-06-23 13:54:40.958,0 days 01:48:23.640000,0 days 00:00:30.933000,6647,111,4,0,True,0,car,843.3572222222222,0.18159682006418168,-3216.2748736953463,-6992.036922646219,1623.9999148949041,car,0 days 01:48:23.640000
2024-06-23 13:54:41.118,0 days 01:48:23.800000,0 days 00:00:31.093000,6603,108,4,6,True,0,car,848.1572222222221,0.18263038533562295,-3257.95479136145,-6994.965021893849,1623.5927099201094,car,0 days 01:48:23.800000
2024-06-23 13:54:41.358,0 days 01:48:24.040000,0 days 00:00:31.333000,6929,107,4,30,False,0,car,855.2905555555554,0.1841663781695704,-3379.6417372629257,-6978.57107068946,1627.2962566437243,car,0 days 01:48:24.040000
2024-06-23 13:54:41.678,0 days 01:48:24.360000,0 days 00:00:31.653000,7036,110,4,44,False,0,car,865.0683333333333,0.18627178890769153,-3428.58846306513,-6964.332244972813,1628.0487149630922,car,0 days 01:48:24.360000
2024-06-23 13:54:41.838,0 days 01:48:24.520000,0 days 00:00:31.813000,7176,114,4,48,False,0,car,870.135,0.18736277447199068,-3477.618213035075,-6946.845616121983,1628.7721886951506,car,0 days 01:48:24.520000
2024-06-23 13:54:42.198,0 days 01:48:24.880000,0 days 00:00:32.173000,7796,123,4,59,False,0,car,882.4350000000001,0.19001128548005897,-3588.6743790270743,-6898.3608255767695,1630.7507061813094,car,0 days 01:48:24.880000
2024-06-23 13:54:42.518,0 days 01:48:25.200000,0 days 00:00:32.493000,8466,132,4,78,False,0,car,894.1683333333334,0.1925377783658043,-3699.0776659274707,-6848.299324698918,1632.4822830336338,car,0 days 01:48:25.200000
2024-06-23 13:54:42.838,0 days 01:48:25.520000,0 days 00:00:32.813000,9135,143,4,64,False,0,car,906.8794444444445,0.19527481232536176,-3846.74636681686,-6789.165792771708,1635.4140678473805,car,0 days 01:48:25.520000
2024-06-23 13:54:43.158,0 days 01:48:25.840000,0 days 00:00:33.133000,9279,149,4,61,False,0,car,920.1238888888889,0.1981266868706349,-3926.3050877233745,-6773.713618632932,1638.088373432345,car,0 days 01:48:25.840000
2024-06-23 13:54:43.518,0 days 01:48:26.200000,0 days 00:00:33.493000,9567,151,4,53,False,0,car,935.223888888889,0.20137811095371058,-4064.7087628830764,-6769.750241007022,1643.6894597216822,car,0 days 01:48:26.200000
2024-06-23 13:54:43.678,0 days 01:48:26.360000,0 days 00:00:33.653000,9629,152,4,54,False,0,car,941.9794444444443,0.20283275837277606,-4151.457356937626,-6791.885928659393,1646.9633752687498,car,0 days 01:48:26.360000
2024-06-23 13:54:44.038,0 days 01:48:26.720000,0 days 00:00:34.013000,9773,155,4,58,False,0,car,957.4794444444443,0.2061703128951385,-4326.365330344484,-6858.20532145792,1655.973039778454,car,0 days 01:48:26.720000
2024-06-23 13:54:44.238,0 days 01:48:26.920000,0 days 00:00:34.213000,10033,157,4,63,False,0,car,966.2016666666667,0.20804843497403067,-4369.094726410615,-6883.932182234332,1658.9229559775686,car,0 days 01:48:26.920000
2024-06-23 13:54:44.478,0 days 01:48:27.160000,0 days 00:00:34.453000,10287,159,4,71,False,0,car,976.8016666666668,0.2103308916151302,-4461.328649408654,-6937.62045439283,1663.4924466078996,car,0 days 01:48:27.160000
2024-06-23 13:54:44.758,0 days 01:48:27.440000,0 days 00:00:34.733000,10724,167,4,81,False,0,car,989.7905555555554,0.21312773837974786,-4571.816965575885,-7012.815126118362,1670.1057174546727,car,0 days 01:48:27.440000
2024-06-23 13:54:44.997,0 days 01:48:27.679000,0 days 00:00:34.972000,11280,176,4,98,False,0,car,1001.4750000000001,0.21564370421180262,-4704.877319495812,-7106.837555004487,1677.663920689995,car,0 days 01:48:27.679000
2024-06-23 13:54:45.197,0 days 01:48:27.879000,0 days 00:00:35.172000,11604,184,4,99,False,0,car,1011.6972222222222,0.21784481543802015,-4770.095307447884,-7152.231065517812,1681.5181649150823,car,0 days 01:48:27.879000
2024-06-23 13:54:45.397,0 days 01:48:28.079000,0 days 00:00:35.372000,11993,191,4,99,False,0,car,1022.3083333333335,0.22012966459132208,-4826.446598899502,-7189.3793553525,1684.4013774795621,car,0 days 01:48:28.079000
2024-06-23 13:54:45.597,0 days 01:48:28.279000,0 days 00:00:35.572000,10735,198,4,99,False,0,car,1033.3083333333336,0.22249825167170836,-4927.86019101083,-7252.413741515353,1689.081939729088,car,0 days 01:48:28.279000
2024-06-23 13:54:45.837,0 days 01:48:28.519000,0 days 00:00:35.812000,11171,198,5,94,False,0,car,1046.5083333333334,0.22534055616817183,-5072.048230399824,-7329.746064387906,1696.0359211204295,car,0 days 01:48:28.519000
2024-06-23 13:54:45.997,0 days 01:48:28.679000,0 days 00:00:35.972000,11281,205,5,90,False,0,car,1055.6194444444448,0.22730241617414837,-5150.85932068827,-7366.3020549950115,1699.5206345672286,car,0 days 01:48:28.679000
2024-06-23 13:54:46.237,0 days 01:48:28.919000,0 days 00:00:36.212000,11572,211,5,88,False,0,car,1069.6861111111116,0.23033133662239993,-5263.116640492464,-7405.5343794853425,1704.4616455642342,car,0 days 01:48:28.919000
2024-06-23 13:54:46.517,0 days 01:48:29.199000,0 days 00:00:36.492000,10844,215,5,78,False,0,car,1086.4083333333335,0.23393206748702747,-5427.047914492072,-7442.938973236717,1711.9477044527496,car,0 days 01:48:29.199000
2024-06-23 13:54:46.677,0 days 01:48:29.359000,0 days 00:00:36.652000,10207,215,6,68,False,0,car,1095.9638888888894,0.23598962798110043,-5521.910724927891,-7453.335205566036,1715.500708419503,car,0 days 01:48:29.359000
2024-06-23 13:54:46.837,0 days 01:48:29.519000,0 days 00:00:36.812000,10076,214,6,63,False,0,car,1105.4750000000004,0.23803761842636367,-5606.159579471978,-7454.7871158180515,1719.9001013232748,car,0 days 01:48:29.519000
2024-06-23 13:54:46.997,0 days 01:48:29.679000,0 days 00:00:36.972000,10076,213,6,61,False,0,car,1114.9416666666673,0.24007603882281736,-5698.732153563273,-7449.305058467626,1724.0498393820126,car,0 days 01:48:29.679000
2024-06-23 13:54:47.238,0 days 01:48:29.920000,0 days 00:00:37.213000,10003,212,6,57,False,0,car,1129.1338888888895,0.2431319946589561,-5828.062038473764,-7429.948897770317,1729.3467522387725,car,0 days 01:48:29.920000
2024-06-23 13:54:47.478,0 days 01:48:30.160000,0 days 00:00:37.453000,9989,211,6,68,False,0,car,1143.2005555555563,0.24616091510720767,-5955.124684742927,-7395.479640873988,1733.7721692621153,car,0 days 01:48:30.160000
2024-06-23 13:54:47.678,0 days 01:48:30.360000,0 days 00:00:37.653000,10081,211,6,74,False,0,car,1154.9227777777783,0.24868501548075053,-6066.448453761313,-7354.115664647672,1737.4356388285767,car,0 days 01:48:30.360000
2024-06-23 13:54:47.998,0 days 01:48:30.680000,0 days 00:00:37.973000,10153,214,6,80,False,0,car,1173.9450000000006,0.2527809963712771,-6232.199552956797,-7265.3171526851875,1744.9490013993855,car,0 days 01:48:30.680000
2024-06-23 13:54:48.358,0 days 01:48:31.040000,0 days 00:00:38.333000,10384,217,6,85,False,0,car,1195.6450000000007,0.25745357270258457,-6412.420457151336,-7111.52492219221,1752.054689083485,car,0 days 01:48:31.040000
2024-06-23 13:54:48.518,0 days 01:48:31.200000,0 days 00:00:38.493000,10430,220,6,89,False,0,car,1205.4227777777787,0.2595589834407057,-6474.585732817158,-7041.028589732313,1754.5009700472647,car,0 days 01:48:31.200000
2024-06-23 13:54:48.758,0 days 01:48:31.440000,0 days 00:00:38.733000,10717,224,6,99,False,0,car,1220.3561111111117,0.2627745198407452,-6545.479924558172,-6935.733555299881,1757.891386793307,car,0 days 01:48:31.440000
2024-06-23 13:54:48.958,0 days 01:48:31.640000,0 days 00:00:38.933000,10891,228,6,99,False,0,car,1233.0227777777784,0.26550198375149303,-6605.837380914976,-6823.053053116845,1760.7652403851534,car,0 days 01:48:31.640000
2024-06-23 13:54:49.198,0 days 01:48:31.880000,0 days 00:00:39.173000,11026,230,6,99,False,0,car,1248.3561111111119,0.26880365059081934,-6662.416638004392,-6679.524306962432,1763.5126256784117,car,0 days 01:48:31.880000
2024-06-23 13:54:49.358,0 days 01:48:32.040000,0 days 00:00:39.333000,11250,234,6,99,False,0,car,1258.7561111111117,0.2710430420122754,-6690.433404610095,-6580.397092227168,1765.3891395878004,car,0 days 01:48:32.040000
2024-06-23 13:54:49.838,0 days 01:48:32.520000,0 days 00:00:39.813000,11404,242,6,99,False,0,car,1291.0227777777786,0.27799089744807515,-6734.388167046064,-6190.684587981517,1770.4682659147797,car,0 days 01:48:32.520000
2024-06-23 13:54:50.238,0 days 01:48:32.920000,0 days 00:00:40.213000,11802,248,6,99,False,0,car,1318.578333333334,0.2839243277100528,-6724.523946464557,-5992.349619672394,1773.5277136696031,car,0 days 01:48:32.920000
2024-06-23 13:54:50.438,0 days 01:48:33.120000,0 days 00:00:40.413000,11802,251,6,99,False,0,car,1332.5227777777782,0.28692693052407775,-6709.329664007872,-5849.274416823611,1775.3848234157044,car,0 days 01:48:33.120000
2024-06-23 13:54:50.598,0 days 01:48:33.280000,0 days 00:00:40.573000,11382,253,6,99,False,0,car,1343.767222222223,0.2893481528729171,-6693.053389557045,-5739.159022878291,1776.8332073675724,car,0 days 01:48:33.280000
2024-06-23 13:54:50.838,0 days 01:48:33.520000,0 days 00:00:40.813000,10421,256,7,99,False,0,car,1360.8338888888898,0.2930230516158195,-6660.247294565901,-5570.48762483883,1779.2558478660162,car,0 days 01:48:33.520000
2024-06-23 13:54:51.118,0 days 01:48:33.800000,0 days 00:00:41.093000,10597,259,7,99,False,0,car,1380.9783333333344,0.2973606762387895,-6595.665860164441,-5319.270476915974,1783.42484580227,car,0 days 01:48:33.800000
2024-06-23 13:54:51.438,0 days 01:48:34.120000,0 days 00:00:41.413000,10893,262,7,99,False,0,car,1404.2672222222227,0.3023753818150415,-6502.188306542995,-5067.808149181807,1788.700349843243,car,0 days 01:48:34.120000
2024-06-23 13:54:51.917,0 days 01:48:34.599000,0 days 00:00:41.892000,11064,268,7,99,False,0,car,1439.926111111112,0.31005367122623717,-6378.334621736952,-4846.147902626238,1791.6313694902865,car,0 days 01:48:34.599000
2024-06-23 13:54:52.117,0 days 01:48:34.799000,0 days 00:00:42.092000,11133,271,7,99,False,0,car,1454.9816666666673,0.31329552526050314,-6294.4675603457,-4716.256403808323,1793.7823506904797,car,0 days 01:48:34.799000
2024-06-23 13:54:52.437,0 days 01:48:35.119000,0 days 00:00:42.412000,11307,274,7,99,False,0,car,1479.3372222222229,0.31853991200818665,-6143.585092674924,-4502.639429378522,1796.9335248068073,car,0 days 01:48:35.119000
2024-06-23 13:54:52.837,0 days 01:48:35.519000,0 days 00:00:42.812000,11463,278,7,99,False,0,car,1510.2261111111115,0.3251910959308874,-5918.69628680489,-4176.35534644755,1801.7667497161938,car,0 days 01:48:35.519000
2024-06-23 13:54:53.117,0 days 01:48:35.799000,0 days 00:00:43.092000,11511,281,7,99,False,0,pos,1532.0816666666672,0.3298971674330286,-5860.0,-4067.0,1804.0,car,0 days 01:48:35.799000
2024-06-23 13:54:53.437,0 days 01:48:36.119000,0 days 00:00:43.412000,11449,282,7,11,False,0,car,1557.1483333333338,0.3352946749616664,-5698.968536956378,-3799.7454280403463,1807.7253511631206,car,0 days 01:48:36.119000
2024-06-23 13:54:53.597,0 days 01:48:36.279000,0 days 00:00:43.572000,11163,277,7,0,False,0,car,1569.4594444444451,0.3379455784819371,-5630.752933164998,-3688.867616259631,1809.8548479990395,car,0 days 01:48:36.279000
2024-06-23 13:54:53.838,0 days 01:48:36.520000,0 days 00:00:43.813000,10784,271,7,0,True,0,car,1587.6013888888895,0.34185201259322767,-5601.280385882641,-3644.685308609172,1810.6907059767211,car,0 days 01:48:36.520000
2024-06-23 13:54:54.078,0 days 01:48:36.760000,0 days 00:00:44.053000,10437,259,7,0,True,0,car,1604.8680555555557,0.34556997655577326,-5516.352919459378,-3520.8537841864663,1812.4814903113631,car,0 days 01:48:36.760000
2024-06-23 13:54:54.278,0 days 01:48:36.960000,0 days 00:00:44.253000,9535,244,7,0,True,0,car,1618.4236111111113,0.3484888414427139,-5439.227096910571,-3406.7320731362383,1814.2208290751428,car,0 days 01:48:36.960000
2024-06-23 13:54:54.438,0 days 01:48:37.120000,0 days 00:00:44.413000,9326,228,7,0,True,0,car,1628.5569444444445,0.35067081257131216,-5379.352186799613,-3322.058885201906,1816.6173666907723,car,0 days 01:48:37.120000
2024-06-23 13:54:54.678,0 days 01:48:37.360000,0 days 00:00:44.653000,9699,211,7,0,True,0,car,1642.6236111111114,0.3536997330195637,-5260.264494930002,-3164.592934263833,1818.6540658012905,car,0 days 01:48:37.360000
2024-06-23 13:54:54.838,0 days 01:48:37.520000,0 days 00:00:44.813000,10239,198,7,0,True,0,car,1651.4236111111115,0.3555946026838728,-5206.458868484557,-3096.5182264188743,1819.1075955091537,car,0 days 01:48:37.520000
2024-06-23 13:54:55.198,0 days 01:48:37.880000,0 days 00:00:45.173000,10084,180,5,0,True,0,car,1669.4236111111115,0.35947047245177755,-5118.747128035717,-3009.0177717258407,1818.9393106125096,car,0 days 01:48:37.880000
2024-06-23 13:54:55.398,0 days 01:48:38.080000,0 days 00:00:45.373000,10205,171,5,0,True,0,car,1678.9236111111113,0.36151607038483835,-5043.617820406411,-2949.623593190821,1819.8670412478398,car,0 days 01:48:38.080000
2024-06-23 13:54:55.758,0 days 01:48:38.440000,0 days 00:00:45.733000,9355,157,4,0,True,0,car,1694.6236111111114,0.3648966901268442,-4906.523963409666,-2875.834763547225,1822.00573693514,car,0 days 01:48:38.440000
2024-06-23 13:54:55.958,0 days 01:48:38.640000,0 days 00:00:45.933000,9044,151,4,0,True,0,car,1703.0125000000003,0.36670303683966404,-4793.323837458846,-2846.952877365083,1823.419377139015,car,0 days 01:48:38.640000
2024-06-23 13:54:56.438,0 days 01:48:39.120000,0 days 00:00:46.413000,8527,140,4,0,False,0,car,1721.6791666666668,0.37072245733971343,-4639.4319410860935,-2842.7609056451925,1826.6767797156333,car,0 days 01:48:39.120000
2024-06-23 13:54:56.798,0 days 01:48:39.480000,0 days 00:00:46.773000,8094,134,4,0,False,0,car,1735.079166666667,0.3736078270558204,-4505.355302068414,-2876.971158401845,1828.1789568919264,car,0 days 01:48:39.480000
2024-06-23 13:54:56.998,0 days 01:48:39.680000,0 days 00:00:46.973000,8431,130,4,19,False,0,car,1742.3013888888893,0.3751629599873871,-4438.993874122982,-2907.509651512925,1830.158009250949,car,0 days 01:48:39.680000
2024-06-23 13:54:57.238,0 days 01:48:39.920000,0 days 00:00:47.213000,8440,131,4,50,False,0,car,1751.0347222222226,0.37704347457848164,-4360.605571557458,-2956.801923386847,1831.7658733057872,car,0 days 01:48:39.920000
2024-06-23 13:54:57.518,0 days 01:48:40.200000,0 days 00:00:47.493000,8610,133,4,61,False,0,car,1761.379166666667,0.3792709034389257,-4271.848080496712,-3034.7549950652547,1834.5017298240687,car,0 days 01:48:40.200000
2024-06-23 13:54:57.878,0 days 01:48:40.560000,0 days 00:00:47.853000,9047,138,4,68,False,0,car,1775.179166666667,0.3822424035943194,-4196.740257841274,-3130.527708677859,1835.0865149799174,car,0 days 01:48:40.560000
2024-06-23 13:54:58.118,0 days 01:48:40.800000,0 days 00:00:48.093000,9347,147,4,74,False,0,car,1784.9791666666672,0.38435259935684535,-4129.8166828655985,-3237.9609796991276,1836.2493881852756,car,0 days 01:48:40.800000
2024-06-23 13:54:58.397,0 days 01:48:41.079000,0 days 00:00:48.372000,9862,154,4,77,False,0,car,1796.9141666666671,0.38692251633906444,-4095.844996859815,-3315.454989668468,1837.0032805775293,car,0 days 01:48:41.079000
2024-06-23 13:54:58.597,0 days 01:48:41.279000,0 days 00:00:48.572000,9933,157,4,80,False,0,car,1805.6363888888895,0.3888006384179566,-4058.2855828487454,-3434.1418142794428,1837.7783579614945,car,0 days 01:48:41.279000
2024-06-23 13:54:58.757,0 days 01:48:41.439000,0 days 00:00:48.732000,10515,163,4,83,False,0,car,1812.8808333333338,0.39036055637392814,-4037.634015611502,-3513.18676248203,1838.3399561564552,car,0 days 01:48:41.439000
2024-06-23 13:54:59.037,0 days 01:48:41.719000,0 days 00:00:49.012000,11116,171,4,99,False,0,car,1826.1808333333338,0.3932243934802133,-4028.906852967597,-3601.939117899068,1838.959368336394,car,0 days 01:48:41.719000
2024-06-23 13:54:59.317,0 days 01:48:41.999000,0 days 00:00:49.292000,11116,182,4,99,False,0,car,1840.3363888888894,0.39627245402608413,-4028.8720848542907,-3738.9194239843328,1839.0378929051935,car,0 days 01:48:41.999000
2024-06-23 13:54:59.637,0 days 01:48:42.319000,0 days 00:00:49.612000,12288,192,4,99,False,0,car,1857.403055555556,0.3999473527689864,-4055.818688164864,-3912.229334285118,1837.867927366088,car,0 days 01:48:42.319000
2024-06-23 13:54:59.797,0 days 01:48:42.479000,0 days 00:00:49.772000,11760,195,4,99,False,0,car,1866.0697222222225,0.40181351228686646,-4085.9954881421504,-4010.7231889830105,1836.794925654628,car,0 days 01:48:42.479000
2024-06-23 13:54:59.997,0 days 01:48:42.679000,0 days 00:00:49.972000,11098,204,4,99,False,0,car,1877.403055555556,0.4042538747333251,-4126.817129073645,-4117.087644324475,1835.4835301376083,car,0 days 01:48:42.679000
2024-06-23 13:55:00.197,0 days 01:48:42.879000,0 days 00:00:50.172000,11373,207,5,99,False,0,car,1888.9030555555557,0.40673012486281973,-4167.214374943454,-4196.040371656113,1834.240197131233,car,0 days 01:48:42.879000
2024-06-23 13:55:00.558,0 days 01:48:43.240000,0 days 00:00:50.533000,11797,217,5,99,False,0,car,1910.6633333333339,0.41141568057282535,-4285.912823014906,-4380.835597665954,1831.509748333867,car,0 days 01:48:43.240000
2024-06-23 13:55:00.878,0 days 01:48:43.560000,0 days 00:00:50.853000,10710,224,6,99,False,0,car,1930.574444444445,0.4157030624395447,-4411.35379875808,-4556.249510875485,1827.4993171304395,car,0 days 01:48:43.560000
2024-06-23 13:55:01.158,0 days 01:48:43.840000,0 days 00:00:51.133000,11054,233,6,99,False,0,car,1948.6966666666672,0.419605249841676,-4498.34050806468,-4675.282952228656,1823.9222712476621,car,0 days 01:48:43.840000
2024-06-23 13:55:01.558,0 days 01:48:44.240000,0 days 00:00:51.533000,11272,238,6,81,False,0,car,1975.1411111111115,0.42529942888341266,-4655.874282560201,-4891.256778688396,1819.217050091424,car,0 days 01:48:44.240000
2024-06-23 13:55:01.758,0 days 01:48:44.440000,0 days 00:00:51.733000,11236,237,6,81,False,0,car,1988.3077777777778,0.4281345558432688,-4732.35680819553,-4995.176383931736,1816.2896103573519,car,0 days 01:48:44.440000
2024-06-23 13:55:01.958,0 days 01:48:44.640000,0 days 00:00:51.933000,10678,233,6,0,True,0,car,2001.2522222222224,0.43092183255907696,-4836.161358165463,-5138.319618704575,1813.4885698013065,car,0 days 01:48:44.640000
2024-06-23 13:55:02.238,0 days 01:48:44.920000,0 days 00:00:52.213000,10211,218,6,0,True,0,car,2018.207777777778,0.43457280617995514,-4922.3560413673695,-5257.638856670749,1810.3319889242632,car,0 days 01:48:44.920000
2024-06-23 13:55:02.598,0 days 01:48:45.280000,0 days 00:00:52.573000,9888,190,6,0,True,0,car,2037.207777777778,0.43866400204607686,-5036.106082508885,-5426.0763524582535,1804.9121456911746,car,0 days 01:48:45.280000
2024-06-23 13:55:02.918,0 days 01:48:45.600000,0 days 00:00:52.893000,10031,168,4,0,True,0,car,2052.141111111111,0.4418795384461164,-5114.872869072069,-5554.786943080599,1799.8937317936998,car,0 days 01:48:45.600000
2024-06-23 13:55:03.078,0 days 01:48:45.760000,0 days 00:00:53.053000,9250,160,4,0,True,0,car,2059.252222222222,0.44341074625565896,-5132.146040783957,-5589.46451756697,1798.8134654640187,car,0 days 01:48:45.760000
2024-06-23 13:55:03.278,0 days 01:48:45.960000,0 days 00:00:53.253000,9889,148,4,0,True,0,car,2067.474444444444,0.4451812052854426,-5167.77442585917,-5664.725856842717,1796.4419452282377,car,0 days 01:48:45.960000
2024-06-23 13:55:03.558,0 days 01:48:46.240000,0 days 00:00:53.533000,8964,132,3,0,True,0,car,2077.741111111111,0.4473918865604698,-5202.939932479229,-5758.239009882367,1791.7449156238285,car,0 days 01:48:46.240000
2024-06-23 13:55:03.798,0 days 01:48:46.480000,0 days 00:00:53.773000,8433,120,3,0,True,0,car,2085.741111111111,0.4491144953462053,-5225.355105558725,-5881.163364610331,1786.75462890787,car,0 days 01:48:46.480000
2024-06-23 13:55:04.038,0 days 01:48:46.720000,0 days 00:00:54.013000,7890,114,3,0,True,0,car,2093.341111111111,0.45075097369265393,-5223.378849789512,-5967.923075193062,1782.5066199550947,car,0 days 01:48:46.720000
2024-06-23 13:55:04.278,0 days 01:48:46.960000,0 days 00:00:54.253000,7417,109,3,0,True,0,car,2100.6077777777778,0.45231567667303035,-5216.7037834327575,-6009.848121711476,1779.9270632354078,car,0 days 01:48:46.960000
2024-06-23 13:55:04.638,0 days 01:48:47.320000,0 days 00:00:54.613000,7016,101,3,0,True,0,car,2110.7077777777777,0.4544904702650214,-5172.694211208677,-6098.415015905778,1773.6104102488741,car,0 days 01:48:47.320000
2024-06-23 13:55:04.798,0 days 01:48:47.480000,0 days 00:00:54.773000,6956,98,3,0,True,0,car,2115.0633333333335,0.4554283350483663,-5141.92058918746,-6146.1127327005,1770.329738076483,car,0 days 01:48:47.480000
2024-06-23 13:55:05.237,0 days 01:48:47.919000,0 days 00:00:55.212000,6654,93,3,1,False,0,car,2126.4041666666667,0.4578703124405615,-5078.504046975933,-6195.86382711837,1767.439482744695,car,0 days 01:48:47.919000
2024-06-23 13:55:05.597,0 days 01:48:48.279000,0 days 00:00:55.572000,6969,93,3,20,False,0,car,2135.704166666667,0.45987284515397897,-4994.075879036591,-6234.111077273381,1762.5748561638925,car,0 days 01:48:48.279000
2024-06-23 13:55:05.797,0 days 01:48:48.479000,0 days 00:00:55.772000,7228,96,3,40,False,0,car,2141.0375,0.4610212510111359,-4942.046790386707,-6245.937784356641,1760.682182994595,car,0 days 01:48:48.479000
2024-06-23 13:55:06.037,0 days 01:48:48.719000,0 days 00:00:56.012000,7606,100,3,48,False,0,car,2147.7041666666664,0.46245675833258204,-4870.600943323865,-6251.549975153488,1755.8187876320114,car,0 days 01:48:48.719000
2024-06-23 13:55:06.197,0 days 01:48:48.879000,0 days 00:00:56.172000,7682,103,3,50,False,0,car,2152.281944444444,0.46344247335997507,-4824.386202346472,-6249.603671403231,1752.9793757096445,car,0 days 01:48:48.879000
2024-06-23 13:55:06.477,0 days 01:48:49.159000,0 days 00:00:56.452000,8456,107,3,59,False,0,car,2160.604166666666,0.46523446499958043,-4744.562595881302,-6237.11224961892,1748.174184667695,car,0 days 01:48:49.159000
2024-06-23 13:55:06.637,0 days 01:48:49.319000,0 days 00:00:56.612000,8790,116,3,62,False,0,pos,2165.7597222222216,0.4663445906614988,-4697.0,-6225.0,1745.0,car,0 days 01:48:49.319000
2024-06-23 13:55:06.958,0 days 01:48:49.640000,0 days 00:00:56.933000,9358,125,3,71,False,0,car,2176.905555555555,0.46874457946454173,-4587.139662495842,-6186.6762684735,1737.5565614369903,car,0 days 01:48:49.640000
2024-06-23 13:55:07.318,0 days 01:48:50,0 days 00:00:57.293000,10240,141,3,84,False,0,car,2191.005555555555,0.4717806774494005,-4456.086358261714,-6123.925892840152,1727.8973587768555,car,0 days 01:48:50
2024-06-23 13:55:07.678,0 days 01:48:50.360000,0 days 00:00:57.653000,11270,157,3,99,False,0,car,2206.705555555555,0.47516129719140626,-4321.253232116055,-6051.715296774531,1719.2097545988934,car,0 days 01:48:50.360000
2024-06-23 13:55:08.118,0 days 01:48:50.800000,0 days 00:00:58.093000,11313,180,4,99,False,0,car,2228.7055555555553,0.4798984713521789,-4122.712147990742,-5944.775936333975,1705.591399700939,car,0 days 01:48:50.800000
2024-06-23 13:55:08.398,0 days 01:48:51.080000,0 days 00:00:58.373000,10783,188,4,99,False,0,car,2243.327777777777,0.48304701741055084,-3960.663305743162,-5862.132190541559,1693.6949645522607,car,0 days 01:48:51.080000
2024-06-23 13:55:08.678,0 days 01:48:51.360000,0 days 00:00:58.653000,11001,199,5,99,False,0,car,2258.8055555555547,0.48637978690850847,-3834.894865926887,-5804.180035529784,1689.2320117089585,car,0 days 01:48:51.360000
2024-06-23 13:55:08.878,0 days 01:48:51.560000,0 days 00:00:58.853000,11327,206,5,99,False,0,car,2270.2499999999995,0.4888440744769912,-3727.885045857379,-5758.279850231646,1683.029221862881,car,0 days 01:48:51.560000
2024-06-23 13:55:09.118,0 days 01:48:51.800000,0 days 00:00:59.093000,10627,215,5,99,False,0,car,2284.583333333333,0.4919304152181006,-3601.984652663763,-5706.863000426233,1677.490310990249,car,0 days 01:48:51.800000
2024-06-23 13:55:09.478,0 days 01:48:52.160000,0 days 00:00:59.453000,10677,221,6,99,False,0,car,2306.683333333333,0.4966891219886948,-3317.3691331771606,-5576.698395862542,1664.9708525288563,car,0 days 01:48:52.160000
2024-06-23 13:55:09.718,0 days 01:48:52.400000,0 days 00:00:59.693000,10915,231,6,99,False,0,car,2322.0833333333326,0.5000051439012355,-3237.431395912934,-5534.830486374528,1662.0600904344801,car,0 days 01:48:52.400000
2024-06-23 13:55:10.158,0 days 01:48:52.840000,0 days 00:01:00.133000,11386,240,6,99,False,0,car,2351.416666666666,0.5063213761155989,-2976.592496600313,-5354.894412391153,1654.9673527242717,car,0 days 01:48:52.840000
2024-06-23 13:55:10.318,0 days 01:48:53,0 days 00:01:00.293000,11513,244,6,99,False,0,car,2362.2611111111105,0.5086564680251514,-2869.2730756922783,-5263.198555969853,1652.8888642810864,car,0 days 01:48:53
2024-06-23 13:55:10.758,0 days 01:48:53.440000,0 days 00:01:00.733000,10431,250,7,99,False,0,car,2392.8166666666657,0.5152358765817798,-2689.242405509475,-5081.427795352311,1650.246837552516,car,0 days 01:48:53.440000
2024-06-23 13:55:10.958,0 days 01:48:53.640000,0 days 00:01:00.933000,10403,252,7,99,False,0,car,2406.8166666666657,0.5182504419568169,-2630.2395552992566,-5007.761092981215,1650.062094547797,car,0 days 01:48:53.640000
2024-06-23 13:55:11.198,0 days 01:48:53.880000,0 days 00:01:01.173000,9923,254,7,43,False,0,car,2423.749999999999,0.5218966305532903,-2508.0075754642025,-4847.297644390866,1650.9416330431375,car,0 days 01:48:53.880000
2024-06-23 13:55:11.638,0 days 01:48:54.320000,0 days 00:01:01.613000,9550,229,7,0,True,0,car,2451.7388888888877,0.5279233687911619,-2318.332883177547,-4573.605602084772,1652.3370554523513,car,0 days 01:48:54.320000
2024-06-23 13:55:11.838,0 days 01:48:54.520000,0 days 00:01:01.813000,9592,210,7,0,True,0,car,2463.4055555555547,0.5304355066036929,-2254.527902975648,-4479.490028123355,1653.9041459473979,car,0 days 01:48:54.520000
2024-06-23 13:55:12.157,0 days 01:48:54.839000,0 days 00:01:02.132000,9942,184,6,0,True,0,car,2479.7099999999987,0.5339462790095097,-2181.3110224794696,-4368.135961651136,1657.4983114731772,car,0 days 01:48:54.839000
2024-06-23 13:55:12.397,0 days 01:48:55.079000,0 days 00:01:02.372000,9889,170,5,0,True,0,car,2491.043333333332,0.5363866414559684,-2141.3576074800467,-4292.844167155408,1660.1634841074178,car,0 days 01:48:55.079000
2024-06-23 13:55:12.557,0 days 01:48:55.239000,0 days 00:01:02.532000,9481,164,5,0,True,0,car,2498.332222222221,0.5379561294607496,-2115.304125936629,-4226.005285833154,1661.1138515538735,car,0 days 01:48:55.239000
2024-06-23 13:55:12.917,0 days 01:48:55.599000,0 days 00:01:02.892000,8884,145,4,0,True,0,car,2512.8322222222214,0.5410783578848951,-2087.566402291409,-4084.815837889503,1661.804677492192,car,0 days 01:48:55.599000
2024-06-23 13:55:13.317,0 days 01:48:55.999000,0 days 00:01:03.292000,8390,137,4,0,False,0,car,2528.0544444444436,0.5443560996021973,-2084.1190103294944,-3936.0775435286732,1667.5109528123785,car,0 days 01:48:55.999000
2024-06-23 13:55:13.518,0 days 01:48:56.200000,0 days 00:01:03.493000,8135,134,4,0,False,0,car,2535.53611111111,0.5459670976936903,-2091.0277102464397,-3860.1339760071755,1670.685430843471,car,0 days 01:48:56.200000
2024-06-23 13:55:13.678,0 days 01:48:56.360000,0 days 00:01:03.653000,8444,132,4,5,False,0,car,2541.4027777777765,0.5472303441365629,-2102.2033163661954,-3804.8406129640543,1673.642837430101,car,0 days 01:48:56.360000
2024-06-23 13:55:13.998,0 days 01:48:56.680000,0 days 00:01:03.973000,8439,129,4,43,False,0,car,2552.869444444443,0.5496994167294504,-2142.421744745026,-3703.5763673483066,1680.2877966863045,car,0 days 01:48:56.680000
2024-06-23 13:55:14.318,0 days 01:48:57,0 days 00:01:04.293000,8453,134,4,59,False,0,car,2564.7805555555547,0.5522641898104343,-2242.9447156940496,-3580.333904764373,1685.6064586878463,car,0 days 01:48:57
2024-06-23 13:55:14.478,0 days 01:48:57.160000,0 days 00:01:04.453000,8804,136,4,59,False,0,car,2570.824999999999,0.5535657164485456,-2275.441325590572,-3551.3579175989926,1687.177731555059,car,0 days 01:48:57.160000
2024-06-23 13:55:14.998,0 days 01:48:57.680000,0 days 00:01:04.973000,9808,154,4,99,False,0,car,2593.069444444443,0.558355525877771,-2433.842195488719,-3438.2529414849037,1695.8050446837876,car,0 days 01:48:57.680000
2024-06-23 13:55:15.238,0 days 01:48:57.920000,0 days 00:01:05.213000,10533,164,4,99,False,0,car,2604.002777777776,0.5607097578849428,-2519.7767214811497,-3370.793169948769,1702.8443058838375,car,0 days 01:48:57.920000
2024-06-23 13:55:15.438,0 days 01:48:58.120000,0 days 00:01:05.413000,11209,173,4,99,False,0,car,2613.6138888888872,0.5627792809400278,-2586.7183152771313,-3310.6484985360894,1708.1610036210045,car,0 days 01:48:58.120000
2024-06-23 13:55:15.758,0 days 01:48:58.440000,0 days 00:01:05.733000,11864,184,4,99,False,0,car,2629.969444444443,0.5663010589019759,-2720.3196198816026,-3143.548211443704,1725.0407480811189,car,0 days 01:48:58.440000
2024-06-23 13:55:16.078,0 days 01:48:58.760000,0 days 00:01:06.053000,10441,193,4,99,False,0,car,2647.124999999998,0.5699950977424973,-2776.8422858712165,-3043.001165738191,1730.5254228255665,car,0 days 01:48:58.760000
2024-06-23 13:55:16.318,0 days 01:48:59,0 days 00:01:06.293000,10441,202,5,99,False,0,car,2660.5916666666653,0.5728948225318189,-2834.126698388759,-2921.977532959291,1740.3594866342303,car,0 days 01:48:59
2024-06-23 13:55:16.558,0 days 01:48:59.240000,0 days 00:01:06.533000,11348,208,5,99,False,0,car,2674.4583333333317,0.575880677760427,-2892.569483596777,-2793.462953996841,1747.570706520812,car,0 days 01:48:59.240000
2024-06-23 13:55:16.718,0 days 01:48:59.400000,0 days 00:01:06.693000,10648,213,5,99,False,0,car,2683.924999999998,0.5779190981568805,-2929.300168863462,-2714.2079929720117,1751.885726428719,car,0 days 01:48:59.400000
2024-06-23 13:55:16.918,0 days 01:48:59.600000,0 days 00:01:06.893000,10355,219,6,99,False,0,car,2696.091666666665,0.5805388990185198,-2997.0606050457986,-2571.819022335153,1762.5737943880633,car,0 days 01:48:59.600000
2024-06-23 13:55:17.238,0 days 01:48:59.920000,0 days 00:01:07.213000,10829,226,6,99,False,0,car,2716.1805555555534,0.5848645610804777,-3090.1252321854236,-2376.315532454124,1776.7267194453077,car,0 days 01:48:59.920000
2024-06-23 13:55:17.398,0 days 01:49:00.080000,0 days 00:01:07.373000,10905,231,6,99,False,0,car,2726.4472222222207,0.587075242355505,-3121.7822474538802,-2309.8550491839324,1780.4803122803398,car,0 days 01:49:00.080000
2024-06-23 13:55:17.678,0 days 01:49:00.360000,0 days 00:01:07.653000,11196,235,6,99,False,0,car,2744.7249999999985,0.5910109249284701,-3214.935998804964,-2113.3820851313462,1792.9421973592403,car,0 days 01:49:00.360000
2024-06-23 13:55:17.838,0 days 01:49:00.520000,0 days 00:01:07.813000,11276,236,6,99,False,0,car,2755.213888888887,0.5932694564475454,-3279.077293869927,-1978.207804324385,1801.9786379060001,car,0 days 01:49:00.520000
2024-06-23 13:55:18.078,0 days 01:49:00.760000,0 days 00:01:08.053000,11376,240,6,99,False,0,car,2771.2138888888867,0.5967146740190162,-3324.629371985955,-1885.4600894146654,1807.8737752746674,car,0 days 01:49:00.760000
2024-06-23 13:55:18.358,0 days 01:49:01.040000,0 days 00:01:08.333000,11335,243,6,50,False,0,car,2790.113888888887,0.6007843372753163,-3392.622361379091,-1737.3382820167265,1817.3926204524946,car,0 days 01:49:01.040000
2024-06-23 13:55:18.558,0 days 01:49:01.240000,0 days 00:01:08.533000,11238,239,6,0,False,0,car,2803.3916666666646,0.6036433893571966,-3442.1137382048883,-1612.550472018938,1825.7819562060788,car,0 days 01:49:01.240000
2024-06-23 13:55:18.917,0 days 01:49:01.599000,0 days 00:01:08.892000,10549,231,6,0,False,0,car,2826.4274999999975,0.6086036054680388,-3497.7086869754526,-1387.3658194715174,1838.9715838495288,car,0 days 01:49:01.599000
2024-06-23 13:55:19.117,0 days 01:49:01.799000,0 days 00:01:09.092000,10367,226,6,0,False,0,car,2838.983055555553,0.6113071442567626,-3507.3152485160554,-1253.0745514749913,1843.4317200577723,car,0 days 01:49:01.799000
2024-06-23 13:55:19.317,0 days 01:49:01.999000,0 days 00:01:09.292000,10311,224,6,3,False,0,pos,2851.427499999998,0.6139867579234622,-3503.0,-1129.0,1848.0,car,0 days 01:49:01.999000
2024-06-23 13:55:19.677,0 days 01:49:02.359000,0 days 00:01:09.652000,10060,215,6,43,False,0,car,2872.927499999998,0.6186162690351262,-3468.6528320792754,-915.2942119492324,1856.0249767481457,car,0 days 01:49:02.359000
2024-06-23 13:55:20.118,0 days 01:49:02.800000,0 days 00:01:10.093000,10100,213,6,78,False,0,car,2899.019999999998,0.6242346652528517,-3391.7124630902804,-679.1789662758719,1865.1611856679383,car,0 days 01:49:02.800000
2024-06-23 13:55:20.838,0 days 01:49:03.520000,0 days 00:01:10.813000,10631,225,6,99,False,0,car,2944.019999999998,0.6339243396726136,-3121.9689487196915,-320.7076428990066,1875.115118153084,car,0 days 01:49:03.520000
2024-06-23 13:55:21.158,0 days 01:49:03.840000,0 days 00:01:11.133000,11058,230,6,99,False,0,car,2964.464444444442,0.6383265621250486,-2939.385676042086,-219.05332776804545,1873.9379053990551,car,0 days 01:49:03.840000
2024-06-23 13:55:21.558,0 days 01:49:04.240000,0 days 00:01:11.533000,11371,238,6,99,False,0,car,2990.908888888887,0.6440207411667853,-2698.2418843076102,-121.39459888858374,1872.0974387593683,car,0 days 01:49:04.240000
2024-06-23 13:55:21.918,0 days 01:49:04.600000,0 days 00:01:11.893000,11604,245,6,99,False,0,car,3015.408888888887,0.6492962305731002,-2437.007874306825,-8.58706156686447,1868.7241533292147,car,0 days 01:49:04.600000
2024-06-23 13:55:22.078,0 days 01:49:04.760000,0 days 00:01:12.053000,11771,247,6,99,False,0,car,3026.3866666666645,0.6516600326290816,-2319.918656384246,44.95346165167879,1867.457312695017,car,0 days 01:49:04.760000
2024-06-23 13:55:22.318,0 days 01:49:05,0 days 00:01:12.293000,10554,252,6,99,False,0,car,3043.186666666665,0.6552775110791261,-2216.9684204919354,93.94260823688593,1866.3396796193108,car,0 days 01:49:05
2024-06-23 13:55:22.478,0 days 01:49:05.160000,0 days 00:01:12.453000,10554,253,7,99,False,0,car,3054.431111111109,0.6576987334279654,-2119.249563076032,140.7764442998513,1864.60614542207,car,0 days 01:49:05.160000
2024-06-23 13:55:22.758,0 days 01:49:05.440000,0 days 00:01:12.733000,10677,255,7,99,False,0,car,3074.2644444444427,0.6619693677092678,-1918.9620355924114,235.6186404215099,1862.2336544262785,car,0 days 01:49:05.440000
2024-06-23 13:55:23.038,0 days 01:49:05.720000,0 days 00:01:13.013000,10845,262,7,99,False,0,car,3094.6422222222204,0.6663572350884885,-1680.386477825253,348.3324216190866,1859.3418933047885,car,0 days 01:49:05.720000
2024-06-23 13:55:23.238,0 days 01:49:05.920000,0 days 00:01:13.213000,10966,265,7,99,False,0,car,3109.3644444444417,0.6695273137566821,-1612.6835617006195,379.66797682560303,1858.2172844408021,car,0 days 01:49:05.920000
2024-06-23 13:55:23.558,0 days 01:49:06.240000,0 days 00:01:13.533000,11059,269,7,99,False,0,car,3133.275555555553,0.6746760000162692,-1406.4389517650054,478.02948685820525,1856.1392416524573,car,0 days 01:49:06.240000
2024-06-23 13:55:23.758,0 days 01:49:06.440000,0 days 00:01:13.733000,11315,271,7,99,False,0,car,3148.331111111109,0.6779178540505353,-1269.7502522625025,543.9881035887074,1854.4335471532802,car,0 days 01:49:06.440000
2024-06-23 13:55:24.078,0 days 01:49:06.760000,0 days 00:01:14.053000,11230,273,7,99,False,0,car,3172.597777777775,0.6831431007005994,-1041.9635595673988,657.7486638678006,1851.1054075565376,car,0 days 01:49:06.760000
2024-06-23 13:55:24.278,0 days 01:49:06.960000,0 days 00:01:14.253000,11226,274,7,99,False,0,car,3187.8199999999974,0.6864208424179016,-907.4722320632351,728.2381355677157,1849.567031559889,car,0 days 01:49:06.960000
2024-06-23 13:55:24.558,0 days 01:49:07.240000,0 days 00:01:14.533000,11264,276,7,99,False,0,car,3209.286666666664,0.6910431759929585,-716.0355324447447,830.620825176499,1846.6914333551683,car,0 days 01:49:07.240000
2024-06-23 13:55:24.718,0 days 01:49:07.400000,0 days 00:01:14.693000,11318,276,7,99,False,0,car,3221.5533333333306,0.6936845094644194,-557.1755423115663,915.3390029728787,1844.4026904776376,car,0 days 01:49:07.400000
2024-06-23 13:55:24.918,0 days 01:49:07.600000,0 days 00:01:14.893000,11346,277,7,99,False,0,car,3236.9422222222197,0.6969981388647578,-390.9025824441021,1004.043590162295,1842.271445709854,car,0 days 01:49:07.600000
2024-06-23 13:55:25.238,0 days 01:49:07.920000,0 days 00:01:15.213000,11398,278,7,99,False,0,car,3261.6533333333305,0.7023190860029184,-249.39303888081383,1079.864117151226,1840.5075731253994,car,0 days 01:49:07.920000
2024-06-23 13:55:25.477,0 days 01:49:08.159000,0 days 00:01:15.452000,11454,279,7,99,False,0,car,3280.175833333331,0.7063074636571417,-93.2655902223622,1162.3922864214662,1837.9891772651886,car,0 days 01:49:08.159000
2024-06-23 13:55:25.717,0 days 01:49:08.399000,0 days 00:01:15.692000,11454,280,7,99,False,0,car,3298.842499999997,0.7103268841571909,82.2100622111505,1257.0964601239502,1835.8716853619057,car,0 days 01:49:08.399000
2024-06-23 13:55:26.037,0 days 01:49:08.719000,0 days 00:01:16.012000,11417,279,7,99,False,0,car,3323.6424999999977,0.715666971392971,381.29977132920305,1412.9087888346098,1831.3062383764996,car,0 days 01:49:08.719000
2024-06-23 13:55:26.317,0 days 01:49:08.999000,0 days 00:01:16.292000,11134,277,7,0,False,0,car,3345.1869444444424,0.7203060525534447,504.7529090791059,1474.4745822439709,1829.5668845578577,car,0 days 01:49:08.999000
2024-06-23 13:55:26.517,0 days 01:49:09.199000,0 days 00:01:16.492000,10682,265,7,0,True,0,car,3359.909166666665,0.7234761312216386,624.878091246129,1524.8286712747968,1828.3159453294134,car,0 days 01:49:09.199000
2024-06-23 13:55:26.678,0 days 01:49:09.360000,0 days 00:01:16.653000,10682,265,7,0,True,0,car,3371.7605555555538,0.7260280445495345,756.3253997477536,1579.5492494005744,1826.864123367199,car,0 days 01:49:09.360000
2024-06-23 13:55:26.958,0 days 01:49:09.640000,0 days 00:01:16.933000,9154,216,7,0,True,0,car,3388.560555555554,0.729645522999579,844.2769322263555,1616.035270039084,1826.22841465852,car,0 days 01:49:09.640000
2024-06-23 13:55:27.118,0 days 01:49:09.800000,0 days 00:01:17.093000,8949,193,7,0,True,0,car,3397.1383333333315,0.7314925424198397,907.3654318900587,1641.3848506080128,1825.389106221534,car,0 days 01:49:09.800000
2024-06-23 13:55:27.318,0 days 01:49:10,0 days 00:01:17.293000,9394,176,7,0,True,0,car,3406.9161111111093,0.7335979531579608,1007.8456158905292,1682.0748071239566,1823.8569316719409,car,0 days 01:49:10
2024-06-23 13:55:27.718,0 days 01:49:10.400000,0 days 00:01:17.693000,9120,150,5,0,True,0,car,3423.582777777776,0.7371867214615764,1166.4819918817734,1751.2284880689256,1822.7187684341757,car,0 days 01:49:10.400000
2024-06-23 13:55:28.038,0 days 01:49:10.720000,0 days 00:01:18.013000,9544,138,4,0,True,0,car,3435.8494444444427,0.7398280549330375,1287.491460028025,1824.5358913401865,1820.6238041050274,car,0 days 01:49:10.720000
2024-06-23 13:55:28.358,0 days 01:49:11.040000,0 days 00:01:18.333000,9016,138,3,0,True,0,car,3448.116111111109,0.7424693884044985,1371.4169010519456,1892.2603995092322,1820.0630192336234,car,0 days 01:49:11.040000
2024-06-23 13:55:28.638,0 days 01:49:11.320000,0 days 00:01:18.613000,8522,122,3,0,True,0,car,3457.604999999998,0.744512593825357,1422.6706659918711,1974.618587920954,1818.7370743678034,car,0 days 01:49:11.320000
2024-06-23 13:55:28.958,0 days 01:49:11.640000,0 days 00:01:18.933000,8273,118,3,0,False,0,car,3468.0938888888872,0.7467711253444324,1465.3949411960161,2089.3464072122097,1817.3195223968341,car,0 days 01:49:11.640000
2024-06-23 13:55:29.118,0 days 01:49:11.800000,0 days 00:01:19.093000,8076,114,3,0,False,0,car,3473.160555555554,0.7478621109087314,1464.8271254651695,2133.630914981421,1817.1263644591445,car,0 days 01:49:11.800000
2024-06-23 13:55:29.358,0 days 01:49:12.040000,0 days 00:01:19.333000,7843,111,3,0,False,0,car,3480.5605555555535,0.7494555240355367,1458.6570593482766,2192.5329023493573,1816.8046484701322,car,0 days 01:49:12.040000
2024-06-23 13:55:29.518,0 days 01:49:12.200000,0 days 00:01:19.493000,7735,107,3,0,False,0,car,3485.316111111109,0.7504795192581684,1450.6973618339048,2229.4804999379658,1816.754862849268,car,0 days 01:49:12.200000
2024-06-23 13:55:29.678,0 days 01:49:12.360000,0 days 00:01:19.653000,7528,107,3,0,False,0,car,3490.071666666665,0.7515035144808,1437.9087376721386,2272.772695402152,1817.4492537147285,car,0 days 01:49:12.360000
2024-06-23 13:55:29.878,0 days 01:49:12.560000,0 days 00:01:19.853000,7563,104,3,0,False,0,car,3495.8494444444423,0.7527476208260533,1415.7241869981772,2327.7715689107604,1818.9587094612193,car,0 days 01:49:12.560000
2024-06-23 13:55:30.278,0 days 01:49:12.960000,0 days 00:01:20.253000,7885,106,3,36,False,0,car,3507.62722222222,0.7552836837606084,1353.6114886830867,2427.9621406396463,1821.8993853592624,car,0 days 01:49:12.960000
2024-06-23 13:55:30.438,0 days 01:49:13.120000,0 days 00:01:20.413000,8025,108,3,41,False,0,car,3512.42722222222,0.7563172490320496,1324.8590490954755,2463.7634112354385,1823.3268913026745,car,0 days 01:49:13.120000
2024-06-23 13:55:30.638,0 days 01:49:13.320000,0 days 00:01:20.613000,8345,110,3,44,False,0,car,3518.538333333331,0.7576331307433753,1283.3656924279683,2506.7227865218492,1824.804421848651,car,0 days 01:49:13.320000
2024-06-23 13:55:30.838,0 days 01:49:13.520000,0 days 00:01:20.813000,8500,113,3,49,False,0,car,3524.816111111109,0.7589849001377371,1199.0737925938968,2570.6588559700913,1827.1898503170037,car,0 days 01:49:13.520000
2024-06-23 13:55:31.278,0 days 01:49:13.960000,0 days 00:01:21.253000,9093,121,3,57,False,0,car,3539.6049999999977,0.7621693338791453,1106.5771864663852,2612.7101853730037,1828.8316885412369,car,0 days 01:49:13.960000
2024-06-23 13:55:31.478,0 days 01:49:14.160000,0 days 00:01:21.453000,9577,125,3,61,False,0,car,3546.549444444442,0.7636646540056518,1038.2138100574211,2633.693844770688,1830.9589619687565,car,0 days 01:49:14.160000
2024-06-23 13:55:31.638,0 days 01:49:14.320000,0 days 00:01:21.613000,9839,130,3,68,False,0,car,3552.32722222222,0.7649087603509052,981.9943864887223,2645.419918930768,1832.1609820830988,car,0 days 01:49:14.320000
2024-06-23 13:55:32.038,0 days 01:49:14.720000,0 days 00:01:22.013000,10548,141,3,77,False,0,car,3567.993888888887,0.7682822025563039,829.1557937579693,2660.0077884246452,1835.0181375752425,car,0 days 01:49:14.720000
2024-06-23 13:55:32.277,0 days 01:49:14.959000,0 days 00:01:22.252000,11274,147,3,83,False,0,car,3577.753055555553,0.7703836058364859,723.6951736497649,2655.5163764819854,1837.3312881122379,car,0 days 01:49:14.959000
2024-06-23 13:55:32.557,0 days 01:49:15.239000,0 days 00:01:22.532000,10547,156,3,91,False,0,car,3589.8863888888864,0.772996229161518,604.643818992997,2636.6532544918678,1839.6913361110767,car,0 days 01:49:15.239000
2024-06-23 13:55:32.757,0 days 01:49:15.439000,0 days 00:01:22.732000,10749,165,4,99,False,0,car,3599.0530555555533,0.7749700517285065,516.7396981441983,2613.5301436631116,1842.2264732038145,car,0 days 01:49:15.439000
2024-06-23 13:55:32.997,0 days 01:49:15.679000,0 days 00:01:22.972000,11238,173,4,99,False,0,car,3610.5863888888866,0.7774534793946085,414.9366692179379,2574.7654241594887,1845.4619151661648,car,0 days 01:49:15.679000
2024-06-23 13:55:33.278,0 days 01:49:15.960000,0 days 00:01:23.253000,10268,177,4,99,False,0,car,3624.40222222222,0.7804283888798906,230.58147907013657,2475.8626928005224,1854.5519098003338,car,0 days 01:49:15.960000
2024-06-23 13:55:33.638,0 days 01:49:16.320000,0 days 00:01:23.613000,10662,195,5,99,False,0,car,3643.90222222222,0.7846272477951208,130.45136207822858,2409.6136540409075,1860.0289791393618,car,0 days 01:49:16.320000
2024-06-23 13:55:33.958,0 days 01:49:16.640000,0 days 00:01:23.933000,10576,197,5,0,True,0,car,3661.4133333333316,0.7883978470261196,-88.91462187364664,2258.5235879124975,1871.464638331719,car,0 days 01:49:16.640000
2024-06-23 13:55:34.318,0 days 01:49:17,0 days 00:01:24.293000,9614,184,5,0,True,0,car,3679.8133333333317,0.7923598472333112,-183.6460576802953,2213.8437082503074,1875.499458468632,car,0 days 01:49:17
2024-06-23 13:55:34.718,0 days 01:49:17.400000,0 days 00:01:24.693000,8682,166,5,0,True,0,car,3698.2577777777756,0.7963314174893124,-377.8771434517823,2144.9618437145614,1881.428909278265,car,0 days 01:49:17.400000
2024-06-23 13:55:34.918,0 days 01:49:17.600000,0 days 00:01:24.893000,9445,161,5,0,True,0,car,3707.2022222222204,0.7982573898122527,-506.5618335862478,2123.9348785182747,1888.0295027833738,car,0 days 01:49:17.600000
2024-06-23 13:55:35.358,0 days 01:49:18.040000,0 days 00:01:25.333000,8453,143,4,0,True,0,car,3724.679999999998,0.8020208115066442,-671.2070415951556,2129.008752729334,1896.2532566352031,car,0 days 01:49:18.040000
2024-06-23 13:55:35.718,0 days 01:49:18.400000,0 days 00:01:25.693000,7978,133,4,0,True,0,car,3737.979999999998,0.8048846486129294,-770.4760237074464,2154.5575153227865,1899.9580927290506,car,0 days 01:49:18.400000
2024-06-23 13:55:35.998,0 days 01:49:18.680000,0 days 00:01:25.973000,7832,128,4,0,False,0,car,3747.935555555554,0.8070283395462892,-861.0247189364329,2206.487301404402,1905.7807751126152,car,0 days 01:49:18.680000
2024-06-23 13:55:36.238,0 days 01:49:18.920000,0 days 00:01:26.213000,7475,124,4,0,False,0,car,3756.2022222222204,0.8088083686248825,-941.6146307794598,2276.358454430527,1908.320643567161,car,0 days 01:49:18.920000
2024-06-23 13:55:36.558,0 days 01:49:19.240000,0 days 00:01:26.533000,7213,120,4,0,False,0,car,3766.8688888888873,0.8111051803391964,-984.7141830169285,2339.360189350603,1909.6554471475667,car,0 days 01:49:19.240000
2024-06-23 13:55:36.758,0 days 01:49:19.440000,0 days 00:01:26.733000,7340,118,4,5,False,0,car,3773.424444444443,0.8125167625386186,-1011.7267313180838,2396.3816005259696,1910.9518346213326,car,0 days 01:49:19.440000
2024-06-23 13:55:36.998,0 days 01:49:19.680000,0 days 00:01:26.973000,7322,118,4,25,False,0,car,3781.2911111111093,0.8142106611779251,-1035.4582468639574,2470.2081944837114,1911.4333411232442,car,0 days 01:49:19.680000
2024-06-23 13:55:37.198,0 days 01:49:19.880000,0 days 00:01:27.173000,7515,117,4,41,False,0,car,3787.7911111111093,0.8156102808163351,-1046.5339092934714,2533.419163401943,1912.7812109580445,car,0 days 01:49:19.880000
2024-06-23 13:55:37.398,0 days 01:49:20.080000,0 days 00:01:27.373000,7669,119,4,46,False,0,car,3794.4022222222206,0.8170338255767693,-1051.4686916289402,2610.77748945338,1913.799740065223,car,0 days 01:49:20.080000
2024-06-23 13:55:37.638,0 days 01:49:20.320000,0 days 00:01:27.613000,7977,122,4,51,False,0,car,3802.535555555554,0.8187851445089337,-1038.5040478945173,2720.0922601758275,1915.2817616492334,car,0 days 01:49:20.320000
2024-06-23 13:55:38.038,0 days 01:49:20.720000,0 days 00:01:28.013000,8357,127,4,57,False,0,car,3816.646666666665,0.8218236350059949,-1016.20704769722,2818.7672191034776,1916.7584480270564,car,0 days 01:49:20.720000
2024-06-23 13:55:38.438,0 days 01:49:21.120000,0 days 00:01:28.413000,8853,135,4,69,False,0,car,3831.6466666666647,0.8250535264792488,-932.2354352333584,2997.3161256598482,1920.3362244011048,car,0 days 01:49:21.120000
2024-06-23 13:55:38.758,0 days 01:49:21.440000,0 days 00:01:28.733000,9411,144,4,76,False,0,car,3844.446666666665,0.8278097005364256,-884.3472976224402,3063.7925992636424,1921.2826952683163,car,0 days 01:49:21.440000
2024-06-23 13:55:38.957,0 days 01:49:21.639000,0 days 00:01:28.932000,9774,150,4,81,False,0,car,3852.7383333333314,0.8295951127674742,-806.7066754844867,3157.6464864438676,1922.9277880063262,car,0 days 01:49:21.639000
2024-06-23 13:55:39.277,0 days 01:49:21.959000,0 days 00:01:29.252000,10537,157,4,88,False,0,pos,3866.6938888888867,0.8326001080937016,-672.0,3282.0,1922.0,car,0 days 01:49:21.959000
2024-06-23 13:55:39.637,0 days 01:49:22.319000,0 days 00:01:29.612000,11010,171,4,99,False,0,car,3883.7938888888866,0.8362821843732111,-565.2709017248643,3367.547584659584,1920.7695263872192,car,0 days 01:49:22.319000
2024-06-23 13:55:39.998,0 days 01:49:22.680000,0 days 00:01:29.973000,10560,187,5,99,False,0,car,3902.5458333333313,0.8403199674044141,-348.8824468222363,3539.105298294135,1918.5638713033554,car,0 days 01:49:22.680000
2024-06-23 13:55:40.318,0 days 01:49:23,0 days 00:01:30.293000,10979,202,5,99,False,0,car,3920.501388888887,0.8441862671235093,-241.11407066297505,3629.1121975106907,1915.6070682183677,car,0 days 01:49:23
2024-06-23 13:55:40.478,0 days 01:49:23.160000,0 days 00:01:30.453000,11265,205,5,99,False,0,car,3929.612499999998,0.8461481271294857,-205.63504300255832,3658.900245920535,1914.048130221124,car,0 days 01:49:23.160000
2024-06-23 13:55:40.758,0 days 01:49:23.440000,0 days 00:01:30.733000,10307,214,5,99,False,0,car,3946.2569444444425,0.8497321104086965,-110.70054551994865,3741.4591790436034,1911.756319077012,car,0 days 01:49:23.440000
2024-06-23 13:55:40.958,0 days 01:49:23.640000,0 days 00:01:30.933000,10513,220,6,99,False,0,car,3958.4791666666647,0.8523638738313478,19.349673655886455,3847.745332391344,1906.8287477549811,car,0 days 01:49:23.640000
2024-06-23 13:55:41.158,0 days 01:49:23.840000,0 days 00:01:31.133000,10506,222,6,90,False,0,car,3970.8124999999973,0.8550195623760232,146.88045897816767,3947.493534848216,1900.5644770561728,car,0 days 01:49:23.840000
2024-06-23 13:55:41.358,0 days 01:49:24.040000,0 days 00:01:31.333000,10756,226,6,78,False,0,car,3983.368055555553,0.8577231011647469,196.40807142758666,3981.2185188366325,1897.731909917121,car,0 days 01:49:24.040000
2024-06-23 13:55:41.638,0 days 01:49:24.320000,0 days 00:01:31.613000,10682,227,6,67,False,0,car,4001.0236111111085,0.861524803054377,342.36766666324456,4062.3129608772647,1890.9505328838018,car,0 days 01:49:24.320000
2024-06-23 13:55:41.798,0 days 01:49:24.480000,0 days 00:01:31.773000,10682,226,6,67,False,0,car,4011.0680555555527,0.863687634085356,433.592176419507,4098.190272267629,1886.9751445142122,car,0 days 01:49:24.480000
2024-06-23 13:55:41.998,0 days 01:49:24.680000,0 days 00:01:31.973000,10678,226,6,67,False,0,car,4023.6236111111084,0.8663911728740796,558.3376105417177,4127.978508418437,1881.9130460641334,car,0 days 01:49:24.680000
2024-06-23 13:55:42.198,0 days 01:49:24.880000,0 days 00:01:32.173000,10678,226,6,68,False,0,car,4036.179166666664,0.8690947116628034,683.8678971883405,4139.30680021992,1875.5976180281295,car,0 days 01:49:24.880000
2024-06-23 13:55:42.438,0 days 01:49:25.120000,0 days 00:01:32.413000,10755,227,6,76,False,0,car,4051.3124999999973,0.8723533132824863,837.5399351624806,4128.930701556795,1866.7237801338185,car,0 days 01:49:25.120000
2024-06-23 13:55:42.638,0 days 01:49:25.320000,0 days 00:01:32.613000,10854,228,6,94,False,0,car,4063.9791666666642,0.8750807771932342,952.1824244679756,4110.5399027486155,1860.4418118390297,car,0 days 01:49:25.320000
2024-06-23 13:55:42.958,0 days 01:49:25.640000,0 days 00:01:32.933000,11143,233,6,99,False,0,car,4084.690277777776,0.8795404199385272,1224.1506673687948,4014.6825472474798,1843.859497743471,car,0 days 01:49:25.640000
2024-06-23 13:55:43.118,0 days 01:49:25.800000,0 days 00:01:33.093000,11143,236,6,99,False,0,car,4095.1791666666645,0.8817989514576026,1307.870767629695,3978.6318397740524,1838.7368280336436,car,0 days 01:49:25.800000
2024-06-23 13:55:43.318,0 days 01:49:26,0 days 00:01:33.293000,11357,239,6,99,False,0,car,4108.456944444442,0.8846580035394829,1374.079488351084,3939.8904319451008,1835.188603926963,car,0 days 01:49:26
2024-06-23 13:55:43.598,0 days 01:49:26.280000,0 days 00:01:33.573000,11536,244,6,99,False,0,car,4127.4347222222195,0.8887444143811997,1582.2892389765175,3817.0562431931617,1823.6905603689481,car,0 days 01:49:26.280000
2024-06-23 13:55:43.798,0 days 01:49:26.480000,0 days 00:01:33.773000,11061,248,6,99,False,0,car,4141.212499999998,0.8917111295121887,1675.1872500964557,3759.0190607031473,1817.6259604542036,car,0 days 01:49:26.480000
2024-06-23 13:55:44.078,0 days 01:49:26.760000,0 days 00:01:34.053000,10282,250,7,99,False,0,car,4160.656944444442,0.8958980258664068,1833.8179504650507,3655.58791633833,1808.1377329755128,car,0 days 01:49:26.760000
2024-06-23 13:55:44.358,0 days 01:49:27.040000,0 days 00:01:34.333000,10558,255,7,99,False,0,car,4180.490277777775,0.9001686601477092,2080.924269931476,3498.245370760347,1794.4659906443417,car,0 days 01:49:27.040000
2024-06-23 13:55:44.518,0 days 01:49:27.200000,0 days 00:01:34.493000,10541,257,7,99,False,0,car,4191.912499999997,0.9026281626917869,2172.352249658675,3439.462964214412,1788.3624441577324,car,0 days 01:49:27.200000
2024-06-23 13:55:44.718,0 days 01:49:27.400000,0 days 00:01:34.693000,10626,258,7,99,False,0,car,4206.245833333331,0.9057145034328964,2260.4834222340046,3381.798488167675,1783.1257781917802,car,0 days 01:49:27.400000
2024-06-23 13:55:45.078,0 days 01:49:27.760000,0 days 00:01:35.053000,10483,259,7,10,False,0,car,4232.14583333333,0.9112914493767149,2408.925312778496,3275.091423774462,1776.596944474982,car,0 days 01:49:27.760000
2024-06-23 13:55:45.438,0 days 01:49:28.120000,0 days 00:01:35.413000,9987,249,7,0,False,0,car,4257.04583333333,0.9166530692223164,2593.949420304558,3111.947231808569,1766.383977376002,car,0 days 01:49:28.120000
2024-06-23 13:55:45.757,0 days 01:49:28.439000,0 days 00:01:35.732000,10074,242,7,0,False,0,car,4278.489722222219,0.9212704981473583,2730.233709637809,2948.3681870531636,1758.3891659570043,car,0 days 01:49:28.439000
2024-06-23 13:55:45.957,0 days 01:49:28.639000,0 days 00:01:35.932000,10912,237,7,0,False,0,car,4291.656388888886,0.9241056251072146,2788.2521541859383,2845.4879922211853,1755.023985456687,car,0 days 01:49:28.639000
2024-06-23 13:55:46.197,0 days 01:49:28.879000,0 days 00:01:36.172000,10663,232,6,0,False,0,car,4307.123055555552,0.9274360020929698,2841.6626301691526,2701.5486469238326,1750.6502821916733,car,0 days 01:49:28.879000
2024-06-23 13:55:46.438,0 days 01:49:29.120000,0 days 00:01:36.413000,10507,225,6,43,False,0,car,4322.185555555552,0.9306793514473624,2873.0928251120836,2552.383605981648,1746.985167337838,car,0 days 01:49:29.120000
2024-06-23 13:55:46.918,0 days 01:49:29.600000,0 days 00:01:36.893000,10665,225,6,99,False,0,car,4352.185555555552,0.9371391343938703,2871.9009637344907,2256.3762060215195,1739.9875457169999,car,0 days 01:49:29.600000
2024-06-23 13:55:47.838,0 days 01:49:30.520000,0 days 00:01:37.813000,11408,239,6,99,False,0,car,4413.26333333333,0.9502907739705201,2650.0830618032633,1716.06468207931,1731.8347308788539,car,0 days 01:49:30.520000
2024-06-23 13:55:47.998,0 days 01:49:30.680000,0 days 00:01:37.973000,11498,239,6,99,False,0,car,4423.885555555552,0.9525780156360244,2578.1750592133803,1601.4130573572872,1730.0731570723683,car,0 days 01:49:30.680000
2024-06-23 13:55:48.278,0 days 01:49:30.960000,0 days 00:01:38.253000,11693,244,6,99,False,0,car,4442.86333333333,0.9566644264777413,2443.32215648569,1394.2846095579348,1726.1349113894569,car,0 days 01:49:30.960000
2024-06-23 13:55:48.438,0 days 01:49:31.120000,0 days 00:01:38.413000,10853,248,6,99,False,0,car,4453.885555555552,0.9590377985825324,2372.5474125448914,1286.3125581274087,1723.5566985655005,car,0 days 01:49:31.120000
2024-06-23 13:55:48.758,0 days 01:49:31.440000,0 days 00:01:38.733000,10485,254,7,99,False,0,car,4476.46333333333,0.9638993833778303,2244.925055287131,1090.155351399841,1719.8997368745759,car,0 days 01:49:31.440000
2024-06-23 13:55:48.958,0 days 01:49:31.640000,0 days 00:01:38.933000,10568,257,7,99,False,0,car,4490.741111111109,0.9669737615579278,2178.719088130315,987.831179755186,1718.3878423448089,car,0 days 01:49:31.640000
2024-06-23 13:55:49.118,0 days 01:49:31.800000,0 days 00:01:39.093000,10675,260,7,99,False,0,car,4502.296666666664,0.9694619742484345,2136.352397238017,922.385147504576,1717.3975743208543,car,0 days 01:49:31.800000
2024-06-23 13:55:49.278,0 days 01:49:31.960000,0 days 00:01:39.253000,10766,261,7,99,False,0,car,4513.896666666664,0.9719597569877508,2095.847347506582,859.8406925539954,1716.3624196945764,car,0 days 01:49:31.960000
2024-06-23 13:55:49.598,0 days 01:49:32.280000,0 days 00:01:39.573000,10889,265,7,99,False,0,car,4537.452222222219,0.9770318828568606,1968.871597677161,664.6619492584244,1713.2367728929812,car,0 days 01:49:32.280000
2024-06-23 13:55:49.998,0 days 01:49:32.680000,0 days 00:01:39.973000,11126,270,7,99,False,0,car,4567.452222222219,0.9834916658033687,1799.278933971267,405.44568260920056,1710.1505742917457,car,0 days 01:49:32.680000
2024-06-23 13:55:50.198,0 days 01:49:32.880000,0 days 00:01:40.173000,11229,273,7,99,False,0,car,4582.6188888888855,0.9867574449596589,1680.601138743919,223.17231898655973,1708.312096507239,car,0 days 01:49:32.880000
2024-06-23 13:55:50.398,0 days 01:49:33.080000,0 days 00:01:40.373000,11287,273,7,99,False,0,car,4597.7855555555525,0.990023224115949,1586.3839880066303,77.4601277229245,1707.7276957060599,car,0 days 01:49:33.080000
2024-06-23 13:55:50.598,0 days 01:49:33.280000,0 days 00:01:40.573000,11344,276,7,99,False,0,car,4613.118888888885,0.9933248909552751,1519.375211783942,-27.245191451600867,1708.0898601297886,car,0 days 01:49:33.280000
2024-06-23 13:55:50.838,0 days 01:49:33.520000,0 days 00:01:40.813000,11482,279,7,99,False,0,car,4631.718888888885,0.9973299563821101,1450.3369128970141,-134.48173423466696,1707.4584408526114,car,0 days 01:49:33.520000
