Date_x,SessionTime_x,Time,RPM_x,Speed_x,nGear_x,Throttle_x,Brake_x,DRS_x,Source_x,Distance,RelativeDistance,X,Y,Z,Source_y,SessionTime_y
2024-07-20 14:09:27.756,0 days 00:24:07.037000,0 days 00:00:00.165000,11120,271,7,99,False,12,car,12.524999999999999,0.0029247919807380155,-1575,-39,2388,car,0 days 00:24:07.037000
2024-07-20 14:09:27.916,0 days 00:24:07.197000,0 days 00:00:00.325000,11230,271,7,99,False,12,car,24.569444444444443,0.005737366393796351,-1738,94,2387,car,0 days 00:24:07.197000
2024-07-20 14:09:28.196,0 days 00:24:07.477000,0 days 00:00:00.605000,11416,276,7,99,False,12,car,46.03611111111111,0.010750183521129105,-1877,207,2388,car,0 days 00:24:07.477000
2024-07-20 14:09:28.356,0 days 00:24:07.637000,0 days 00:00:00.765000,11511,281,7,99,False,12,car,58.525000000000006,0.013666542967879631,-1933,254,2388,car,0 days 00:24:07.637000
2024-07-20 14:09:28.596,0 days 00:24:07.877000,0 days 00:00:01.005000,11630,281,7,99,False,12,car,77.25833333333333,0.018041082138005416,-2160,440,2388,car,0 days 00:24:07.877000
2024-07-20 14:09:28.756,0 days 00:24:08.037000,0 days 00:00:01.165000,11741,286,7,99,False,12,car,89.96944444444445,0.02100933410160204,-2215,485,2388,car,0 days 00:24:08.037000
2024-07-20 14:09:28.997,0 days 00:24:08.278000,0 days 00:00:01.406000,10621,286,7,100,False,12,car,109.11555555555555,0.025480263621769444,-2345,591,2387,car,0 days 00:24:08.278000
2024-07-20 14:09:29.397,0 days 00:24:08.678000,0 days 00:00:01.806000,10541,291,8,99,False,12,car,141.4488888888889,0.033030624822876234,-2622,819,2388,car,0 days 00:24:08.678000
2024-07-20 14:09:29.597,0 days 00:24:08.878000,0 days 00:00:02.006000,10604,295,8,99,False,12,car,157.83777777777775,0.03685769794027571,-2691,876,2387,car,0 days 00:24:08.878000
2024-07-20 14:09:29.797,0 days 00:24:09.078000,0 days 00:00:02.206000,10705,298,8,99,False,12,car,174.39333333333332,0.040723690445309775,-2815,978,2387,car,0 days 00:24:09.078000
2024-07-20 14:09:30.037,0 days 00:24:09.318000,0 days 00:00:02.446000,10706,301,8,99,False,12,car,194.46,0.04540958471651214,-3047,1168,2388,car,0 days 00:24:09.318000
2024-07-20 14:09:30.477,0 days 00:24:09.758000,0 days 00:00:02.886000,10908,305,8,99,False,12,car,231.73777777777778,0.05411455441744453,-3308,1383,2387,car,0 days 00:24:09.758000
2024-07-20 14:09:30.637,0 days 00:24:09.918000,0 days 00:00:03.046000,10930,307,8,99,False,12,car,245.3822222222222,0.05730075495179474,-3477,1522,2386,car,0 days 00:24:09.918000
2024-07-20 14:09:30.916,0 days 00:24:10.197000,0 days 00:00:03.325000,10986,308,8,99,False,12,car,269.2522222222222,0.06287478964881801,-3599,1622,2385,car,0 days 00:24:10.197000
2024-07-20 14:09:31.156,0 days 00:24:10.437000,0 days 00:00:03.565000,10986,308,8,99,False,12,car,289.7855555555555,0.06766965820539717,-3822,1805,2379,car,0 days 00:24:10.437000
2024-07-20 14:09:31.436,0 days 00:24:10.717000,0 days 00:00:03.845000,11079,311,8,99,False,12,car,313.97444444444443,0.07331815866409458,-3999,1950,2374,car,0 days 00:24:10.717000
2024-07-20 14:09:31.596,0 days 00:24:10.877000,0 days 00:00:04.005000,11151,312,8,99,False,12,car,327.84111111111105,0.07655625171529089,-4046,1987,2372,car,0 days 00:24:10.877000
2024-07-20 14:09:31.916,0 days 00:24:11.197000,0 days 00:00:04.325000,11224,312,8,99,False,12,car,355.5744444444444,0.08303243781768352,-4371,2241,2363,car,0 days 00:24:11.197000
2024-07-20 14:09:32.116,0 days 00:24:11.397000,0 days 00:00:04.525000,11193,314,8,99,False,12,car,373.01888888888885,0.08710600039010195,-4455,2307,2360,car,0 days 00:24:11.397000
2024-07-20 14:09:32.556,0 days 00:24:11.837000,0 days 00:00:04.965000,11249,316,8,99,False,12,car,411.64111111111106,0.09612491981795322,-4749,2540,2353,car,0 days 00:24:11.837000
2024-07-20 14:09:32.716,0 days 00:24:11.997000,0 days 00:00:05.125000,11271,316,8,99,False,12,car,425.68555555555554,0.09940452688262642,-4856,2623,2350,car,0 days 00:24:11.997000
2024-07-20 14:09:32.916,0 days 00:24:12.197000,0 days 00:00:05.325000,11279,317,8,99,False,12,car,443.2966666666667,0.10351700884267943,-4962,2704,2347,car,0 days 00:24:12.197000
2024-07-20 14:09:33.116,0 days 00:24:12.397000,0 days 00:00:05.525000,11296,317,8,99,False,12,car,460.9077777777778,0.10762949080273244,-5093,2806,2344,car,0 days 00:24:12.397000
2024-07-20 14:09:33.476,0 days 00:24:12.757000,0 days 00:00:05.885000,11075,316,8,100,False,12,car,492.5077777777778,0.11500860669824711,-5392,3039,2336,car,0 days 00:24:12.757000
2024-07-20 14:09:33.716,0 days 00:24:12.997000,0 days 00:00:06.125000,10133,284,8,0,True,8,car,511.4411111111111,0.1194298491335344,-5499,3125,2333,car,0 days 00:24:12.997000
2024-07-20 14:09:33.956,0 days 00:24:13.237000,0 days 00:00:06.365000,10314,251,8,0,True,8,car,528.1744444444445,0.12333735565204533,-5641,3243,2329,car,0 days 00:24:13.237000
2024-07-20 14:09:34.356,0 days 00:24:13.637000,0 days 00:00:06.765000,10382,213,7,0,True,8,car,551.8411111111111,0.1288639086961544,-5840,3424,2322,car,0 days 00:24:13.637000
2024-07-20 14:09:34.516,0 days 00:24:13.797000,0 days 00:00:06.925000,10386,213,7,0,True,8,car,561.3077777777778,0.13107452991379806,-5902,3490,2318,car,0 days 00:24:13.797000
2024-07-20 14:09:34.716,0 days 00:24:13.997000,0 days 00:00:07.125000,10656,182,5,0,True,8,car,571.4188888888889,0.13343563943029535,-5967,3570,2316,car,0 days 00:24:13.997000
2024-07-20 14:09:34.956,0 days 00:24:14.237000,0 days 00:00:07.365000,11216,157,5,0,True,8,car,581.8855555555556,0.13587977697374642,-6025,3660,2313,car,0 days 00:24:14.237000
2024-07-20 14:09:35.196,0 days 00:24:14.477000,0 days 00:00:07.605000,10096,143,3,0,True,8,car,591.4188888888889,0.1381059659464439,-6063,3748,2310,car,0 days 00:24:14.477000
2024-07-20 14:09:35.677,0 days 00:24:14.958000,0 days 00:00:08.086000,9786,112,2,0,True,8,car,606.3833333333333,0.1416004080308599,-6084,3909,2307,car,0 days 00:24:14.958000
2024-07-20 14:09:36.037,0 days 00:24:15.318000,0 days 00:00:08.446000,8043,92,2,0,True,8,car,615.5833333333333,0.14374875822828823,-6055,4002,2303,car,0 days 00:24:15.318000
2024-07-20 14:09:36.397,0 days 00:24:15.678000,0 days 00:00:08.806000,6749,82,2,0,False,8,car,623.7833333333332,0.1456635920999091,-5979,4085,2301,car,0 days 00:24:15.678000
2024-07-20 14:09:36.717,0 days 00:24:15.998000,0 days 00:00:09.126000,6263,77,2,0,False,8,car,630.6277777777776,0.14726188161876883,-5935,4108,2301,car,0 days 00:24:15.998000
2024-07-20 14:09:37.117,0 days 00:24:16.398000,0 days 00:00:09.526000,6723,74,2,21,False,8,car,638.8499999999999,0.14918190474207432,-5860,4138,2300,car,0 days 00:24:16.398000
2024-07-20 14:09:37.477,0 days 00:24:16.758000,0 days 00:00:09.886000,6884,79,2,26,False,8,car,646.7499999999999,0.151026683715953,-5764,4156,2298,car,0 days 00:24:16.758000
2024-07-20 14:09:37.676,0 days 00:24:16.957000,0 days 00:00:10.085000,7544,82,2,41,False,8,car,651.2827777777777,0.15208516132832123,-5732,4160,2297,car,0 days 00:24:16.957000
2024-07-20 14:09:37.876,0 days 00:24:17.157000,0 days 00:00:10.285000,8044,89,2,50,False,8,car,656.2272222222222,0.15323976982814683,-5691,4162,2296,car,0 days 00:24:17.157000
2024-07-20 14:09:38.036,0 days 00:24:17.317000,0 days 00:00:10.445000,8629,100,2,55,False,8,car,660.6716666666666,0.15427762016506874,-5646,4162,2296,car,0 days 00:24:17.317000
2024-07-20 14:09:38.236,0 days 00:24:17.517000,0 days 00:00:10.645000,9135,104,2,62,False,8,car,666.4494444444443,0.15562682560306718,-5592,4162,2295,car,0 days 00:24:17.517000
2024-07-20 14:09:38.476,0 days 00:24:17.757000,0 days 00:00:10.885000,10690,120,2,76,False,8,car,674.4494444444443,0.15749495620952658,-5491,4155,2292,car,0 days 00:24:17.757000
2024-07-20 14:09:38.636,0 days 00:24:17.917000,0 days 00:00:11.045000,11581,125,2,81,False,8,car,680.0049999999999,0.15879226913067895,-5441,4151,2290,car,0 days 00:24:17.917000
2024-07-20 14:09:38.836,0 days 00:24:18.117000,0 days 00:00:11.245000,12143,133,2,81,False,8,car,687.3938888888888,0.16051769531581161,-5392,4145,2289,car,0 days 00:24:18.117000
2024-07-20 14:09:39.036,0 days 00:24:18.317000,0 days 00:00:11.445000,10883,149,2,100,False,8,car,695.6716666666666,0.16245069156832867,-5313,4133,2288,car,0 days 00:24:18.317000
2024-07-20 14:09:39.356,0 days 00:24:18.637000,0 days 00:00:11.765000,11996,163,3,100,False,10,car,710.1605555555556,0.16583408366669405,-5115,4097,2283,car,0 days 00:24:18.637000
2024-07-20 14:09:39.636,0 days 00:24:18.917000,0 days 00:00:12.045000,11025,177,4,100,False,14,car,723.9272222222222,0.1690488250853096,-5005,4070,2281,car,0 days 00:24:18.917000
2024-07-20 14:09:39.796,0 days 00:24:19.077000,0 days 00:00:12.205000,11567,177,4,100,False,14,car,731.7938888888889,0.17088582018166137,-4941,4052,2279,car,0 days 00:24:19.077000
2024-07-20 14:09:40.076,0 days 00:24:19.357000,0 days 00:00:12.485000,10801,190,4,99,False,12,car,746.5716666666666,0.17433667255192664,-4853,4026,2277,car,0 days 00:24:19.357000
2024-07-20 14:09:40.476,0 days 00:24:19.757000,0 days 00:00:12.885000,11338,205,5,100,False,12,car,769.3494444444444,0.17965565552865137,-4754,3992,2274,car,0 days 00:24:19.757000
2024-07-20 14:09:40.796,0 days 00:24:20.077000,0 days 00:00:13.205000,11298,218,5,100,False,12,car,788.7272222222223,0.18418068299763085,-4550,3910,2270,car,0 days 00:24:20.077000
2024-07-20 14:09:41.076,0 days 00:24:20.357000,0 days 00:00:13.485000,10656,227,6,100,False,12,car,806.3827777777778,0.1883035434610531,-4391,3836,2267,car,0 days 00:24:20.357000
2024-07-20 14:09:41.276,0 days 00:24:20.557000,0 days 00:00:13.685000,11115,233,6,100,False,12,car,819.3272222222223,0.1913262825673381,-4312,3793,2266,car,0 days 00:24:20.557000
2024-07-20 14:09:41.516,0 days 00:24:20.797000,0 days 00:00:13.925000,11173,238,6,100,False,12,car,835.193888888889,0.19503140827014928,-4175,3709,2265,car,0 days 00:24:20.797000
2024-07-20 14:09:41.756,0 days 00:24:21.037000,0 days 00:00:14.165000,11410,246,6,100,False,12,car,851.5938888888888,0.19886107601339104,-4042,3619,2262,car,0 days 00:24:21.037000
2024-07-20 14:09:41.996,0 days 00:24:21.277000,0 days 00:00:14.405000,11826,248,6,100,False,12,car,868.1272222222221,0.20272187926674048,-3896,3512,2261,car,0 days 00:24:21.277000
2024-07-20 14:09:42.317,0 days 00:24:21.598000,0 days 00:00:14.726000,10568,257,7,100,False,12,car,891.0430555555556,0.20807310046955585,-3675,3335,2258,car,0 days 00:24:21.598000
2024-07-20 14:09:42.717,0 days 00:24:21.998000,0 days 00:00:15.126000,10870,264,7,100,False,12,car,920.3763888888889,0.21492291269324035,-3508,3193,2256,car,0 days 00:24:21.998000
2024-07-20 14:09:42.997,0 days 00:24:22.278000,0 days 00:00:15.406000,11034,268,7,100,False,12,car,941.2208333333334,0.21979043077340407,-3357,3061,2254,car,0 days 00:24:22.278000
2024-07-20 14:09:43.197,0 days 00:24:22.478000,0 days 00:00:15.606000,11097,272,7,100,False,12,car,956.3319444444445,0.2233191219189385,-3209,2933,2252,car,0 days 00:24:22.478000
2024-07-20 14:09:43.357,0 days 00:24:22.638000,0 days 00:00:15.766000,11224,274,7,100,False,12,car,968.5097222222223,0.2261628318421045,-3121,2855,2251,car,0 days 00:24:22.638000
2024-07-20 14:09:43.597,0 days 00:24:22.878000,0 days 00:00:16.006000,11394,276,7,100,False,12,car,986.9097222222223,0.23045953223696114,-3013,2760,2249,car,0 days 00:24:22.878000
2024-07-20 14:09:43.837,0 days 00:24:23.118000,0 days 00:00:16.246000,11512,282,7,100,False,12,car,1005.7097222222221,0.23484963916214072,-2852,2621,2247,car,0 days 00:24:23.118000
2024-07-20 14:09:44.037,0 days 00:24:23.318000,0 days 00:00:16.446000,11060,268,7,32,True,8,car,1020.5986111111113,0.23832643779082913,-2716,2507,2245,car,0 days 00:24:23.318000
2024-07-20 14:09:44.197,0 days 00:24:23.478000,0 days 00:00:16.606000,10932,268,7,0,True,8,car,1032.5097222222223,0.24110787669377978,-2638,2445,2244,car,0 days 00:24:23.478000
2024-07-20 14:09:44.436,0 days 00:24:23.717000,0 days 00:00:16.845000,10495,228,7,0,True,8,car,1047.6463888888889,0.2446425354787515,-2535,2370,2242,car,0 days 00:24:23.717000
2024-07-20 14:09:44.596,0 days 00:24:23.877000,0 days 00:00:17.005000,10784,207,7,0,True,8,car,1056.846388888889,0.24679088567617985,-2454,2316,2240,car,0 days 00:24:23.877000
2024-07-20 14:09:44.916,0 days 00:24:24.197000,0 days 00:00:17.325000,10586,184,5,0,True,8,car,1073.2019444444445,0.2506101749160524,-2305,2234,2236,car,0 days 00:24:24.197000
2024-07-20 14:09:45.196,0 days 00:24:24.477000,0 days 00:00:17.605000,10847,167,4,0,True,8,car,1086.1908333333336,0.2536432925257067,-2178,2187,2232,car,0 days 00:24:24.477000
2024-07-20 14:09:45.396,0 days 00:24:24.677000,0 days 00:00:17.805000,11003,161,3,0,True,8,car,1095.135277777778,0.255731966328762,-2075,2169,2228,car,0 days 00:24:24.677000
2024-07-20 14:09:45.636,0 days 00:24:24.917000,0 days 00:00:18.045000,10405,145,3,0,True,8,car,1104.8019444444446,0.25798929081156713,-1978,2166,2223,car,0 days 00:24:24.917000
2024-07-20 14:09:45.796,0 days 00:24:25.077000,0 days 00:00:18.205000,9985,145,3,0,True,8,car,1111.246388888889,0.25949417380010387,-1928,2176,2221,car,0 days 00:24:25.077000
2024-07-20 14:09:46.076,0 days 00:24:25.357000,0 days 00:00:18.485000,9362,133,3,0,True,8,car,1121.5908333333334,0.2619097704592896,-1832,2210,2215,car,0 days 00:24:25.357000
2024-07-20 14:09:46.276,0 days 00:24:25.557000,0 days 00:00:18.685000,8985,128,3,0,True,8,car,1128.7019444444445,0.2635703309983646,-1774,2245,2210,car,0 days 00:24:25.557000
2024-07-20 14:09:46.756,0 days 00:24:26.037000,0 days 00:00:19.165000,8364,118,3,0,True,8,car,1144.4352777777779,0.2672443211910681,-1652,2389,2196,car,0 days 00:24:26.037000
2024-07-20 14:09:46.916,0 days 00:24:26.197000,0 days 00:00:19.325000,8364,118,3,0,False,8,car,1149.6797222222224,0.26846898458863594,-1641,2419,2195,car,0 days 00:24:26.197000
2024-07-20 14:09:47.116,0 days 00:24:26.397000,0 days 00:00:19.525000,8407,114,3,25,False,8,car,1156.0130555555556,0.2699479213187496,-1617,2482,2192,car,0 days 00:24:26.397000
2024-07-20 14:09:47.316,0 days 00:24:26.597000,0 days 00:00:19.725000,8632,116,3,38,False,8,car,1162.4575000000002,0.2714528043072864,-1603,2540,2187,car,0 days 00:24:26.597000
2024-07-20 14:09:47.476,0 days 00:24:26.757000,0 days 00:00:19.885000,8895,120,3,48,False,8,car,1167.7908333333335,0.27269822471159266,-1598,2608,2182,car,0 days 00:24:26.757000
2024-07-20 14:09:47.756,0 days 00:24:27.037000,0 days 00:00:20.165000,9686,125,3,57,False,8,car,1177.5130555555556,0.2749685223236093,-1600,2705,2175,car,0 days 00:24:27.037000
2024-07-20 14:09:47.996,0 days 00:24:27.277000,0 days 00:00:20.405000,10239,135,3,74,False,8,car,1186.5130555555556,0.27707016925587613,-1614,2777,2170,car,0 days 00:24:27.277000
2024-07-20 14:09:48.276,0 days 00:24:27.557000,0 days 00:00:20.685000,10963,145,3,99,False,8,car,1197.7908333333332,0.27970371448581544,-1645,2886,2160,car,0 days 00:24:27.557000
2024-07-20 14:09:48.637,0 days 00:24:27.918000,0 days 00:00:21.046000,10725,165,3,99,False,8,car,1214.3366666666666,0.2835674366932375,-1707,3031,2148,car,0 days 00:24:27.918000
2024-07-20 14:09:49.037,0 days 00:24:28.318000,0 days 00:00:21.446000,11567,182,4,99,False,8,car,1234.558888888889,0.2882896557262321,-1835,3256,2129,car,0 days 00:24:28.318000
2024-07-20 14:09:49.237,0 days 00:24:28.518000,0 days 00:00:21.646000,10867,190,4,99,False,8,car,1245.1144444444444,0.2907545502764216,-1876,3322,2124,car,0 days 00:24:28.518000
2024-07-20 14:09:49.437,0 days 00:24:28.718000,0 days 00:00:21.846000,10768,197,4,99,False,8,car,1256.0588888888888,0.29331025673109173,-1910,3386,2120,car,0 days 00:24:28.718000
2024-07-20 14:09:49.597,0 days 00:24:28.878000,0 days 00:00:22.006000,10939,201,5,99,False,8,car,1264.9922222222222,0.2953963359083048,-1972,3517,2110,car,0 days 00:24:28.878000
2024-07-20 14:09:49.917,0 days 00:24:29.198000,0 days 00:00:22.326000,11628,205,5,99,False,8,car,1283.2144444444443,0.2996515222896845,-2041,3709,2097,car,0 days 00:24:29.198000
2024-07-20 14:09:50.157,0 days 00:24:29.438000,0 days 00:00:22.566000,11666,220,5,99,False,8,car,1297.8811111111108,0.30307642840152677,-2062,3787,2093,car,0 days 00:24:29.438000
2024-07-20 14:09:50.357,0 days 00:24:29.638000,0 days 00:00:22.766000,10826,224,5,99,False,8,car,1310.3255555555552,0.305982409344908,-2077,3853,2089,car,0 days 00:24:29.638000
2024-07-20 14:09:50.597,0 days 00:24:29.878000,0 days 00:00:23.006000,10923,227,6,99,False,8,car,1325.4588888888886,0.3095162897421271,-2081,4078,2076,car,0 days 00:24:29.878000
2024-07-20 14:09:50.757,0 days 00:24:30.038000,0 days 00:00:23.166000,11063,232,6,99,False,8,car,1335.7699999999998,0.3119241025237859,-2078,4183,2071,car,0 days 00:24:30.038000
2024-07-20 14:09:51.037,0 days 00:24:30.318000,0 days 00:00:23.446000,11208,235,6,99,False,8,car,1354.0477777777776,0.3161922620343772,-2053,4287,2067,car,0 days 00:24:30.318000
2024-07-20 14:09:51.356,0 days 00:24:30.637000,0 days 00:00:23.765000,11416,240,6,99,False,8,car,1375.3144444444442,0.32115837589654844,-1957,4529,2055,car,0 days 00:24:30.637000
2024-07-20 14:09:51.676,0 days 00:24:30.957000,0 days 00:00:24.085000,11649,246,6,99,False,8,car,1397.181111111111,0.3262645995542042,-1860,4713,2049,car,0 days 00:24:30.957000
2024-07-20 14:09:51.876,0 days 00:24:31.157000,0 days 00:00:24.285000,11436,249,6,99,False,8,car,1411.0144444444443,0.3294949087278736,-1808,4806,2047,car,0 days 00:24:31.157000
2024-07-20 14:09:52.276,0 days 00:24:31.557000,0 days 00:00:24.685000,10450,255,7,99,False,8,car,1439.3477777777775,0.33611120462575067,-1662,5045,2042,car,0 days 00:24:31.557000
2024-07-20 14:09:52.556,0 days 00:24:31.837000,0 days 00:00:24.965000,10704,260,7,99,False,8,car,1459.57,0.3408334236587453,-1561,5218,2041,car,0 days 00:24:31.837000
2024-07-20 14:09:52.756,0 days 00:24:32.037000,0 days 00:00:25.165000,10830,263,7,99,False,8,car,1474.181111111111,0.34424535664137607,-1493,5342,2041,car,0 days 00:24:32.037000
2024-07-20 14:09:52.956,0 days 00:24:32.237000,0 days 00:00:25.365000,10830,264,7,99,False,8,car,1488.8477777777775,0.3476702627532183,-1405,5502,2042,car,0 days 00:24:32.237000
2024-07-20 14:09:53.116,0 days 00:24:32.397000,0 days 00:00:25.525000,10981,266,7,99,False,8,car,1500.6699999999998,0.35043094464943053,-1328,5642,2044,car,0 days 00:24:32.397000
2024-07-20 14:09:53.276,0 days 00:24:32.557000,0 days 00:00:25.685000,11088,266,7,99,False,8,car,1512.4922222222222,0.3531916265456428,-1283,5725,2045,car,0 days 00:24:32.557000
2024-07-20 14:09:53.516,0 days 00:24:32.797000,0 days 00:00:25.925000,11145,272,7,99,False,8,car,1530.6255555555556,0.35742605592028415,-1225,5829,2048,car,0 days 00:24:32.797000
2024-07-20 14:09:53.756,0 days 00:24:33.037000,0 days 00:00:26.165000,11257,274,7,99,False,8,car,1548.8922222222222,0.36169162080503314,-1133,5998,2052,car,0 days 00:24:33.037000
2024-07-20 14:09:53.956,0 days 00:24:33.237000,0 days 00:00:26.365000,11323,276,7,99,False,8,car,1564.2255555555555,0.36527220446741365,-1060,6132,2056,car,0 days 00:24:33.237000
2024-07-20 14:09:54.156,0 days 00:24:33.437000,0 days 00:00:26.565000,11366,277,7,99,False,8,car,1579.6144444444446,0.3688657612590058,-985,6268,2060,car,0 days 00:24:33.437000
2024-07-20 14:09:54.396,0 days 00:24:33.677000,0 days 00:00:26.805000,11412,278,7,99,False,8,car,1598.147777777778,0.37319359716397005,-895,6431,2067,car,0 days 00:24:33.677000
2024-07-20 14:09:54.836,0 days 00:24:34.117000,0 days 00:00:27.245000,11519,281,7,99,False,8,car,1632.4922222222226,0.38121358564253405,-719,6748,2084,car,0 days 00:24:34.117000
2024-07-20 14:09:54.996,0 days 00:24:34.277000,0 days 00:00:27.405000,11558,281,7,100,False,8,car,1644.9811111111114,0.38412994508928455,-632,6903,2092,car,0 days 00:24:34.277000
2024-07-20 14:09:55.237,0 days 00:24:34.518000,0 days 00:00:27.646000,11579,282,7,99,False,8,car,1663.8594444444448,0.38853834412665245,-572,7009,2099,car,0 days 00:24:34.518000
2024-07-20 14:09:55.597,0 days 00:24:34.878000,0 days 00:00:28.006000,11640,283,7,100,False,8,car,1692.1594444444447,0.3951468561470026,-426,7230,2115,car,0 days 00:24:34.878000
2024-07-20 14:09:55.797,0 days 00:24:35.078000,0 days 00:00:28.206000,11671,284,7,100,False,8,car,1707.9372222222225,0.3988312248430753,-336,7355,2124,car,0 days 00:24:35.078000
2024-07-20 14:09:56.077,0 days 00:24:35.358000,0 days 00:00:28.486000,11665,284,7,99,False,8,car,1730.0261111111115,0.40398934101757716,-206,7529,2138,car,0 days 00:24:35.358000
2024-07-20 14:09:56.317,0 days 00:24:35.598000,0 days 00:00:28.726000,11479,277,7,0,True,8,car,1748.492777777778,0.4083016091674876,-91,7677,2148,car,0 days 00:24:35.598000
2024-07-20 14:09:56.557,0 days 00:24:35.838000,0 days 00:00:28.966000,10410,252,7,0,True,8,car,1765.2927777777782,0.4122246834410524,7,7819,2157,car,0 days 00:24:35.838000
2024-07-20 14:09:56.797,0 days 00:24:36.078000,0 days 00:00:29.206000,11143,240,6,0,True,8,car,1781.2927777777782,0.4159609446539712,85,7958,2163,car,0 days 00:24:36.078000
2024-07-20 14:09:57.037,0 days 00:24:36.318000,0 days 00:00:29.446000,11143,231,6,0,False,8,car,1796.6927777777782,0.4195570960714056,142,8099,2166,car,0 days 00:24:36.318000
2024-07-20 14:09:57.197,0 days 00:24:36.478000,0 days 00:00:29.606000,10723,228,6,18,False,8,car,1806.8261111111117,0.4219233948395876,168,8176,2168,car,0 days 00:24:36.478000
2024-07-20 14:09:57.477,0 days 00:24:36.758000,0 days 00:00:29.886000,10531,221,6,49,False,8,car,1824.0150000000003,0.42593728101763295,188,8449,2173,car,0 days 00:24:36.758000
2024-07-20 14:09:57.717,0 days 00:24:36.998000,0 days 00:00:30.126000,10611,223,6,95,False,8,car,1838.8816666666671,0.4294088903946367,182,8588,2175,car,0 days 00:24:36.998000
2024-07-20 14:09:57.876,0 days 00:24:37.157000,0 days 00:00:30.285000,10779,226,6,95,False,8,car,1848.8633333333337,0.4317397725200711,166,8627,2175,car,0 days 00:24:37.157000
2024-07-20 14:09:58.316,0 days 00:24:37.597000,0 days 00:00:30.725000,11136,235,6,99,False,8,car,1877.585555555556,0.43844688032242896,61,8952,2176,car,0 days 00:24:37.597000
2024-07-20 14:09:58.756,0 days 00:24:38.037000,0 days 00:00:31.165000,11474,242,6,99,False,8,car,1907.1633333333336,0.44535377431464407,-18,9159,2175,car,0 days 00:24:38.037000
2024-07-20 14:09:58.956,0 days 00:24:38.237000,0 days 00:00:31.365000,11574,247,6,100,False,8,car,1920.8855555555558,0.4485581372298904,-66,9286,2176,car,0 days 00:24:38.237000
2024-07-20 14:09:59.316,0 days 00:24:38.597000,0 days 00:00:31.725000,12074,250,6,0,True,8,car,1945.885555555556,0.45439604537507616,-149,9549,2177,car,0 days 00:24:38.597000
2024-07-20 14:09:59.556,0 days 00:24:38.837000,0 days 00:00:31.965000,10575,223,6,0,True,8,car,1960.7522222222226,0.45786765475207986,-181,9677,2177,car,0 days 00:24:38.837000
2024-07-20 14:09:59.716,0 days 00:24:38.997000,0 days 00:00:32.125000,11135,216,6,0,True,8,car,1970.3522222222225,0.46010941147983114,-193,9774,2178,car,0 days 00:24:38.997000
2024-07-20 14:09:59.916,0 days 00:24:39.197000,0 days 00:00:32.325000,10533,201,6,0,True,8,car,1981.5188888888893,0.4627170104513474,-199,9929,2180,car,0 days 00:24:39.197000
2024-07-20 14:10:00.076,0 days 00:24:39.357000,0 days 00:00:32.485000,10516,190,5,0,True,8,car,1989.9633333333336,0.464688926091499,-196,10017,2181,car,0 days 00:24:39.357000
2024-07-20 14:10:00.356,0 days 00:24:39.637000,0 days 00:00:32.765000,10715,175,5,0,True,8,car,2003.5744444444447,0.46786734274832226,-175,10107,2182,car,0 days 00:24:39.637000
2024-07-20 14:10:00.636,0 days 00:24:39.917000,0 days 00:00:33.045000,10222,169,4,3,True,8,car,2016.718888888889,0.4709367851197688,-120,10243,2186,car,0 days 00:24:39.917000
2024-07-20 14:10:00.956,0 days 00:24:40.237000,0 days 00:00:33.365000,9662,158,4,5,False,8,car,2030.7633333333335,0.47421639218444195,-35,10372,2191,car,0 days 00:24:40.237000
2024-07-20 14:10:01.276,0 days 00:24:40.557000,0 days 00:00:33.685000,9433,154,4,7,False,8,car,2044.4522222222224,0.4774129712221614,47,10444,2194,car,0 days 00:24:40.557000
2024-07-20 14:10:01.596,0 days 00:24:40.877000,0 days 00:00:34.005000,9337,150,4,38,False,8,car,2057.7855555555557,0.4805265222329271,163,10512,2199,car,0 days 00:24:40.877000
2024-07-20 14:10:01.837,0 days 00:24:41.118000,0 days 00:00:34.246000,9636,151,4,47,False,8,car,2067.894166666667,0.48288704795860987,260,10540,2202,car,0 days 00:24:41.118000
2024-07-20 14:10:02.037,0 days 00:24:41.318000,0 days 00:00:34.446000,9667,153,4,50,False,8,car,2076.394166666667,0.484871936727973,359,10555,2207,car,0 days 00:24:41.318000
2024-07-20 14:10:02.197,0 days 00:24:41.478000,0 days 00:00:34.606000,9856,153,4,57,False,8,car,2083.194166666667,0.48645984774346357,444,10555,2211,car,0 days 00:24:41.478000
2024-07-20 14:10:02.477,0 days 00:24:41.758000,0 days 00:00:34.886000,10290,158,4,59,False,8,car,2095.483055555556,0.4893295039250526,582,10537,2218,car,0 days 00:24:41.758000
2024-07-20 14:10:02.877,0 days 00:24:42.158000,0 days 00:00:35.286000,10641,163,4,71,False,8,car,2113.5941666666668,0.49355874404800926,713,10495,2224,car,0 days 00:24:42.158000
2024-07-20 14:10:03.277,0 days 00:24:42.558000,0 days 00:00:35.686000,11475,176,4,99,False,8,car,2133.1497222222224,0.4981252855304656,881,10417,2232,car,0 days 00:24:42.558000
2024-07-20 14:10:03.437,0 days 00:24:42.718000,0 days 00:00:35.846000,11673,183,4,99,False,8,car,2141.2830555555556,0.5000245516470326,1010,10334,2239,car,0 days 00:24:42.718000
2024-07-20 14:10:03.837,0 days 00:24:43.118000,0 days 00:00:36.246000,10832,199,4,100,False,8,car,2163.394166666667,0.5051878570732191,1124,10247,2246,car,0 days 00:24:43.118000
2024-07-20 14:10:04.117,0 days 00:24:43.398000,0 days 00:00:36.526000,11262,203,5,100,False,8,car,2179.1830555555557,0.5088748203951341,1246,10143,2251,car,0 days 00:24:43.398000
2024-07-20 14:10:04.277,0 days 00:24:43.558000,0 days 00:00:36.686000,11337,208,5,100,False,8,car,2188.4275,0.5110335490959316,1313,10081,2255,car,0 days 00:24:43.558000
2024-07-20 14:10:04.517,0 days 00:24:43.798000,0 days 00:00:36.926000,11762,214,5,100,False,8,car,2202.6941666666667,0.5143650486774509,1414,9981,2260,car,0 days 00:24:43.798000
2024-07-20 14:10:04.796,0 days 00:24:44.077000,0 days 00:00:37.205000,10675,220,6,99,False,8,car,2219.7441666666664,0.5183465020324675,1532,9858,2265,car,0 days 00:24:44.077000
2024-07-20 14:10:05.156,0 days 00:24:44.437000,0 days 00:00:37.565000,11037,233,6,100,False,8,car,2243.0441666666666,0.5237874324237806,1701,9672,2272,car,0 days 00:24:44.437000
2024-07-20 14:10:05.316,0 days 00:24:44.597000,0 days 00:00:37.725000,11117,235,6,100,False,8,car,2253.4886111111114,0.5262263807155471,1809,9552,2276,car,0 days 00:24:44.597000
2024-07-20 14:10:05.476,0 days 00:24:44.757000,0 days 00:00:37.885000,11342,239,6,99,False,8,car,2264.110833333333,0.5287068430207903,1896,9456,2278,car,0 days 00:24:44.757000
2024-07-20 14:10:05.796,0 days 00:24:45.077000,0 days 00:00:38.205000,11143,241,6,0,True,8,car,2285.5330555555556,0.533709281644754,2021,9317,2281,car,0 days 00:24:45.077000
2024-07-20 14:10:06.076,0 days 00:24:45.357000,0 days 00:00:38.485000,10937,207,6,0,True,8,car,2301.6330555555555,0.5374688944902535,2121,9205,2282,car,0 days 00:24:45.357000
2024-07-20 14:10:06.356,0 days 00:24:45.637000,0 days 00:00:38.765000,10804,186,5,0,True,8,car,2316.099722222222,0.5408470973369343,2195,9121,2283,car,0 days 00:24:45.637000
2024-07-20 14:10:06.596,0 days 00:24:45.877000,0 days 00:00:39.005000,10485,167,5,0,True,8,car,2327.2330555555554,0.5434469124309236,2260,9043,2284,car,0 days 00:24:45.877000
2024-07-20 14:10:06.796,0 days 00:24:46.077000,0 days 00:00:39.205000,10781,148,4,0,True,8,car,2335.4552777777776,0.545366935554229,2310,8973,2285,car,0 days 00:24:46.077000
2024-07-20 14:10:07.076,0 days 00:24:46.357000,0 days 00:00:39.485000,9101,131,3,0,True,8,car,2345.6441666666665,0.5477462074516225,2360,8885,2285,car,0 days 00:24:46.357000
2024-07-20 14:10:07.316,0 days 00:24:46.597000,0 days 00:00:39.725000,8233,122,3,0,True,8,car,2353.7774999999997,0.5496454735681895,2391,8780,2284,car,0 days 00:24:46.597000
2024-07-20 14:10:07.476,0 days 00:24:46.757000,0 days 00:00:39.885000,7870,112,3,0,True,8,car,2358.7552777777773,0.550807865945542,2402,8726,2285,car,0 days 00:24:46.757000
2024-07-20 14:10:07.676,0 days 00:24:46.957000,0 days 00:00:40.085000,7709,110,3,0,False,8,car,2364.8663888888887,0.5522349101588097,2402,8696,2285,car,0 days 00:24:46.957000
2024-07-20 14:10:07.956,0 days 00:24:47.237000,0 days 00:00:40.365000,7757,103,3,9,False,8,car,2372.8774999999996,0.5541056353911114,2389,8620,2285,car,0 days 00:24:47.237000
2024-07-20 14:10:08.236,0 days 00:24:47.517000,0 days 00:00:40.645000,7724,104,3,28,False,8,car,2380.9663888888886,0.5559945230043092,2361,8545,2287,car,0 days 00:24:47.517000
2024-07-20 14:10:08.437,0 days 00:24:47.718000,0 days 00:00:40.846000,8032,105,3,35,False,8,car,2386.8288888888883,0.5573635124643552,2331,8486,2287,car,0 days 00:24:47.718000
2024-07-20 14:10:08.677,0 days 00:24:47.958000,0 days 00:00:41.086000,8409,111,3,52,False,8,car,2394.2288888888884,0.5590915332753301,2299,8425,2288,car,0 days 00:24:47.958000
2024-07-20 14:10:09.117,0 days 00:24:48.398000,0 days 00:00:41.526000,7399,122,4,58,False,8,car,2409.14,0.5625735211557032,2254,8294,2288,car,0 days 00:24:48.398000
2024-07-20 14:10:09.357,0 days 00:24:48.638000,0 days 00:00:41.766000,7959,124,4,31,False,8,car,2417.4066666666663,0.5645039227823778,2245,8213,2289,car,0 days 00:24:48.638000
2024-07-20 14:10:09.557,0 days 00:24:48.838000,0 days 00:00:41.966000,8089,127,4,43,False,8,car,2424.462222222222,0.5661515101922414,2245,8140,2290,car,0 days 00:24:48.838000
2024-07-20 14:10:09.797,0 days 00:24:49.078000,0 days 00:00:42.206000,8292,130,4,55,False,8,car,2433.1288888888885,0.5681753183492391,2250,8049,2290,car,0 days 00:24:49.078000
2024-07-20 14:10:10.117,0 days 00:24:49.398000,0 days 00:00:42.526000,8888,135,4,65,False,8,car,2445.1288888888885,0.5709775142589282,2267,7939,2291,car,0 days 00:24:49.398000
2024-07-20 14:10:10.517,0 days 00:24:49.798000,0 days 00:00:42.926000,9795,150,4,84,False,8,car,2461.795555555555,0.5748694530223852,2313,7780,2292,car,0 days 00:24:49.798000
2024-07-20 14:10:10.717,0 days 00:24:49.998000,0 days 00:00:43.126000,9096,159,4,85,False,8,car,2470.628888888888,0.5769321805670174,2339,7694,2293,car,0 days 00:24:49.998000
2024-07-20 14:10:11.117,0 days 00:24:50.398000,0 days 00:00:43.526000,9425,170,5,83,False,8,car,2489.517777777777,0.5813430444989356,2389,7518,2294,car,0 days 00:24:50.398000
2024-07-20 14:10:11.276,0 days 00:24:50.557000,0 days 00:00:43.685000,10014,180,5,81,False,8,car,2497.467777777777,0.5831994992891045,2407,7447,2294,car,0 days 00:24:50.557000
2024-07-20 14:10:11.516,0 days 00:24:50.797000,0 days 00:00:43.925000,10255,189,5,87,False,8,car,2510.067777777777,0.5861418049942781,2451,7271,2295,car,0 days 00:24:50.797000
2024-07-20 14:10:11.676,0 days 00:24:50.957000,0 days 00:00:44.085000,9975,187,5,87,False,8,car,2518.378888888888,0.5880825851243221,2468,7204,2296,car,0 days 00:24:50.957000
2024-07-20 14:10:11.916,0 days 00:24:51.197000,0 days 00:00:44.325000,10504,180,5,0,True,8,car,2530.378888888888,0.5908847810340112,2489,7129,2296,car,0 days 00:24:51.197000
2024-07-20 14:10:12.156,0 days 00:24:51.437000,0 days 00:00:44.565000,10422,169,4,0,True,8,car,2541.6455555555544,0.5935157316381081,2531,7015,2297,car,0 days 00:24:51.437000
2024-07-20 14:10:12.316,0 days 00:24:51.597000,0 days 00:00:44.725000,10100,166,4,0,True,8,car,2549.023333333332,0.5952385631973984,2564,6950,2298,car,0 days 00:24:51.597000
2024-07-20 14:10:12.516,0 days 00:24:51.797000,0 days 00:00:44.925000,9777,160,4,0,True,8,car,2557.912222222221,0.5973142638712422,2614,6872,2298,car,0 days 00:24:51.797000
2024-07-20 14:10:12.716,0 days 00:24:51.997000,0 days 00:00:45.125000,9422,158,4,0,False,8,car,2566.6899999999987,0.599364018286663,2705,6767,2298,car,0 days 00:24:51.997000
2024-07-20 14:10:13.036,0 days 00:24:52.317000,0 days 00:00:45.445000,9201,148,4,22,False,8,car,2579.8455555555543,0.6024360552839517,2762,6711,2299,car,0 days 00:24:52.317000
2024-07-20 14:10:13.196,0 days 00:24:52.477000,0 days 00:00:45.605000,9287,148,4,31,False,8,car,2586.423333333332,0.6039720737825961,2834,6674,2300,car,0 days 00:24:52.477000
2024-07-20 14:10:13.636,0 days 00:24:52.917000,0 days 00:00:46.045000,9495,150,4,50,False,8,car,2604.7566666666653,0.608253206422399,2999,6606,2301,car,0 days 00:24:52.917000
2024-07-20 14:10:13.956,0 days 00:24:53.237000,0 days 00:00:46.365000,9924,157,4,68,False,8,car,2618.712222222221,0.6115120564803338,3120,6590,2301,car,0 days 00:24:53.237000
2024-07-20 14:10:14.116,0 days 00:24:53.397000,0 days 00:00:46.525000,10248,160,4,77,False,8,car,2625.823333333332,0.6131726170194087,3193,6584,2302,car,0 days 00:24:53.397000
2024-07-20 14:10:14.476,0 days 00:24:53.757000,0 days 00:00:46.885000,10875,170,4,99,False,8,car,2642.823333333332,0.617142394558135,3360,6571,2304,car,0 days 00:24:53.757000
2024-07-20 14:10:14.636,0 days 00:24:53.917000,0 days 00:00:47.045000,10931,172,4,0,True,8,car,2650.4677777777765,0.6189274971376407,3436,6562,2305,car,0 days 00:24:53.917000
2024-07-20 14:10:14.917,0 days 00:24:54.198000,0 days 00:00:47.326000,10144,165,4,0,True,8,car,2663.346944444443,0.6219349928171022,3563,6536,2306,car,0 days 00:24:54.198000
2024-07-20 14:10:15.117,0 days 00:24:54.398000,0 days 00:00:47.526000,9733,161,4,0,True,8,car,2672.291388888888,0.6240236666201575,3644,6506,2306,car,0 days 00:24:54.398000
2024-07-20 14:10:15.357,0 days 00:24:54.638000,0 days 00:00:47.766000,9504,154,4,0,True,8,car,2682.5580555555543,0.626421100898447,3734,6454,2307,car,0 days 00:24:54.638000
2024-07-20 14:10:15.597,0 days 00:24:54.878000,0 days 00:00:48.006000,9010,150,4,0,False,8,car,2692.5580555555543,0.6287562641565213,3815,6392,2307,car,0 days 00:24:54.878000
2024-07-20 14:10:15.797,0 days 00:24:55.078000,0 days 00:00:48.206000,8954,148,4,0,False,8,car,2700.7802777777765,0.6306762872798268,3874,6335,2308,car,0 days 00:24:55.078000
2024-07-20 14:10:16.037,0 days 00:24:55.318000,0 days 00:00:48.446000,8774,142,4,0,False,8,car,2710.2469444444428,0.6328869084974703,3935,6259,2309,car,0 days 00:24:55.318000
2024-07-20 14:10:16.277,0 days 00:24:55.558000,0 days 00:00:48.686000,8828,140,4,0,False,8,car,2719.5802777777762,0.6350663942050063,3980,6187,2310,car,0 days 00:24:55.558000
2024-07-20 14:10:16.437,0 days 00:24:55.718000,0 days 00:00:48.846000,9948,138,4,0,False,8,car,2725.7136111111095,0.6364986276699586,4010,6109,2311,car,0 days 00:24:55.718000
2024-07-20 14:10:16.797,0 days 00:24:56.078000,0 days 00:00:49.206000,9391,133,3,0,False,8,car,2739.0136111111096,0.6396043948031974,4040,5981,2313,car,0 days 00:24:56.078000
2024-07-20 14:10:17.037,0 days 00:24:56.318000,0 days 00:00:49.446000,9193,129,3,0,False,8,car,2747.6136111111095,0.6416126352051412,4044,5905,2314,car,0 days 00:24:56.318000
2024-07-20 14:10:17.277,0 days 00:24:56.558000,0 days 00:00:49.686000,8869,125,3,0,False,8,car,2755.946944444443,0.6435586045868699,4043,5819,2316,car,0 days 00:24:56.558000
2024-07-20 14:10:17.557,0 days 00:24:56.838000,0 days 00:00:49.966000,8343,117,3,0,True,8,car,2765.046944444443,0.6456836031517174,4033,5724,2318,car,0 days 00:24:56.838000
2024-07-20 14:10:17.757,0 days 00:24:57.038000,0 days 00:00:50.166000,8793,117,3,0,True,8,car,2771.546944444443,0.6472014592694656,4022,5661,2317,car,0 days 00:24:57.038000
2024-07-20 14:10:17.957,0 days 00:24:57.238000,0 days 00:00:50.366000,8492,104,3,0,True,8,car,2777.3247222222208,0.6485506647074641,4010,5603,2319,car,0 days 00:24:57.238000
2024-07-20 14:10:18.116,0 days 00:24:57.397000,0 days 00:00:50.525000,7872,94,2,0,True,8,car,2781.4763888888874,0.6495201466534413,4000,5562,2319,car,0 days 00:24:57.397000
2024-07-20 14:10:18.316,0 days 00:24:57.597000,0 days 00:00:50.725000,7433,84,2,0,True,8,car,2786.143055555554,0.6506098895072092,3988,5514,2320,car,0 days 00:24:57.597000
2024-07-20 14:10:18.556,0 days 00:24:57.837000,0 days 00:00:50.965000,6256,77,2,0,True,8,car,2791.276388888887,0.651808606646354,3976,5466,2320,car,0 days 00:24:57.837000
2024-07-20 14:10:18.836,0 days 00:24:58.117000,0 days 00:00:51.245000,5951,71,2,0,True,8,car,2796.798611111109,0.6530981356899793,3954,5386,2322,car,0 days 00:24:58.117000
2024-07-20 14:10:19.236,0 days 00:24:58.517000,0 days 00:00:51.645000,5930,69,2,13,False,8,car,2804.465277777776,0.6548884275211697,3934,5315,2322,car,0 days 00:24:58.517000
2024-07-20 14:10:19.556,0 days 00:24:58.837000,0 days 00:00:51.965000,6465,72,2,30,False,8,car,2810.865277777776,0.6563829320063372,3919,5264,2323,car,0 days 00:24:58.837000
2024-07-20 14:10:19.836,0 days 00:24:59.117000,0 days 00:00:52.245000,7135,84,2,42,False,8,car,2817.3986111111094,0.6579085720016125,3899,5189,2324,car,0 days 00:24:59.117000
2024-07-20 14:10:19.996,0 days 00:24:59.277000,0 days 00:00:52.405000,7708,84,2,47,False,8,car,2821.131944444443,0.6587803662846269,3887,5143,2324,car,0 days 00:24:59.277000
2024-07-20 14:10:20.276,0 days 00:24:59.557000,0 days 00:00:52.685000,8569,94,2,51,False,8,car,2828.443055555554,0.6604876300888635,3877,5106,2325,car,0 days 00:24:59.557000
2024-07-20 14:10:20.436,0 days 00:24:59.717000,0 days 00:00:52.845000,8953,97,2,56,False,8,car,2832.7541666666652,0.6614943449156776,3868,5064,2326,car,0 days 00:24:59.717000
2024-07-20 14:10:20.596,0 days 00:24:59.877000,0 days 00:00:53.005000,9352,108,2,59,False,8,car,2837.5541666666654,0.6626152232795534,3853,4989,2327,car,0 days 00:24:59.877000
2024-07-20 14:10:20.836,0 days 00:25:00.117000,0 days 00:00:53.245000,8719,115,2,72,False,8,car,2845.220833333332,0.6644055151107435,3839,4903,2329,car,0 days 00:25:00.117000
2024-07-20 14:10:21.196,0 days 00:25:00.477000,0 days 00:00:53.605000,9528,126,3,90,False,8,car,2857.820833333332,0.6673478208159171,3830,4816,2330,car,0 days 00:25:00.477000
2024-07-20 14:10:21.476,0 days 00:25:00.757000,0 days 00:00:53.885000,10499,135,3,99,False,8,car,2868.320833333332,0.6697997422368951,3824,4724,2331,car,0 days 00:25:00.757000
2024-07-20 14:10:21.637,0 days 00:25:00.918000,0 days 00:00:54.046000,11050,148,3,100,False,8,car,2874.939722222221,0.6713453608511561,3825,4655,2332,car,0 days 00:25:00.918000
2024-07-20 14:10:21.957,0 days 00:25:01.238000,0 days 00:00:54.366000,9980,158,3,100,False,8,car,2888.9841666666653,0.6746249679158293,3832,4518,2334,car,0 days 00:25:01.238000
2024-07-20 14:10:22.277,0 days 00:25:01.558000,0 days 00:00:54.686000,10857,168,4,100,False,8,car,2903.9174999999987,0.6781121450478869,3846,4377,2337,car,0 days 00:25:01.558000
2024-07-20 14:10:22.557,0 days 00:25:01.838000,0 days 00:00:54.966000,11367,176,4,99,False,8,car,2917.6063888888875,0.6813087240856063,3874,4245,2339,car,0 days 00:25:01.838000
2024-07-20 14:10:22.877,0 days 00:25:02.158000,0 days 00:00:55.286000,10532,184,4,99,False,8,car,2933.961944444443,0.6851280133254788,3919,4092,2341,car,0 days 00:25:02.158000
2024-07-20 14:10:23.037,0 days 00:25:02.318000,0 days 00:00:55.446000,10328,189,4,99,False,8,car,2942.3619444444425,0.6870895504622611,3949,4015,2343,car,0 days 00:25:02.318000
2024-07-20 14:10:23.277,0 days 00:25:02.558000,0 days 00:00:55.686000,10683,193,5,99,False,8,car,2955.2286111111093,0.69009412718765,4009,3892,2344,car,0 days 00:25:02.558000
2024-07-20 14:10:23.597,0 days 00:25:02.878000,0 days 00:00:56.006000,11006,198,5,99,False,8,car,2972.8286111111092,0.6942040145218606,4139,3694,2348,car,0 days 00:25:02.878000
2024-07-20 14:10:23.917,0 days 00:25:03.198000,0 days 00:00:56.326000,11323,209,5,99,False,8,car,2991.4063888888872,0.6985422289301942,4214,3600,2349,car,0 days 00:25:03.198000
2024-07-20 14:10:24.197,0 days 00:25:03.478000,0 days 00:00:56.606000,10156,213,5,100,False,8,car,3007.973055555554,0.7024108160610706,4345,3421,2353,car,0 days 00:25:03.478000
2024-07-20 14:10:24.597,0 days 00:25:03.878000,0 days 00:00:57.006000,9880,211,6,0,True,8,car,3031.417499999998,0.7078854765883336,4431,3265,2355,car,0 days 00:25:03.878000
2024-07-20 14:10:24.796,0 days 00:25:04.077000,0 days 00:00:57.205000,10748,204,6,0,True,8,car,3042.694166666665,0.7105187623556887,4491,3124,2357,car,0 days 00:25:04.077000
2024-07-20 14:10:25.116,0 days 00:25:04.397000,0 days 00:00:57.525000,10458,195,5,29,False,8,car,3060.0274999999983,0.7145663786696841,4528,2996,2358,car,0 days 00:25:04.397000
2024-07-20 14:10:25.436,0 days 00:25:04.717000,0 days 00:00:57.845000,10326,192,5,42,False,8,car,3077.094166666665,0.7185517239634641,4547,2789,2361,car,0 days 00:25:04.717000
2024-07-20 14:10:25.836,0 days 00:25:05.117000,0 days 00:00:58.245000,10356,191,5,57,False,8,car,3098.316388888887,0.7235074593222662,4533,2597,2364,car,0 days 00:25:05.117000
2024-07-20 14:10:26.076,0 days 00:25:05.357000,0 days 00:00:58.485000,10691,191,5,80,False,8,car,3111.0497222222207,0.7264809005375474,4499,2482,2366,car,0 days 00:25:05.357000
2024-07-20 14:10:26.356,0 days 00:25:05.637000,0 days 00:00:58.765000,10908,198,5,100,False,8,car,3126.4497222222208,0.7300770519549818,4434,2339,2369,car,0 days 00:25:05.637000
2024-07-20 14:10:26.556,0 days 00:25:05.837000,0 days 00:00:58.965000,11093,203,5,100,False,8,car,3137.7274999999986,0.7327105971849212,4380,2249,2371,car,0 days 00:25:05.837000
2024-07-20 14:10:26.756,0 days 00:25:06.037000,0 days 00:00:59.165000,11239,205,5,99,False,8,car,3149.1163888888873,0.7353700886732835,4275,2120,2372,car,0 days 00:25:06.037000
2024-07-20 14:10:26.996,0 days 00:25:06.277000,0 days 00:00:59.405000,11435,206,5,99,False,8,car,3162.849722222221,0.7385770462143723,4185,2019,2374,car,0 days 00:25:06.277000
2024-07-20 14:10:27.236,0 days 00:25:06.517000,0 days 00:00:59.645000,11567,213,5,100,False,8,car,3177.049722222221,0.7418929780408378,4115,1949,2375,car,0 days 00:25:06.517000
2024-07-20 14:10:27.436,0 days 00:25:06.717000,0 days 00:00:59.845000,10252,214,5,100,False,8,car,3188.93861111111,0.7446692276921038,4029,1862,2374,car,0 days 00:25:06.717000
2024-07-20 14:10:27.676,0 days 00:25:06.957000,0 days 00:01:00.085000,10440,219,6,100,False,8,car,3203.5386111111097,0.7480785660488921,3924,1754,2375,car,0 days 00:25:06.957000
2024-07-20 14:10:27.836,0 days 00:25:07.117000,0 days 00:01:00.245000,10440,222,6,100,False,8,car,3213.405277777776,0.7503825937968587,3851,1680,2375,car,0 days 00:25:07.117000
2024-07-20 14:10:28.117,0 days 00:25:07.398000,0 days 00:01:00.526000,10646,225,6,100,False,8,car,3230.9677777777765,0.7544837242688517,3718,1547,2371,car,0 days 00:25:07.398000
2024-07-20 14:10:28.277,0 days 00:25:07.558000,0 days 00:01:00.686000,10838,229,6,100,False,8,car,3241.145555555554,0.7568604015404028,3649,1475,2370,car,0 days 00:25:07.558000
2024-07-20 14:10:28.597,0 days 00:25:07.878000,0 days 00:01:01.006000,10987,231,6,99,False,8,car,3261.6788888888873,0.761655270096982,3482,1303,2366,car,0 days 00:25:07.878000
2024-07-20 14:10:28.837,0 days 00:25:08.118000,0 days 00:01:01.246000,11082,235,6,100,False,8,car,3277.3455555555543,0.7653136925346317,3380,1198,2363,car,0 days 00:25:08.118000
2024-07-20 14:10:28.997,0 days 00:25:08.278000,0 days 00:01:01.406000,11242,237,6,100,False,8,car,3287.8788888888876,0.7677733978331366,3321,1136,2361,car,0 days 00:25:08.278000
2024-07-20 14:10:29.317,0 days 00:25:08.598000,0 days 00:01:01.726000,11379,240,6,100,False,8,car,3309.212222222221,0.7727550794503617,3107,915,2355,car,0 days 00:25:08.598000
2024-07-20 14:10:29.637,0 days 00:25:08.918000,0 days 00:01:02.046000,11515,244,6,99,False,8,car,3330.90111111111,0.7778197890945405,3017,820,2352,car,0 days 00:25:08.918000
2024-07-20 14:10:29.797,0 days 00:25:09.078000,0 days 00:01:02.206000,11579,245,6,100,False,8,car,3341.789999999999,0.7803625224199993,2960,760,2350,car,0 days 00:25:09.078000
2024-07-20 14:10:30.077,0 days 00:25:09.358000,0 days 00:01:02.486000,11696,247,6,100,False,8,car,3361.00111111111,0.784848630501344,2764,551,2345,car,0 days 00:25:09.358000
2024-07-20 14:10:30.277,0 days 00:25:09.558000,0 days 00:01:02.686000,11491,248,6,0,False,8,car,3374.7788888888876,0.788065966545802,2678,458,2342,car,0 days 00:25:09.558000
2024-07-20 14:10:30.437,0 days 00:25:09.718000,0 days 00:01:02.846000,11491,243,6,0,False,8,car,3385.5788888888874,0.790587942864522,2650,427,2342,car,0 days 00:25:09.718000
2024-07-20 14:10:30.597,0 days 00:25:09.878000,0 days 00:01:03.006000,10941,241,6,0,True,8,car,3396.2899999999986,0.7930891621765038,2577,344,2339,car,0 days 00:25:09.878000
2024-07-20 14:10:30.797,0 days 00:25:10.078000,0 days 00:01:03.206000,10379,229,6,0,True,8,car,3409.012222222221,0.7960600087659429,2478,231,2336,car,0 days 00:25:10.078000
2024-07-20 14:10:31.117,0 days 00:25:10.398000,0 days 00:01:03.526000,10226,214,6,0,True,8,car,3428.0344444444436,0.8005020082079686,2369,102,2334,car,0 days 00:25:10.398000
2024-07-20 14:10:31.556,0 days 00:25:10.837000,0 days 00:01:03.965000,10765,168,5,0,True,8,car,3448.5211111111103,0.8052859793360101,2253,-35,2330,car,0 days 00:25:10.837000
2024-07-20 14:10:31.756,0 days 00:25:11.037000,0 days 00:01:04.165000,11171,154,5,0,True,8,car,3457.076666666666,0.8072838412345847,2193,-102,2328,car,0 days 00:25:11.037000
2024-07-20 14:10:32.116,0 days 00:25:11.397000,0 days 00:01:04.525000,9453,138,3,0,True,8,car,3470.876666666666,0.8105063665307273,2062,-213,2324,car,0 days 00:25:11.397000
2024-07-20 14:10:32.356,0 days 00:25:11.637000,0 days 00:01:04.765000,8637,125,3,0,True,8,car,3479.209999999999,0.8124523359124558,1985,-263,2321,car,0 days 00:25:11.637000
2024-07-20 14:10:32.716,0 days 00:25:11.997000,0 days 00:01:05.125000,8141,116,3,0,True,8,car,3490.809999999999,0.8151611252918219,1909,-290,2319,car,0 days 00:25:11.997000
2024-07-20 14:10:33.196,0 days 00:25:12.477000,0 days 00:01:05.605000,7791,109,3,6,False,8,car,3505.3433333333323,0.8185548958935565,1770,-296,2316,car,0 days 00:25:12.477000
2024-07-20 14:10:33.516,0 days 00:25:12.797000,0 days 00:01:05.925000,7738,106,3,17,False,8,car,3514.7655555555543,0.8207551386078309,1650,-255,2313,car,0 days 00:25:12.797000
2024-07-20 14:10:33.676,0 days 00:25:12.957000,0 days 00:01:06.085000,7768,104,3,17,False,8,car,3519.3877777777766,0.8218345029582297,1616,-233,2313,car,0 days 00:25:12.957000
2024-07-20 14:10:33.916,0 days 00:25:13.197000,0 days 00:01:06.325000,7975,105,3,38,False,8,car,3526.387777777777,0.8234691172388817,1573,-200,2312,car,0 days 00:25:13.197000
2024-07-20 14:10:34.116,0 days 00:25:13.397000,0 days 00:01:06.525000,8242,108,3,44,False,8,car,3532.387777777777,0.8248702151937263,1538,-170,2310,car,0 days 00:25:13.397000
2024-07-20 14:10:34.276,0 days 00:25:13.557000,0 days 00:01:06.685000,8654,112,3,51,False,8,car,3537.3655555555547,0.8260326075710788,1507,-142,2310,car,0 days 00:25:13.557000
2024-07-20 14:10:34.556,0 days 00:25:13.837000,0 days 00:01:06.965000,9278,120,3,60,False,8,car,3546.698888888888,0.8282120932786148,1410,-36,2308,car,0 days 00:25:13.837000
2024-07-20 14:10:34.797,0 days 00:25:14.078000,0 days 00:01:07.206000,9821,126,3,68,False,8,car,3555.133888888888,0.8301818034868005,1358,23,2306,car,0 days 00:25:14.078000
2024-07-20 14:10:35.117,0 days 00:25:14.398000,0 days 00:01:07.526000,10666,138,3,99,False,8,car,3567.4005555555545,0.8330462704167048,1311,81,2304,car,0 days 00:25:14.398000
2024-07-20 14:10:35.397,0 days 00:25:14.678000,0 days 00:01:07.806000,9951,151,3,99,False,8,car,3579.144999999999,0.8357887899320209,1223,189,2302,car,0 days 00:25:14.678000
2024-07-20 14:10:35.597,0 days 00:25:14.878000,0 days 00:01:08.006000,10017,157,4,99,False,8,car,3587.8672222222212,0.8378255712182301,1165,261,2299,car,0 days 00:25:14.878000
2024-07-20 14:10:35.837,0 days 00:25:15.118000,0 days 00:01:08.246000,10616,168,4,99,False,8,car,3599.067222222221,0.8404409540672733,1109,327,2298,car,0 days 00:25:15.118000
2024-07-20 14:10:36.037,0 days 00:25:15.318000,0 days 00:01:08.446000,10972,174,4,99,False,8,car,3608.733888888888,0.8426982785500785,1047,399,2296,car,0 days 00:25:15.318000
2024-07-20 14:10:36.197,0 days 00:25:15.478000,0 days 00:01:08.606000,11333,177,4,99,False,8,car,3616.6005555555544,0.8445352736464301,998,456,2295,car,0 days 00:25:15.478000
2024-07-20 14:10:36.397,0 days 00:25:15.678000,0 days 00:01:08.806000,11653,180,4,99,False,8,car,3626.6005555555544,0.8468704369045044,902,564,2293,car,0 days 00:25:15.678000
2024-07-20 14:10:36.597,0 days 00:25:15.878000,0 days 00:01:09.006000,11373,189,4,99,False,8,car,3637.1005555555544,0.8493223583254824,826,646,2292,car,0 days 00:25:15.878000
2024-07-20 14:10:36.797,0 days 00:25:16.078000,0 days 00:01:09.206000,10531,193,5,99,False,8,car,3647.8227777777765,0.8518261722633065,783,692,2291,car,0 days 00:25:16.078000
2024-07-20 14:10:36.997,0 days 00:25:16.278000,0 days 00:01:09.406000,10448,197,5,0,True,8,car,3658.7672222222213,0.8543818787179767,724,757,2290,car,0 days 00:25:16.278000
2024-07-20 14:10:37.197,0 days 00:25:16.478000,0 days 00:01:09.606000,9989,190,5,0,True,8,car,3669.322777777776,0.856846773268166,596,879,2289,car,0 days 00:25:16.478000
2024-07-20 14:10:37.517,0 days 00:25:16.798000,0 days 00:01:09.926000,10485,185,5,0,True,8,car,3685.767222222221,0.8606868195147771,505,960,2290,car,0 days 00:25:16.798000
2024-07-20 14:10:37.677,0 days 00:25:16.958000,0 days 00:01:10.086000,10462,166,4,0,True,8,car,3693.1449999999986,0.8624096510740674,452,989,2290,car,0 days 00:25:16.958000
2024-07-20 14:10:37.917,0 days 00:25:17.198000,0 days 00:01:10.326000,10399,151,4,0,True,8,car,3703.211666666665,0.8647603820871955,328,1057,2289,car,0 days 00:25:17.198000
2024-07-20 14:10:38.316,0 days 00:25:17.597000,0 days 00:01:10.725000,10673,134,3,0,True,8,car,3718.063333333332,0.8682284887193122,218,1081,2290,car,0 days 00:25:17.597000
2024-07-20 14:10:38.756,0 days 00:25:18.037000,0 days 00:01:11.165000,9581,121,2,0,True,8,car,3732.8522222222214,0.8716819357154199,54,1091,2291,car,0 days 00:25:18.037000
2024-07-20 14:10:39.036,0 days 00:25:18.317000,0 days 00:01:11.445000,9127,110,2,0,True,8,car,3741.4077777777766,0.8736797976139945,-3,1072,2291,car,0 days 00:25:18.317000
2024-07-20 14:10:39.236,0 days 00:25:18.517000,0 days 00:01:11.645000,8777,106,2,0,True,8,car,3747.2966666666657,0.875054949310416,-74,1040,2293,car,0 days 00:25:18.517000
2024-07-20 14:10:39.476,0 days 00:25:18.757000,0 days 00:01:11.885000,8367,102,2,0,True,8,car,3754.096666666666,0.8766428603259065,-146,991,2295,car,0 days 00:25:18.757000
2024-07-20 14:10:39.716,0 days 00:25:18.997000,0 days 00:01:12.125000,8168,99,2,0,False,8,car,3760.696666666666,0.8781840680762355,-185,946,2296,car,0 days 00:25:18.997000
2024-07-20 14:10:39.996,0 days 00:25:19.277000,0 days 00:01:12.405000,8030,97,2,3,False,8,car,3768.24111111111,0.8799458190231604,-213,903,2298,car,0 days 00:25:19.277000
2024-07-20 14:10:40.276,0 days 00:25:19.557000,0 days 00:01:12.685000,7990,92,2,16,False,8,car,3775.3966666666656,0.8816167580656047,-239,849,2299,car,0 days 00:25:19.557000
2024-07-20 14:10:40.636,0 days 00:25:19.917000,0 days 00:01:13.045000,8191,93,2,21,False,8,car,3784.696666666666,0.8837884598956138,-265,716,2302,car,0 days 00:25:19.917000
2024-07-20 14:10:40.996,0 days 00:25:20.277000,0 days 00:01:13.405000,8338,94,2,29,False,8,car,3794.096666666666,0.8859835133582036,-259,657,2303,car,0 days 00:25:20.277000
2024-07-20 14:10:41.397,0 days 00:25:20.678000,0 days 00:01:13.806000,8831,96,2,39,False,8,car,3804.789999999999,0.8884805812688377,-229,557,2307,car,0 days 00:25:20.678000
2024-07-20 14:10:41.557,0 days 00:25:20.838000,0 days 00:01:13.966000,9092,96,2,41,False,8,car,3809.0566666666655,0.8894769175922826,-197,496,2310,car,0 days 00:25:20.838000
2024-07-20 14:10:41.837,0 days 00:25:21.118000,0 days 00:01:14.246000,9270,106,2,47,False,8,car,3817.30111111111,0.8914021299672727,-156,431,2311,car,0 days 00:25:21.118000
2024-07-20 14:10:42.037,0 days 00:25:21.318000,0 days 00:01:14.446000,9969,111,2,57,False,8,car,3823.467777777777,0.892842147309752,-131,404,2312,car,0 days 00:25:21.318000
2024-07-20 14:10:42.277,0 days 00:25:21.558000,0 days 00:01:14.686000,10830,114,2,62,False,8,car,3831.0677777777773,0.8946168713858885,-68,339,2318,car,0 days 00:25:21.558000
2024-07-20 14:10:42.477,0 days 00:25:21.758000,0 days 00:01:14.886000,11544,129,2,71,False,8,car,3838.2344444444434,0.8962904050541749,15,263,2322,car,0 days 00:25:21.758000
2024-07-20 14:10:42.677,0 days 00:25:21.958000,0 days 00:01:15.086000,11634,129,2,75,False,8,car,3845.4011111111104,0.8979639387224615,47,236,2325,car,0 days 00:25:21.958000
2024-07-20 14:10:42.837,0 days 00:25:22.118000,0 days 00:01:15.246000,10439,140,3,100,False,8,car,3851.6233333333325,0.8994169291941522,78,214,2327,car,0 days 00:25:22.118000
2024-07-20 14:10:43.037,0 days 00:25:22.318000,0 days 00:01:15.446000,10933,148,3,99,False,8,car,3859.8455555555547,0.9013369523174577,143,165,2330,car,0 days 00:25:22.318000
2024-07-20 14:10:43.197,0 days 00:25:22.478000,0 days 00:01:15.606000,10835,152,3,99,False,8,car,3866.60111111111,0.9029144848295789,205,121,2334,car,0 days 00:25:22.478000
2024-07-20 14:10:43.397,0 days 00:25:22.678000,0 days 00:01:15.806000,10220,158,3,100,False,8,car,3875.378888888888,0.9049642392449997,299,53,2338,car,0 days 00:25:22.678000
2024-07-20 14:10:43.677,0 days 00:25:22.958000,0 days 00:01:16.086000,9800,167,4,0,False,8,car,3888.367777777777,0.907997356854654,382,-5,2342,car,0 days 00:25:22.958000
2024-07-20 14:10:43.957,0 days 00:25:23.238000,0 days 00:01:16.366000,9856,164,4,0,False,8,car,3901.1233333333325,0.9109759873216198,477,-75,2347,car,0 days 00:25:23.238000
2024-07-20 14:10:44.277,0 days 00:25:23.558000,0 days 00:01:16.686000,9473,157,4,0,True,8,car,3915.0788888888883,0.9142348373795546,602,-168,2353,car,0 days 00:25:23.558000
2024-07-20 14:10:44.597,0 days 00:25:23.878000,0 days 00:01:17.006000,9007,151,4,0,True,8,car,3928.5011111111103,0.9173691453970586,715,-259,2359,car,0 days 00:25:23.878000
2024-07-20 14:10:44.757,0 days 00:25:24.038000,0 days 00:01:17.166000,9500,144,4,0,True,8,car,3934.9011111111104,0.9188636498822261,742,-283,2360,car,0 days 00:25:24.038000
2024-07-20 14:10:44.996,0 days 00:25:24.277000,0 days 00:01:17.405000,10394,137,4,0,True,8,car,3943.9963888888883,0.9209875457310909,816,-357,2363,car,0 days 00:25:24.277000
2024-07-20 14:10:45.316,0 days 00:25:24.597000,0 days 00:01:17.725000,10665,128,2,0,True,8,car,3955.374166666666,0.9236444425936109,924,-484,2369,car,0 days 00:25:24.597000
2024-07-20 14:10:45.516,0 days 00:25:24.797000,0 days 00:01:17.925000,10230,124,2,0,True,8,car,3962.263055555555,0.9252531106158398,939,-508,2369,car,0 days 00:25:24.797000
2024-07-20 14:10:45.796,0 days 00:25:25.077000,0 days 00:01:18.205000,9864,118,2,0,True,8,car,3971.440833333333,0.9273962715615836,977,-581,2370,car,0 days 00:25:25.077000
2024-07-20 14:10:45.996,0 days 00:25:25.277000,0 days 00:01:18.405000,9541,114,2,0,True,8,car,3977.7741666666666,0.9288752082916973,1001,-639,2372,car,0 days 00:25:25.277000
2024-07-20 14:10:46.356,0 days 00:25:25.637000,0 days 00:01:18.765000,9045,108,2,0,False,8,car,3988.5741666666668,0.9313971846104175,1033,-755,2375,car,0 days 00:25:25.637000
2024-07-20 14:10:46.516,0 days 00:25:25.797000,0 days 00:01:18.925000,8753,106,2,0,False,8,car,3993.285277777778,0.9324973059675549,1039,-794,2375,car,0 days 00:25:25.797000
2024-07-20 14:10:46.756,0 days 00:25:26.037000,0 days 00:01:19.165000,8541,103,2,0,False,8,car,4000.151944444445,0.9341007847380992,1043,-858,2376,car,0 days 00:25:26.037000
2024-07-20 14:10:46.956,0 days 00:25:26.237000,0 days 00:01:19.365000,8418,101,2,3,False,8,car,4005.7630555555556,0.935411070788463,1042,-915,2377,car,0 days 00:25:26.237000
2024-07-20 14:10:47.316,0 days 00:25:26.597000,0 days 00:01:19.725000,8539,97,2,18,False,8,car,4015.4630555555555,0.937676179148795,1030,-1019,2379,car,0 days 00:25:26.597000
2024-07-20 14:10:47.516,0 days 00:25:26.797000,0 days 00:01:19.925000,8434,97,2,18,False,8,car,4020.8519444444446,0.9389345726823128,999,-1018,2380,car,0 days 00:25:26.797000
2024-07-20 14:10:47.676,0 days 00:25:26.957000,0 days 00:01:20.085000,8505,97,2,17,False,8,car,4025.1630555555557,0.9399412875091271,964,-1003,2379,car,0 days 00:25:26.957000
2024-07-20 14:10:47.837,0 days 00:25:27.118000,0 days 00:01:20.246000,8450,98,2,16,False,8,car,4029.5458333333336,0.9409647376726242,939,-1015,2380,car,0 days 00:25:27.118000
2024-07-20 14:10:48.157,0 days 00:25:27.438000,0 days 00:01:20.566000,8471,97,2,14,False,8,car,4038.168055555556,0.9429781673262527,887,-1126,2379,car,0 days 00:25:27.438000
2024-07-20 14:10:48.397,0 days 00:25:27.678000,0 days 00:01:20.806000,8463,97,2,14,False,8,car,4044.6347222222225,0.9444882395664741,866,-1158,2380,car,0 days 00:25:27.678000
2024-07-20 14:10:48.557,0 days 00:25:27.838000,0 days 00:01:20.966000,8497,97,2,14,False,8,car,4048.9458333333337,0.9454949543932883,847,-1180,2379,car,0 days 00:25:27.838000
2024-07-20 14:10:48.957,0 days 00:25:28.238000,0 days 00:01:21.366000,8537,97,2,20,False,8,car,4059.7236111111115,0.948011741460324,765,-1257,2379,car,0 days 00:25:28.238000
2024-07-20 14:10:49.157,0 days 00:25:28.438000,0 days 00:01:21.566000,8515,97,2,25,False,8,car,4065.1125000000006,0.9492701349938418,720,-1287,2380,car,0 days 00:25:28.438000
2024-07-20 14:10:49.597,0 days 00:25:28.878000,0 days 00:01:22.006000,9014,101,2,37,False,8,car,4077.456944444445,0.9521527643046424,611,-1337,2380,car,0 days 00:25:28.878000
2024-07-20 14:10:49.837,0 days 00:25:29.118000,0 days 00:01:22.246000,9320,106,2,39,False,8,car,4084.5236111111117,0.9538029463403481,545,-1353,2379,car,0 days 00:25:29.118000
2024-07-20 14:10:50.197,0 days 00:25:29.478000,0 days 00:01:22.606000,8426,109,2,45,False,8,car,4095.4236111111118,0.9563482742916491,440,-1358,2379,car,0 days 00:25:29.478000
2024-07-20 14:10:50.357,0 days 00:25:29.638000,0 days 00:01:22.766000,8676,115,3,48,False,8,car,4100.5347222222235,0.9575418021791094,395,-1354,2379,car,0 days 00:25:29.638000
2024-07-20 14:10:50.677,0 days 00:25:29.958000,0 days 00:01:23.086000,9324,122,3,53,False,8,car,4111.3791666666675,0.9600741570011988,236,-1302,2380,car,0 days 00:25:29.958000
2024-07-20 14:10:50.877,0 days 00:25:30.158000,0 days 00:01:23.286000,9036,126,3,0,False,8,car,4118.3791666666675,0.9617087712818507,203,-1282,2380,car,0 days 00:25:30.158000
2024-07-20 14:10:51.157,0 days 00:25:30.438000,0 days 00:01:23.566000,8952,123,3,0,False,8,car,4127.945833333334,0.9639427441320751,146,-1237,2380,car,0 days 00:25:30.438000
2024-07-20 14:10:51.357,0 days 00:25:30.638000,0 days 00:01:23.766000,8911,122,3,0,False,8,car,4134.723611111112,0.9655254658958812,90,-1195,2380,car,0 days 00:25:30.638000
2024-07-20 14:10:51.557,0 days 00:25:30.838000,0 days 00:01:23.966000,9985,120,3,0,False,8,car,4141.3902777777785,0.9670822414012639,37,-1153,2380,car,0 days 00:25:30.838000
2024-07-20 14:10:51.756,0 days 00:25:31.037000,0 days 00:01:24.165000,10150,120,3,0,False,8,car,4148.023611111113,0.9686312330291199,-15,-1113,2380,car,0 days 00:25:31.037000
2024-07-20 14:10:52.116,0 days 00:25:31.397000,0 days 00:01:24.525000,9822,116,2,0,False,8,car,4159.623611111113,0.9713400224084862,-106,-1039,2380,car,0 days 00:25:31.397000
2024-07-20 14:10:52.276,0 days 00:25:31.557000,0 days 00:01:24.685000,9729,115,2,0,False,8,car,4164.734722222224,0.9725335502959463,-161,-994,2380,car,0 days 00:25:31.557000
2024-07-20 14:10:52.436,0 days 00:25:31.717000,0 days 00:01:24.845000,9565,113,2,0,False,8,car,4169.756944444446,0.9737063211766681,-199,-964,2380,car,0 days 00:25:31.717000
2024-07-20 14:10:52.716,0 days 00:25:31.997000,0 days 00:01:25.125000,9449,112,2,0,False,8,car,4178.468055555557,0.9757405078370349,-249,-924,2380,car,0 days 00:25:31.997000
2024-07-20 14:10:52.956,0 days 00:25:32.237000,0 days 00:01:25.365000,9239,109,2,0,False,8,car,4185.734722222223,0.9774373931379021,-308,-876,2380,car,0 days 00:25:32.237000
2024-07-20 14:10:53.196,0 days 00:25:32.477000,0 days 00:01:25.605000,9023,107,2,0,True,8,car,4192.868055555557,0.9791031429286617,-365,-831,2379,car,0 days 00:25:32.477000
2024-07-20 14:10:53.516,0 days 00:25:32.797000,0 days 00:01:25.925000,8252,100,2,0,True,8,car,4201.756944444445,0.9811788436025055,-432,-777,2380,car,0 days 00:25:32.797000
2024-07-20 14:10:53.876,0 days 00:25:33.157000,0 days 00:01:26.285000,7117,87,2,0,True,8,car,4210.456944444445,0.98321043563703,-521,-704,2380,car,0 days 00:25:33.157000
2024-07-20 14:10:54.356,0 days 00:25:33.637000,0 days 00:01:26.765000,6042,72,2,0,True,8,car,4220.056944444445,0.9854521923647814,-587,-651,2380,car,0 days 00:25:33.637000
2024-07-20 14:10:54.677,0 days 00:25:33.958000,0 days 00:01:27.086000,7063,65,2,0,True,8,car,4225.852777777779,0.9868056140697737,-641,-607,2380,car,0 days 00:25:33.958000
2024-07-20 14:10:54.837,0 days 00:25:34.118000,0 days 00:01:27.246000,6853,61,1,0,True,8,car,4228.56388888889,0.987438702775296,-655,-595,2380,car,0 days 00:25:34.118000
2024-07-20 14:10:55.157,0 days 00:25:34.438000,0 days 00:01:27.566000,6402,58,1,0,False,8,car,4233.719444444446,0.9886426091661255,-693,-564,2380,car,0 days 00:25:34.438000
2024-07-20 14:10:55.597,0 days 00:25:34.878000,0 days 00:01:28.006000,6264,55,1,5,False,8,car,4240.441666666668,0.9902123578007199,-747,-520,2380,car,0 days 00:25:34.878000
2024-07-20 14:10:55.837,0 days 00:25:35.118000,0 days 00:01:28.246000,5846,54,1,0,False,8,car,4244.041666666669,0.9910530165736268,-779,-493,2380,car,0 days 00:25:35.118000
2024-07-20 14:10:56.037,0 days 00:25:35.318000,0 days 00:01:28.446000,4612,54,1,0,False,8,car,4247.041666666669,0.991753565551049,-798,-477,2380,car,0 days 00:25:35.318000
2024-07-20 14:10:56.317,0 days 00:25:35.598000,0 days 00:01:28.726000,4451,53,0,0,False,8,car,4251.163888888891,0.9927161717385441,-829,-452,2380,car,0 days 00:25:35.598000
2024-07-20 14:10:56.517,0 days 00:25:35.798000,0 days 00:01:28.926000,4304,53,0,0,False,8,car,4254.108333333335,0.9934037475867549,-852,-434,2380,car,0 days 00:25:35.798000
2024-07-20 14:10:56.717,0 days 00:25:35.998000,0 days 00:01:29.126000,4245,52,0,0,False,8,car,4256.997222222224,0.994078350305754,-874,-415,2379,car,0 days 00:25:35.998000
2024-07-20 14:10:57.037,0 days 00:25:36.318000,0 days 00:01:29.446000,4177,52,0,0,False,8,car,4261.619444444446,0.9951577146561528,-910,-386,2380,car,0 days 00:25:36.318000
2024-07-20 14:10:57.277,0 days 00:25:36.558000,0 days 00:01:29.686000,4148,51,0,0,False,8,car,4265.019444444447,0.9959516701638982,-946,-357,2379,car,0 days 00:25:36.558000
2024-07-20 14:10:57.517,0 days 00:25:36.798000,0 days 00:01:29.926000,4082,51,0,0,True,8,car,4268.4194444444465,0.9967456256716434,-962,-343,2380,car,0 days 00:25:36.798000
2024-07-20 14:10:57.837,0 days 00:25:37.118000,0 days 00:01:30.246000,4098,43,0,0,True,8,car,4272.241666666669,0.9976381769613961,-1006,-307,2380,car,0 days 00:25:37.118000
2024-07-20 14:10:58.077,0 days 00:25:37.358000,0 days 00:01:30.486000,4130,38,0,0,True,8,car,4274.775000000002,0.9982297516534417,-1016,-299,2379,car,0 days 00:25:37.358000
2024-07-20 14:10:58.237,0 days 00:25:37.518000,0 days 00:01:30.646000,4110,32,0,0,True,8,car,4276.197222222225,0.9985618637612568,-1024,-292,2380,car,0 days 00:25:37.518000
2024-07-20 14:10:58.396,0 days 00:25:37.677000,0 days 00:01:30.805000,4075,29,0,0,True,8,car,4277.478055555558,0.9988609592552284,-1036,-283,2380,car,0 days 00:25:37.677000
2024-07-20 14:10:58.636,0 days 00:25:37.917000,0 days 00:01:31.045000,3994,20,0,0,True,8,car,4278.811388888891,0.9991723143563049,-1047,-274,2380,car,0 days 00:25:37.917000
2024-07-20 14:10:58.796,0 days 00:25:38.077000,0 days 00:01:31.205000,4002,18,0,0,True,8,car,4279.611388888891,0.9993591274169509,-1053,-269,2380,car,0 days 00:25:38.077000
2024-07-20 14:10:58.996,0 days 00:25:38.277000,0 days 00:01:31.405000,4054,13,0,0,True,8,car,4280.333611111114,0.9995277780967008,-1059,-264,2380,car,0 days 00:25:38.277000
2024-07-20 14:10:59.316,0 days 00:25:38.597000,0 days 00:01:31.725000,4056,8,0,0,True,8,car,4281.044722222225,0.9996938341506082,-1064,-259,2380,car,0 days 00:25:38.597000
2024-07-20 14:10:59.756,0 days 00:25:39.037000,0 days 00:01:32.165000,3741,0,0,0,False,8,car,4281.044722222225,0.9996938341506082,-1068,-256,2379,car,0 days 00:25:39.037000
2024-07-20 14:10:59.996,0 days 00:25:39.277000,0 days 00:01:32.405000,3978,0,0,0,False,8,car,4281.044722222225,0.9996938341506082,-1067,-257,2380,car,0 days 00:25:39.277000
2024-07-20 14:11:00.236,0 days 00:25:39.517000,0 days 00:01:32.645000,3666,0,0,0,False,8,car,4281.044722222225,0.9996938341506082,-1068,-256,2380,car,0 days 00:25:39.517000
2024-07-20 14:11:00.436,0 days 00:25:39.717000,0 days 00:01:32.845000,3588,0,0,0,False,8,car,4281.044722222225,0.9996938341506082,-1067,-257,2380,car,0 days 00:25:39.717000
2024-07-20 14:11:00.716,0 days 00:25:39.997000,0 days 00:01:33.125000,2620,0,0,0,False,8,car,4281.044722222225,0.9996938341506082,-1068,-256,2380,car,0 days 00:25:39.997000
2024-07-20 14:11:01.077,0 days 00:25:40.358000,0 days 00:01:33.486000,1008,0,0,0,False,8,car,4281.044722222225,0.9996938341506082,-1067,-257,2379,car,0 days 00:25:40.358000
2024-07-20 14:11:01.397,0 days 00:25:40.678000,0 days 00:01:33.806000,0,0,0,0,False,8,car,4281.044722222225,0.9996938341506082,-1068,-256,2380,car,0 days 00:25:40.678000
2024-07-20 14:11:01.677,0 days 00:25:40.958000,0 days 00:01:34.086000,0,0,0,0,False,8,car,4281.044722222225,0.9996938341506082,-1067,-257,2379,car,0 days 00:25:40.958000
2024-07-20 14:11:01.997,0 days 00:25:41.278000,0 days 00:01:34.406000,0,0,0,0,False,8,car,4281.044722222225,0.9996938341506082,-1067,-257,2379,car,0 days 00:25:41.278000
2024-07-20 14:11:02.197,0 days 00:25:41.478000,0 days 00:01:34.606000,0,0,0,0,False,8,car,4281.044722222225,0.9996938341506082,-1067,-257,2380,car,0 days 00:25:41.478000
2024-07-20 14:11:02.477,0 days 00:25:41.758000,0 days 00:01:34.886000,0,0,0,0,False,8,car,4281.044722222225,0.9996938341506082,-1068,-256,2380,car,0 days 00:25:41.758000
2024-07-20 14:11:02.677,0 days 00:25:41.958000,0 days 00:01:35.086000,0,0,0,0,False,8,car,4281.044722222225,0.9996938341506082,-1067,-257,2380,car,0 days 00:25:41.958000
2024-07-20 14:11:02.917,0 days 00:25:42.198000,0 days 00:01:35.326000,0,0,0,0,False,8,car,4281.044722222225,0.9996938341506082,-1068,-256,2380,car,0 days 00:25:42.198000
2024-07-20 14:11:03.197,0 days 00:25:42.478000,0 days 00:01:35.606000,0,0,0,0,False,8,car,4281.044722222225,0.9996938341506082,-1068,-256,2380,car,0 days 00:25:42.478000
2024-07-20 14:11:03.357,0 days 00:25:42.638000,0 days 00:01:35.766000,0,2,0,0,False,8,car,4281.133611111113,0.9997145911573466,-1068,-256,2380,car,0 days 00:25:42.638000
2024-07-20 14:11:03.557,0 days 00:25:42.838000,0 days 00:01:35.966000,0,2,0,0,False,8,car,4281.2447222222245,0.9997405374157697,-1160,-181,2380,car,0 days 00:25:42.838000
2024-07-20 14:11:03.717,0 days 00:25:42.998000,0 days 00:01:36.126000,0,2,0,0,False,8,car,4281.333611111113,0.999761294422508,-1230,-124,2380,car,0 days 00:25:42.998000
2024-07-20 14:11:04.037,0 days 00:25:43.318000,0 days 00:01:36.446000,0,3,0,0,False,8,car,4281.600277777779,0.9998235654427233,-1205,-144,2380,car,0 days 00:25:43.318000
2024-07-20 14:11:04.437,0 days 00:25:43.718000,0 days 00:01:36.846000,0,4,0,0,False,8,car,4282.044722222224,0.9999273504764155,-1206,-143,2380,car,0 days 00:25:43.718000
