Date_x,SessionTime_x,Time,RPM_x,Speed_x,nGear_x,Throttle_x,Brake_x,DRS_x,Source_x,Distance,RelativeDistance,X,Y,Z,Source_y,SessionTime_y
2024-04-07 06:03:33.456,0 days 02:02:31.822000,0 days 00:00:00.054000,10638,264,7,99,False,0,car,4.551666666666659,0.0007875279336677122,1811.0002616753582,-973.7270901578866,738.8451897599673,car,0 days 02:02:31.822000
2024-04-07 06:03:33.816,0 days 02:02:32.182000,0 days 00:00:00.414000,10811,269,7,99,False,0,car,31.451666666666654,0.005441757464754089,1929.130474081403,-1112.785407482321,733.5130511966184,car,0 days 02:02:32.182000
2024-04-07 06:03:34.096,0 days 02:02:32.462000,0 days 00:00:00.694000,10928,272,7,99,False,0,car,52.607222222222205,0.009102085026583275,2037.4585539423626,-1239.3566943045216,728.5566632551199,car,0 days 02:02:32.462000
2024-04-07 06:03:34.296,0 days 02:02:32.662000,0 days 00:00:00.894000,11021,275,7,99,False,0,car,67.88499999999999,0.011745441327799208,2136.995956173204,-1356.0078883525532,723.6823843720941,car,0 days 02:02:32.662000
2024-04-07 06:03:34.575,0 days 02:02:32.941000,0 days 00:00:01.173000,11112,277,7,99,False,0,car,89.35249999999999,0.015459741419196859,2310.7930428591953,-1558.619948445418,716.1872473821687,car,0 days 02:02:32.941000
2024-04-07 06:03:34.895,0 days 02:02:33.261000,0 days 00:00:01.493000,11209,280,7,99,False,0,car,114.24138888888888,0.019766009138995903,2491.45901856159,-1769.3746012932106,708.9919701488298,car,0 days 02:02:33.261000
2024-04-07 06:03:35.255,0 days 02:02:33.621000,0 days 00:00:01.853000,11328,282,7,99,False,0,car,142.44138888888887,0.024645164260803924,2637.8871502452466,-1940.3022666085606,702.615255146186,car,0 days 02:02:33.621000
2024-04-07 06:03:35.455,0 days 02:02:33.821000,0 days 00:00:02.053000,11385,284,7,99,False,0,car,158.21916666666664,0.0273750304046051,2723.271704851936,-2039.1253503343398,698.6435412448415,car,0 days 02:02:33.821000
2024-04-07 06:03:35.655,0 days 02:02:34.021000,0 days 00:00:02.253000,11434,285,7,99,False,0,car,174.05249999999998,0.030114508753137977,2841.060133392559,-2177.8665419530453,693.2578356811233,car,0 days 02:02:34.021000
2024-04-07 06:03:35.935,0 days 02:02:34.301000,0 days 00:00:02.533000,11496,286,7,99,False,0,car,196.29694444444442,0.03396323552770837,2977.5365111519304,-2338.142750972071,687.5086737469901,car,0 days 02:02:34.301000
2024-04-07 06:03:36.095,0 days 02:02:34.461000,0 days 00:00:02.693000,11521,288,7,99,False,0,car,209.09694444444443,0.03617788749789074,3051.879267201525,-2424.871542015272,684.5814622273425,car,0 days 02:02:34.461000
2024-04-07 06:03:36.255,0 days 02:02:34.621000,0 days 00:00:02.853000,11561,289,7,99,False,0,car,221.9413888888889,0.038400229231858464,3137.2990146977945,-2524.6706825571046,681.1513830842375,car,0 days 02:02:34.621000
2024-04-07 06:03:36.495,0 days 02:02:34.861000,0 days 00:00:03.093000,11596,290,7,99,False,0,car,241.2747222222222,0.04174527647848807,3263.0303379084753,-2671.710001129233,675.6916112264566,car,0 days 02:02:34.861000
2024-04-07 06:03:36.735,0 days 02:02:35.101000,0 days 00:00:03.333000,11676,290,7,99,False,0,car,260.60805555555555,0.04509032372511769,3388.3845614618676,-2817.402193942306,669.735244996445,car,0 days 02:02:35.101000
2024-04-07 06:03:37.175,0 days 02:02:35.541000,0 days 00:00:03.773000,11277,293,7,99,False,0,car,296.4191666666667,0.05128635089516784,3694.55759392563,-3174.7722809348793,657.2056660269673,car,0 days 02:02:35.541000
2024-04-07 06:03:37.375,0 days 02:02:35.741000,0 days 00:00:03.973000,10248,293,7,99,False,0,car,312.69694444444445,0.054102726881554264,3745.6673772280938,-3235.7366894815814,654.3636346261206,car,0 days 02:02:35.741000
2024-04-07 06:03:37.575,0 days 02:02:35.941000,0 days 00:00:04.173000,10375,294,8,99,False,0,car,329.0302777777778,0.056928715072672394,3835.4742751388812,-3341.587900723005,650.1665729510186,car,0 days 02:02:35.941000
2024-04-07 06:03:37.735,0 days 02:02:36.101000,0 days 00:00:04.333000,10451,295,8,99,False,0,car,342.14138888888897,0.05919719538935225,3962.9856141186447,-3490.962467907377,644.8501211078963,car,0 days 02:02:36.101000
2024-04-07 06:03:38.015,0 days 02:02:36.381000,0 days 00:00:04.613000,10482,295,8,99,False,0,car,365.0858333333334,0.063167035943542,4109.900249509785,-3664.2601861127605,639.2540877438158,car,0 days 02:02:36.381000
2024-04-07 06:03:38.175,0 days 02:02:36.541000,0 days 00:00:04.773000,10502,294,8,99,False,0,car,378.15250000000003,0.06542782649643648,4169.006085146989,-3734.535383413422,637.1694922756672,car,0 days 02:02:36.541000
2024-04-07 06:03:39.056,0 days 02:02:37.422000,0 days 00:00:05.654000,10485,295,8,99,False,0,car,450.3455555555556,0.07791864624015493,4704.375234573472,-4363.316799366957,613.687491112745,car,0 days 02:02:37.422000
2024-04-07 06:03:39.296,0 days 02:02:37.662000,0 days 00:00:05.894000,10479,295,8,99,False,0,car,470.0122222222223,0.08132136671517472,4771.438788367848,-4443.188847635267,611.054415214392,car,0 days 02:02:37.662000
2024-04-07 06:03:39.456,0 days 02:02:37.822000,0 days 00:00:06.054000,10455,295,8,99,False,0,car,483.12333333333345,0.08358984703185458,4841.11647378838,-4525.052523740911,607.7755315574207,car,0 days 02:02:37.822000
2024-04-07 06:03:39.616,0 days 02:02:37.982000,0 days 00:00:06.214000,10455,294,8,99,False,0,car,496.1900000000001,0.08585063758474908,4931.661415634344,-4630.7776325523155,603.7561776839524,car,0 days 02:02:37.982000
2024-04-07 06:03:39.856,0 days 02:02:38.222000,0 days 00:00:06.454000,10426,294,8,99,False,0,car,515.7900000000001,0.08924182341409082,5058.5140172836045,-4779.070395740295,599.1124795032407,car,0 days 02:02:38.222000
2024-04-07 06:03:40.136,0 days 02:02:38.502000,0 days 00:00:06.734000,10410,294,8,99,False,0,car,538.6566666666668,0.09319820688165618,5226.963164348554,-4977.652527969717,591.1924017239924,car,0 days 02:02:38.502000
2024-04-07 06:03:40.536,0 days 02:02:38.902000,0 days 00:00:07.134000,10384,293,8,99,False,0,car,571.2122222222223,0.09883095885442904,5462.0505740263525,-5255.847119738777,582.5257757347424,car,0 days 02:02:38.902000
2024-04-07 06:03:40.736,0 days 02:02:39.102000,0 days 00:00:07.334000,10360,292,8,99,False,0,car,587.4344444444445,0.10163772263608377,5532.551882602851,-5340.176090142532,579.3011963763747,car,0 days 02:02:39.102000
2024-04-07 06:03:41.016,0 days 02:02:39.382000,0 days 00:00:07.614000,10345,292,8,99,False,0,car,610.1455555555556,0.1055671919304004,5663.237069697181,-5496.167616297816,573.5859212173124,car,0 days 02:02:39.382000
2024-04-07 06:03:41.335,0 days 02:02:39.701000,0 days 00:00:07.933000,10308,290,8,99,False,0,car,635.8427777777778,0.11001331722904559,5906.348356895522,-5807.6675491836895,563.4816198855264,car,0 days 02:02:39.701000
2024-04-07 06:03:41.495,0 days 02:02:39.861000,0 days 00:00:08.093000,10306,289,8,100,False,0,car,648.6872222222222,0.11223565896301331,5959.2344956645475,-5887.512149832401,560.4807274977916,car,0 days 02:02:39.861000
2024-04-07 06:03:41.655,0 days 02:02:40.021000,0 days 00:00:08.253000,10045,286,8,41,True,0,car,661.3983333333333,0.11443493140562495,5974.764108657136,-5935.16059136246,558.4982357082977,car,0 days 02:02:40.021000
2024-04-07 06:03:41.935,0 days 02:02:40.301000,0 days 00:00:08.533000,9879,277,8,7,True,0,car,682.9427777777777,0.118162544400576,6029.264338579997,-6121.440865619774,552.6757952945451,car,0 days 02:02:40.301000
2024-04-07 06:03:42.215,0 days 02:02:40.581000,0 days 00:00:08.813000,9926,253,8,10,True,0,car,702.6205555555555,0.12156718731654212,6051.489866548352,-6380.816829010853,546.0446915746741,car,0 days 02:02:40.581000
2024-04-07 06:03:42.575,0 days 02:02:40.941000,0 days 00:00:09.173000,10617,227,6,9,True,0,car,725.3205555555554,0.1254947341699124,6019.496301241312,-6569.821585056124,543.1700685863591,car,0 days 02:02:40.941000
2024-04-07 06:03:42.935,0 days 02:02:41.301000,0 days 00:00:09.533000,10549,199,5,10,True,0,car,745.2205555555554,0.1289378259048053,5968.758435707975,-6765.1834054915635,541.9284629520996,car,0 days 02:02:41.301000
2024-04-07 06:03:43.095,0 days 02:02:41.461000,0 days 00:00:09.693000,11528,194,5,10,True,0,car,753.8427777777777,0.13042964007916424,5948.936014237253,-6835.539034078056,542.0223840062388,car,0 days 02:02:41.461000
2024-04-07 06:03:43.335,0 days 02:02:41.701000,0 days 00:00:09.933000,11147,179,5,10,True,0,car,765.776111111111,0.1324943416555322,5903.045827105975,-6950.999463078593,541.947031480344,car,0 days 02:02:41.701000
2024-04-07 06:03:43.575,0 days 02:02:41.941000,0 days 00:00:10.173000,10271,169,4,12,True,0,car,777.0427777777777,0.1344436967751198,5852.817188261602,-7051.740650271516,542.29032344636,car,0 days 02:02:41.941000
2024-04-07 06:03:43.815,0 days 02:02:42.181000,0 days 00:00:10.413000,9856,161,4,10,True,0,car,787.776111111111,0.13630077472928315,5814.44941997688,-7096.379985020024,543.6109666018725,car,0 days 02:02:42.181000
2024-04-07 06:03:44.135,0 days 02:02:42.501000,0 days 00:00:10.733000,9208,153,4,9,True,0,car,801.3761111111111,0.1386538424476019,5707.37606402663,-7194.863177005767,544.9513078465785,car,0 days 02:02:42.501000
2024-04-07 06:03:44.455,0 days 02:02:42.821000,0 days 00:00:11.053000,9003,143,4,3,False,0,car,814.0872222222222,0.14085311489021354,5578.03902388311,-7259.422598792275,547.825357812773,car,0 days 02:02:42.821000
2024-04-07 06:03:44.855,0 days 02:02:43.221000,0 days 00:00:11.453000,8722,139,4,48,False,0,car,829.5316666666665,0.14352530780562456,5415.867201864956,-7302.7497182451725,549.8617068765549,car,0 days 02:02:43.221000
2024-04-07 06:03:45.015,0 days 02:02:43.381000,0 days 00:00:11.613000,8876,139,4,54,False,0,car,835.7094444444443,0.14459418497178897,5379.5155428435355,-7304.256067185515,551.1534629544904,car,0 days 02:02:43.381000
2024-04-07 06:03:45.215,0 days 02:02:43.581000,0 days 00:00:11.813000,8897,141,4,57,False,0,car,843.5427777777777,0.14594950583895785,5300.985857772232,-7306.711041096329,553.5516847587069,car,0 days 02:02:43.581000
2024-04-07 06:03:45.416,0 days 02:02:43.782000,0 days 00:00:12.014000,9195,142,4,63,False,0,car,851.471111111111,0.14732126357621794,5222.83650483155,-7299.194334963375,555.7517677749712,car,0 days 02:02:43.782000
2024-04-07 06:03:45.616,0 days 02:02:43.982000,0 days 00:00:12.214000,9305,144,4,63,False,0,car,859.471111111111,0.14870542105758192,5144.986462252209,-7284.165941498151,558.6544256752778,car,0 days 02:02:43.982000
2024-04-07 06:03:45.856,0 days 02:02:44.222000,0 days 00:00:12.454000,9661,150,4,67,False,0,car,869.471111111111,0.1504356179092869,5051.680865152264,-7252.123057352863,561.2397901563405,car,0 days 02:02:44.222000
2024-04-07 06:03:46.056,0 days 02:02:44.422000,0 days 00:00:12.654000,9866,153,4,71,False,0,car,877.971111111111,0.15190628523323613,4964.459183521196,-7204.665213409275,565.2878908304252,car,0 days 02:02:44.422000
2024-04-07 06:03:46.376,0 days 02:02:44.742000,0 days 00:00:12.974000,10277,158,4,74,False,0,car,892.0155555555555,0.15433625058940845,4861.825085796713,-7118.923121480287,568.0272790015014,car,0 days 02:02:44.742000
2024-04-07 06:03:46.616,0 days 02:02:44.982000,0 days 00:00:13.214000,10691,163,4,81,False,0,car,902.8822222222221,0.15621639783492786,4770.649475019309,-7022.428880191518,570.734030525316,car,0 days 02:02:44.982000
2024-04-07 06:03:46.856,0 days 02:02:45.222000,0 days 00:00:13.454000,11539,172,4,99,False,0,car,914.3488888888888,0.15820035689154957,4723.226336621476,-6953.165483751472,571.3969402052898,car,0 days 02:02:45.222000
2024-04-07 06:03:47.096,0 days 02:02:45.462000,0 days 00:00:13.694000,11757,176,4,99,False,0,car,926.0822222222222,0.16023045453088341,4665.081681338437,-6863.684080436774,573.7307375968467,car,0 days 02:02:45.462000
2024-04-07 06:03:47.376,0 days 02:02:45.742000,0 days 00:00:13.974000,10516,190,4,99,False,0,car,940.8599999999999,0.16278730098951408,4586.278694880285,-6735.782898565234,575.8247739326455,car,0 days 02:02:45.742000
2024-04-07 06:03:47.696,0 days 02:02:46.062000,0 days 00:00:14.294000,10825,198,5,99,False,0,car,958.4599999999999,0.16583244744851483,4485.000851008788,-6558.096205869769,578.6167903909658,car,0 days 02:02:46.062000
2024-04-07 06:03:48.055,0 days 02:02:46.421000,0 days 00:00:14.653000,11222,211,5,99,False,0,car,979.5013888888888,0.16947302192962038,4402.672875885158,-6411.2889553058685,581.265221355866,car,0 days 02:02:46.421000
2024-04-07 06:03:48.295,0 days 02:02:46.661000,0 days 00:00:14.893000,11499,211,5,99,False,0,car,993.5680555555555,0.17190683216768538,4330.555105783435,-6285.083337951453,583.440396499365,car,0 days 02:02:46.661000
2024-04-07 06:03:48.495,0 days 02:02:46.861000,0 days 00:00:15.093000,11499,211,5,99,False,0,car,1005.2902777777776,0.17393500736607287,4274.8140443801385,-6188.2607187274225,584.9995187209046,car,0 days 02:02:46.861000
2024-04-07 06:03:48.815,0 days 02:02:47.181000,0 days 00:00:15.413000,11302,225,5,99,False,0,car,1025.2902777777776,0.17739540106948282,4125.089052404547,-5968.076108458992,590.1775100710024,car,0 days 02:02:47.181000
2024-04-07 06:03:49.175,0 days 02:02:47.541000,0 days 00:00:15.773000,10559,229,6,95,False,0,car,1048.1902777777775,0.18135755185988717,4027.848495223251,-5844.752098359063,592.9260584293966,car,0 days 02:02:47.541000
2024-04-07 06:03:49.655,0 days 02:02:48.021000,0 days 00:00:16.253000,10697,233,6,74,False,0,car,1079.2569444444441,0.1867326967458506,3804.42130469739,-5626.170747237894,596.127176287706,car,0 days 02:02:48.021000
2024-04-07 06:03:49.855,0 days 02:02:48.221000,0 days 00:00:16.453000,10674,232,6,71,False,0,car,1092.145833333333,0.1889627282436037,3698.414244529163,-5556.072520312016,599.7522246234079,car,0 days 02:02:48.221000
2024-04-07 06:03:50.055,0 days 02:02:48.421000,0 days 00:00:16.653000,10756,229,6,55,False,0,car,1104.8680555555552,0.19116392312716168,3582.7588555654793,-5501.843391932193,602.2294473020015,car,0 days 02:02:48.421000
2024-04-07 06:03:50.415,0 days 02:02:48.781000,0 days 00:00:17.013000,10356,227,6,64,False,0,car,1127.5680555555555,0.195091469980532,3345.650276011523,-5447.061805581352,610.227579010333,car,0 days 02:02:48.781000
2024-04-07 06:03:50.855,0 days 02:02:49.221000,0 days 00:00:17.453000,9953,218,6,12,True,0,car,1154.2124999999999,0.1997014833698526,2963.5010271957362,-5408.115152337942,622.5321553690668,car,0 days 02:02:49.221000
2024-04-07 06:03:51.015,0 days 02:02:49.381000,0 days 00:00:17.613000,11073,213,6,15,True,0,car,1163.6791666666666,0.2013394030561333,2884.9152808969584,-5398.576657416388,626.0280824414709,car,0 days 02:02:49.381000
2024-04-07 06:03:51.295,0 days 02:02:49.661000,0 days 00:00:17.893000,10389,200,5,20,True,0,car,1179.2347222222222,0.20403082038100773,2805.5660172280186,-5358.225839241909,630.5416280745965,car,0 days 02:02:49.661000
2024-04-07 06:03:51.495,0 days 02:02:49.861000,0 days 00:00:18.093000,10190,193,5,27,False,0,car,1189.9569444444444,0.20588597589422472,2661.4863222194613,-5281.439998874581,638.1000310668776,car,0 days 02:02:49.861000
2024-04-07 06:03:51.735,0 days 02:02:50.101000,0 days 00:00:18.333000,9975,189,5,41,False,0,car,1202.5569444444443,0.20806602392737297,2556.463947441223,-5202.807670734433,645.2873396754989,car,0 days 02:02:50.101000
2024-04-07 06:03:52.016,0 days 02:02:50.382000,0 days 00:00:18.614000,9976,186,5,56,False,0,car,1217.0752777777777,0.21057798138990666,2477.9645138239553,-5103.187046263484,652.2506114967001,car,0 days 02:02:50.382000
2024-04-07 06:03:53.016,0 days 02:02:51.382000,0 days 00:00:19.614000,10516,192,5,99,False,0,car,1270.408611111111,0.21980569793233315,2275.2055944507692,-4580.179809606384,675.2008902914603,car,0 days 02:02:51.382000
2024-04-07 06:03:53.336,0 days 02:02:51.702000,0 days 00:00:19.934000,10874,200,5,99,False,0,car,1288.1863888888888,0.22288160344647534,2222.6546542122474,-4400.018234883943,684.3786303033786,car,0 days 02:02:51.702000
2024-04-07 06:03:53.736,0 days 02:02:52.102000,0 days 00:00:20.334000,11090,204,5,24,True,0,car,1310.8530555555553,0.22680338297700658,2178.1538170800645,-4248.826769928359,692.5284059046752,car,0 days 02:02:52.102000
2024-04-07 06:03:54.136,0 days 02:02:52.502000,0 days 00:00:20.734000,10059,193,5,11,True,0,car,1332.2975,0.2305136940034406,2090.735891553488,-4083.996338017524,700.8433214305952,car,0 days 02:02:52.502000
2024-04-07 06:03:54.296,0 days 02:02:52.662000,0 days 00:00:20.894000,9996,189,5,12,True,0,car,1340.6974999999998,0.23196705935887277,2038.416633962563,-4018.6286389531147,704.8207408484611,car,0 days 02:02:52.662000
2024-04-07 06:03:54.655,0 days 02:02:53.021000,0 days 00:00:21.253000,9666,181,5,44,False,0,car,1358.747222222222,0.2350900166151766,1895.0059875476934,-3885.794508981237,714.5925241753811,car,0 days 02:02:53.021000
2024-04-07 06:03:54.975,0 days 02:02:53.341000,0 days 00:00:21.573000,9516,178,5,53,False,0,car,1374.5694444444443,0.23782757252276315,1767.0375174398,-3807.7900030310807,721.2339519579417,car,0 days 02:02:53.341000
2024-04-07 06:03:55.215,0 days 02:02:53.581000,0 days 00:00:21.813000,9561,178,5,53,False,0,car,1386.436111111111,0.23988073945345303,1665.0074596774778,-3762.795606417397,725.4417659121541,car,0 days 02:02:53.581000
2024-04-07 06:03:55.495,0 days 02:02:53.861000,0 days 00:00:22.093000,9663,178,5,62,False,0,car,1400.2805555555553,0.24227610087259124,1504.1534655608828,-3722.080384300185,734.3165333523972,car,0 days 02:02:53.861000
2024-04-07 06:03:55.655,0 days 02:02:54.021000,0 days 00:00:22.253000,9750,180,5,71,False,0,car,1408.2805555555553,0.24366025835395522,1437.3564539043675,-3713.6117101341983,736.2521902216454,car,0 days 02:02:54.021000
2024-04-07 06:03:55.975,0 days 02:02:54.341000,0 days 00:00:22.573000,9979,183,5,79,False,0,car,1424.547222222222,0.2464747118993953,1280.4676781725743,-3703.3427415456454,743.0821804470872,car,0 days 02:02:54.341000
2024-04-07 06:03:56.215,0 days 02:02:54.581000,0 days 00:00:22.813000,10083,188,5,99,False,0,car,1437.0805555555553,0.24864322528686553,1154.9731131623257,-3696.001203100917,747.9690308786028,car,0 days 02:02:54.581000
2024-04-07 06:03:56.375,0 days 02:02:54.741000,0 days 00:00:22.973000,10195,193,5,70,False,0,car,1445.658333333333,0.2501273496974391,1070.124960113554,-3690.484464561563,751.1960605893853,car,0 days 02:02:54.741000
2024-04-07 06:03:56.535,0 days 02:02:54.901000,0 days 00:00:23.133000,10017,193,5,10,True,0,car,1454.2361111111109,0.2516114741080127,984.3416313106254,-3682.1401065544446,753.1751364723217,car,0 days 02:02:54.901000
2024-04-07 06:03:56.855,0 days 02:02:55.221000,0 days 00:00:23.453000,9369,181,5,9,True,0,car,1470.3249999999998,0.2543951685983114,820.6830469572931,-3651.08820495654,757.6619151619955,car,0 days 02:02:55.221000
2024-04-07 06:03:57.255,0 days 02:02:55.621000,0 days 00:00:23.853000,8922,170,5,7,False,0,car,1489.2138888888887,0.2576633182070875,590.867419360972,-3554.076173703611,759.1868092504866,car,0 days 02:02:55.621000
2024-04-07 06:03:57.655,0 days 02:02:56.021000,0 days 00:00:24.253000,8530,162,5,17,False,0,car,1507.2138888888887,0.26077767254015644,438.3098995131064,-3441.714411688624,758.8952509228534,car,0 days 02:02:56.021000
2024-04-07 06:03:57.975,0 days 02:02:56.341000,0 days 00:00:24.573000,8328,161,5,25,False,0,car,1521.5249999999999,0.26325377647904086,341.5506772808053,-3349.5365795385674,757.2958514770922,car,0 days 02:02:56.341000
2024-04-07 06:03:58.215,0 days 02:02:56.581000,0 days 00:00:24.813000,8235,159,5,4,False,0,car,1532.1249999999998,0.26508778514184816,293.7794153824344,-3301.1811780835997,756.3927249316091,car,0 days 02:02:56.581000
2024-04-07 06:03:58.415,0 days 02:02:56.781000,0 days 00:00:25.013000,8188,155,5,10,False,0,car,1540.736111111111,0.2665776768752608,254.58667111624973,-3245.0095693290455,755.2725183394501,car,0 days 02:02:56.781000
2024-04-07 06:03:58.696,0 days 02:02:57.062000,0 days 00:00:25.294000,8367,154,5,51,False,0,car,1552.7566666666667,0.2686574696130575,168.22514295932814,-3084.4423521432345,751.8880760344314,car,0 days 02:02:57.062000
2024-04-07 06:03:59.056,0 days 02:02:57.422000,0 days 00:00:25.654000,8518,155,5,56,False,0,car,1568.2566666666667,0.2713392747332002,142.48187440516153,-2998.626118529851,750.3064988763747,car,0 days 02:02:57.422000
2024-04-07 06:03:59.416,0 days 02:02:57.782000,0 days 00:00:26.014000,8712,159,5,67,False,0,car,1584.1566666666665,0.27409028772741106,123.85160443702208,-2840.4857753613733,746.0618281596204,car,0 days 02:02:57.782000
2024-04-07 06:03:59.696,0 days 02:02:58.062000,0 days 00:00:26.294000,8921,163,5,71,False,0,car,1596.8344444444444,0.27628379284718374,146.56196660627512,-2689.0694298381586,742.8385693677756,car,0 days 02:02:58.062000
2024-04-07 06:03:59.936,0 days 02:02:58.302000,0 days 00:00:26.534000,9210,167,5,75,False,0,car,1607.9677777777777,0.27821007867541525,174.5136349212464,-2603.600564963732,740.4841623309895,car,0 days 02:02:58.302000
2024-04-07 06:04:00.176,0 days 02:02:58.542000,0 days 00:00:26.774000,9431,173,5,79,False,0,car,1619.5011111111112,0.28020557237771504,215.28170114272388,-2504.009431072711,739.0931014611124,car,0 days 02:02:58.542000
2024-04-07 06:04:00.416,0 days 02:02:58.782000,0 days 00:00:27.014000,9799,179,5,99,False,0,car,1631.4344444444444,0.28227027395408294,277.52008132613025,-2349.526070232364,738.7122917918601,car,0 days 02:02:58.782000
2024-04-07 06:04:00.576,0 days 02:02:58.942000,0 days 00:00:27.174000,10023,186,5,99,False,0,car,1639.701111111111,0.283700570018159,311.24633065182064,-2265.7717217681497,739.7735335272141,car,0 days 02:02:58.942000
2024-04-07 06:04:00.776,0 days 02:02:59.142000,0 days 00:00:27.374000,10199,194,5,87,False,0,car,1650.4788888888888,0.28556533773610776,349.0443694898634,-2171.3705717085036,741.5900090336727,car,0 days 02:02:59.142000
2024-04-07 06:04:00.976,0 days 02:02:59.342000,0 days 00:00:27.574000,10516,197,5,71,False,0,car,1661.4233333333334,0.28745894206825157,404.13991202271893,-2025.5188116046384,746.415969340898,car,0 days 02:02:59.342000
2024-04-07 06:04:01.335,0 days 02:02:59.701000,0 days 00:00:27.933000,10737,200,5,74,False,0,car,1681.3677777777777,0.2909097235669298,458.79627883542287,-1859.5170446753586,755.3731197374282,car,0 days 02:02:59.701000
2024-04-07 06:04:01.575,0 days 02:02:59.941000,0 days 00:00:28.173000,10765,202,5,69,False,0,car,1694.8344444444442,0.2932397219938924,468.21207774166595,-1752.2203969353736,763.2037892947917,car,0 days 02:02:59.941000
2024-04-07 06:04:01.815,0 days 02:03:00.181000,0 days 00:00:28.413000,10762,201,5,67,False,0,car,1708.2344444444443,0.2955581857751771,460.75736868303443,-1621.043857192368,773.5214437078731,car,0 days 02:03:00.181000
2024-04-07 06:04:02.015,0 days 02:03:00.381000,0 days 00:00:28.613000,10836,201,5,68,False,0,car,1719.4011111111108,0.29749023892624765,430.30004112945977,-1513.7912095360784,781.122072059067,car,0 days 02:03:00.381000
2024-04-07 06:04:02.335,0 days 02:03:00.701000,0 days 00:00:28.933000,10817,202,5,64,False,0,car,1737.3566666666663,0.30059690349553125,349.2625308518593,-1350.8823153422593,794.3186490473328,car,0 days 02:03:00.701000
2024-04-07 06:04:02.535,0 days 02:03:00.901000,0 days 00:00:29.133000,10901,202,5,68,False,0,car,1748.5788888888885,0.30253856885133346,280.8810885122523,-1259.3856573278663,801.8487889999883,car,0 days 02:03:00.901000
2024-04-07 06:04:02.935,0 days 02:03:01.301000,0 days 00:00:29.533000,10904,201,5,68,False,0,car,1770.912222222222,0.3064026751534746,114.37830738835666,-1111.0098865021691,816.9469704845499,car,0 days 02:03:01.301000
2024-04-07 06:04:03.095,0 days 02:03:01.461000,0 days 00:00:29.693000,10898,202,5,74,False,0,car,1779.8899999999999,0.3079560074381164,36.51212686834187,-1065.1923797719219,823.8667592134088,car,0 days 02:03:01.461000
2024-04-07 06:04:03.375,0 days 02:03:01.741000,0 days 00:00:29.973000,11229,206,5,88,False,0,car,1795.912222222222,0.31072816728273706,-111.47119813913483,-993.2264625381628,835.1773095309845,car,0 days 02:03:01.741000
2024-04-07 06:04:03.815,0 days 02:03:02.181000,0 days 00:00:30.413000,11655,214,5,99,False,0,car,1822.0677777777776,0.3152535932704187,-342.9223684387397,-886.9274918278593,851.1212174246441,car,0 days 02:03:02.181000
2024-04-07 06:04:04.015,0 days 02:03:02.381000,0 days 00:00:30.613000,11828,219,5,99,False,0,car,1834.234444444444,0.31735866610665975,-478.6485464626202,-834.8418501244021,859.2821549883741,car,0 days 02:03:02.381000
2024-04-07 06:04:04.175,0 days 02:03:02.541000,0 days 00:00:30.773000,11371,223,5,99,False,0,car,1844.1455555555551,0.319073483430794,-634.6898888205799,-783.9704092453138,866.4258718749778,car,0 days 02:03:02.541000
2024-04-07 06:04:04.335,0 days 02:03:02.701000,0 days 00:00:30.933000,10590,225,5,99,False,0,car,1854.1455555555551,0.32080368028249895,-727.743628111353,-757.2687262474203,870.2206852132301,car,0 days 02:03:02.701000
2024-04-07 06:04:04.495,0 days 02:03:02.861000,0 days 00:00:31.093000,10581,229,6,99,False,0,car,1864.3233333333328,0.32256463618934533,-781.0758844284377,-748.5186112774691,871.6364240291329,car,0 days 02:03:02.861000
2024-04-07 06:04:04.695,0 days 02:03:03.061000,0 days 00:00:31.293000,10773,234,6,99,False,0,car,1877.3233333333328,0.3248138920965618,-902.4262778337247,-732.6096558239885,874.5789959281067,car,0 days 02:03:03.061000
2024-04-07 06:04:05.015,0 days 02:03:03.381000,0 days 00:00:31.613000,11069,239,6,99,False,0,car,1898.5677777777773,0.3284895991859617,-1168.3239180318162,-701.445152488828,880.6981710603397,car,0 days 02:03:03.381000
2024-04-07 06:04:05.216,0 days 02:03:03.582000,0 days 00:00:31.814000,11193,242,6,99,False,0,car,1912.079444444444,0.3308273834987571,-1251.0774549546354,-696.367675125263,881.9000878297168,car,0 days 02:03:03.582000
2024-04-07 06:04:05.416,0 days 02:03:03.782000,0 days 00:00:32.014000,11376,245,6,99,False,0,car,1925.6905555555554,0.3331823736580222,-1361.0266054538029,-699.1464239069934,882.0322259105178,car,0 days 02:03:03.782000
2024-04-07 06:04:05.616,0 days 02:03:03.982000,0 days 00:00:32.214000,11457,248,6,99,False,0,car,1939.4683333333328,0.33556620043148233,-1526.8830159919057,-706.7425035132551,881.4329218788102,car,0 days 02:03:03.982000
2024-04-07 06:04:05.856,0 days 02:03:04.222000,0 days 00:00:32.454000,11601,253,6,99,False,0,car,1956.3349999999996,0.33848446578802477,-1720.9875404473764,-732.4049562545008,879.5755984901306,car,0 days 02:03:04.222000
2024-04-07 06:04:06.056,0 days 02:03:04.422000,0 days 00:00:32.654000,11744,256,6,99,False,0,car,1970.557222222222,0.34094519019933855,-1875.1776859453942,-775.7547722105057,877.9992019383178,car,0 days 02:03:04.422000
2024-04-07 06:04:06.336,0 days 02:03:04.702000,0 days 00:00:32.934000,11818,258,6,99,False,0,car,1990.6238888888881,0.34441711854842644,-2027.1770126083338,-827.8332927277011,876.2517717455132,car,0 days 02:03:04.702000
2024-04-07 06:04:06.496,0 days 02:03:04.862000,0 days 00:00:33.094000,11818,260,6,99,False,0,car,2002.179444444444,0.34641645713261887,-2098.192579908841,-858.0958017538356,875.2256392610009,car,0 days 02:03:04.862000
2024-04-07 06:04:06.856,0 days 02:03:05.222000,0 days 00:00:33.454000,10659,265,7,99,False,0,car,2028.679444444444,0.35100147878963706,-2370.0528938860525,-994.8708310000085,871.0536124399216,car,0 days 02:03:05.222000
2024-04-07 06:04:07.056,0 days 02:03:05.422000,0 days 00:00:33.654000,10739,267,7,99,False,0,car,2043.5127777777775,0.35356793745299947,-2475.0924933495594,-1055.1905912367965,869.8560404197679,car,0 days 02:03:05.422000
2024-04-07 06:04:07.296,0 days 02:03:05.662000,0 days 00:00:33.894000,10816,269,7,99,False,0,car,2061.4461111111104,0.3566707571403903,-2602.4132647224615,-1145.1186069654586,867.7847854009028,car,0 days 02:03:05.662000
2024-04-07 06:04:07.456,0 days 02:03:05.822000,0 days 00:00:34.054000,10816,270,7,99,False,0,car,2073.446111111111,0.3587469933624364,-2698.625965000255,-1223.9498790481762,866.0449660770976,car,0 days 02:03:05.822000
2024-04-07 06:04:07.656,0 days 02:03:06.022000,0 days 00:00:34.254000,10932,272,7,99,False,0,car,2088.5572222222218,0.3613615130494572,-2804.7787496189003,-1329.7153065509551,864.6278431859143,car,0 days 02:03:06.022000
2024-04-07 06:04:07.816,0 days 02:03:06.182000,0 days 00:00:34.414000,10951,273,7,99,False,0,car,2100.6905555555554,0.3634608185628593,-2884.9561305059315,-1420.2895794020328,862.7281441003266,car,0 days 02:03:06.182000
2024-04-07 06:04:08.015,0 days 02:03:06.381000,0 days 00:00:34.613000,10966,273,7,99,False,0,car,2115.7813888888886,0.366071829795153,-2985.779934143604,-1552.456482166149,861.1019608249643,car,0 days 02:03:06.381000
2024-04-07 06:04:08.175,0 days 02:03:06.541000,0 days 00:00:34.773000,10959,274,7,99,False,0,car,2127.9591666666665,0.36817882507234045,-3095.4259425799514,-1699.2492453488867,857.8827018813557,car,0 days 02:03:06.541000
2024-04-07 06:04:08.375,0 days 02:03:06.741000,0 days 00:00:34.973000,11027,275,7,99,False,0,car,2143.236944444444,0.3708221813735563,-3190.6804649985097,-1826.5058127766372,855.4675646100609,car,0 days 02:03:06.741000
2024-04-07 06:04:08.695,0 days 02:03:07.061000,0 days 00:00:35.293000,11061,276,7,99,False,0,car,2167.770277777777,0.3750669309830725,-3283.9071090723282,-1950.4062732620773,854.2574160763722,car,0 days 02:03:07.061000
2024-04-07 06:04:08.895,0 days 02:03:07.261000,0 days 00:00:35.493000,11110,277,7,99,False,0,car,2183.1591666666664,0.37772951169375185,-3382.337258128259,-2081.2923732731488,851.8401842616302,car,0 days 02:03:07.261000
2024-04-07 06:04:09.055,0 days 02:03:07.421000,0 days 00:00:35.653000,11107,277,7,99,False,0,car,2195.470277777777,0.3798595762622952,-3457.86446911114,-2178.099763110158,850.0548687982342,car,0 days 02:03:07.421000
2024-04-07 06:04:09.495,0 days 02:03:07.861000,0 days 00:00:36.093000,11499,259,7,14,True,0,car,2227.125833333333,0.3853366105184147,-3745.8835851251215,-2524.9076052510677,845.1907824405469,car,0 days 02:03:07.861000
2024-04-07 06:04:09.935,0 days 02:03:08.301000,0 days 00:00:36.533000,10948,239,6,45,False,0,car,2256.336944444444,0.39039070776633955,-3916.4301638153884,-2658.1219285657785,840.839938775029,car,0 days 02:03:08.301000
2024-04-07 06:04:10.295,0 days 02:03:08.661000,0 days 00:00:36.893000,10677,234,6,75,False,0,car,2279.736944444444,0.3944393683993292,-4135.7703312916465,-2747.5431392880446,835.9294352839264,car,0 days 02:03:08.661000
2024-04-07 06:04:10.575,0 days 02:03:08.941000,0 days 00:00:37.173000,10857,235,6,99,False,0,car,2298.0147222222217,0.3976017837560566,-4259.558757224404,-2758.1144675658543,832.9450862742304,car,0 days 02:03:08.941000
2024-04-07 06:04:10.815,0 days 02:03:09.181000,0 days 00:00:37.413000,10910,238,6,99,False,0,car,2313.881388888888,0.40034702942742845,-4450.695998229485,-2792.5230296934187,828.7286268240252,car,0 days 02:03:09.181000
2024-04-07 06:04:11.135,0 days 02:03:09.501000,0 days 00:00:37.733000,11086,241,6,79,True,0,car,2335.3036111111105,0.4040534955719698,-4683.04916553839,-2832.051636178653,822.841726798061,car,0 days 02:03:09.501000
2024-04-07 06:04:11.375,0 days 02:03:09.741000,0 days 00:00:37.973000,9966,217,6,7,True,0,car,2349.770277777777,0.406556513684103,-4780.509892918486,-2845.445354599172,820.1043014969833,car,0 days 02:03:09.741000
2024-04-07 06:04:11.575,0 days 02:03:09.941000,0 days 00:00:38.173000,10614,196,6,6,True,0,car,2360.6591666666664,0.40844050581151514,-4957.972174810205,-2866.4483394995827,816.1212034037724,car,0 days 02:03:09.941000
2024-04-07 06:04:11.936,0 days 02:03:10.302000,0 days 00:00:38.534000,9774,167,6,5,True,0,car,2377.405555555555,0.4113379607448134,-5076.266861752039,-2872.048519587221,812.0610056903537,car,0 days 02:03:10.302000
2024-04-07 06:04:12.336,0 days 02:03:10.702000,0 days 00:00:38.934000,8796,145,4,6,True,0,car,2393.516666666666,0.41412550011700466,-5244.394163446532,-2861.2356023597645,805.4181155048191,car,0 days 02:03:10.702000
2024-04-07 06:04:12.656,0 days 02:03:11.022000,0 days 00:00:39.254000,8287,135,4,7,True,0,car,2405.516666666666,0.41620173633905067,-5356.807566846715,-2841.1873032807794,801.1541041344259,car,0 days 02:03:11.022000
2024-04-07 06:04:12.936,0 days 02:03:11.302000,0 days 00:00:39.534000,8026,127,4,7,True,0,car,2415.3944444444437,0.4179107863403459,-5477.90802890896,-2774.475815999856,799.0807530792706,car,0 days 02:03:11.302000
2024-04-07 06:04:13.096,0 days 02:03:11.462000,0 days 00:00:39.694000,7819,123,4,5,True,0,car,2420.8611111111104,0.4188566272859446,-5537.366569537871,-2721.8200575142146,799.2661606100635,car,0 days 02:03:11.462000
2024-04-07 06:04:13.296,0 days 02:03:11.662000,0 days 00:00:39.894000,7659,122,4,25,False,0,car,2427.6388888888882,0.4200293162632113,-5574.011134304114,-2663.054569558872,801.0292347769805,car,0 days 02:03:11.662000
2024-04-07 06:04:13.576,0 days 02:03:11.942000,0 days 00:00:40.174000,7820,122,4,51,False,0,car,2437.1277777777773,0.4216710808313847,-5595.673800309786,-2620.934089364821,802.777843940054,car,0 days 02:03:11.942000
2024-04-07 06:04:13.896,0 days 02:03:12.262000,0 days 00:00:40.494000,8220,124,4,56,False,0,car,2448.1499999999996,0.4235781422501529,-5631.93186988169,-2529.660116775761,802.9972264426062,car,0 days 02:03:12.262000
2024-04-07 06:04:14.136,0 days 02:03:12.502000,0 days 00:00:40.734000,8405,128,4,61,False,0,car,2456.683333333333,0.42505457689694115,-5658.442667416771,-2410.2249999338283,803.0549732053419,car,0 days 02:03:12.502000
2024-04-07 06:04:14.336,0 days 02:03:12.702000,0 days 00:00:40.934000,8820,132,4,70,False,0,car,2464.016666666666,0.42632338792152474,-5670.131550364635,-2336.7862072695893,802.868657983164,car,0 days 02:03:12.702000
2024-04-07 06:04:14.616,0 days 02:03:12.982000,0 days 00:00:41.214000,9222,141,4,82,False,0,car,2474.9833333333327,0.4282208371355612,-5676.565065673378,-2268.2332678499174,801.92874482845,car,0 days 02:03:12.982000
2024-04-07 06:04:14.855,0 days 02:03:13.221000,0 days 00:00:41.453000,9720,154,4,99,False,0,car,2485.207222222222,0.42998977117233494,-5688.39169703546,-2171.1782663468725,800.9338772871135,car,0 days 02:03:13.221000
2024-04-07 06:04:15.015,0 days 02:03:13.381000,0 days 00:00:41.613000,10717,154,4,99,False,0,car,2492.0516666666663,0.4311739947952797,-5698.370784823209,-2098.704848002763,801.0192755294358,car,0 days 02:03:13.381000
2024-04-07 06:04:15.335,0 days 02:03:13.701000,0 days 00:00:41.933000,11325,172,4,99,False,0,car,2507.340555555555,0.43381927353744193,-5735.430424019132,-1924.9662051823043,800.9984968430932,car,0 days 02:03:13.701000
2024-04-07 06:04:15.495,0 days 02:03:13.861000,0 days 00:00:42.093000,11310,179,4,99,False,0,car,2515.296111111111,0.4351957412550206,-5751.820118240277,-1852.799079262632,801.0148460446123,car,0 days 02:03:13.861000
2024-04-07 06:04:15.775,0 days 02:03:14.141000,0 days 00:00:42.373000,10314,191,4,99,False,0,car,2530.151666666666,0.4377660448002756,-5781.142187245382,-1720.273516032691,800.958891981891,car,0 days 02:03:14.141000
2024-04-07 06:04:16.055,0 days 02:03:14.421000,0 days 00:00:42.653000,10799,201,5,99,False,0,car,2545.7849999999994,0.4404709192117744,-5815.014301385171,-1561.6171499089785,800.9598073631686,car,0 days 02:03:14.421000
2024-04-07 06:04:16.295,0 days 02:03:14.661000,0 days 00:00:42.893000,10939,207,5,99,False,0,car,2559.5849999999996,0.44285859086712726,-5852.791726317813,-1385.7090990453837,801.5679358642717,car,0 days 02:03:14.661000
2024-04-07 06:04:16.695,0 days 02:03:15.061000,0 days 00:00:43.293000,11671,216,5,99,False,0,car,2583.5849999999996,0.4470110633112192,-5892.1216961422015,-1204.037222865637,802.5322912370084,car,0 days 02:03:15.061000
2024-04-07 06:04:17.055,0 days 02:03:15.421000,0 days 00:00:43.653000,11799,228,5,99,False,0,car,2606.3849999999998,0.45095591213310654,-5941.501090194404,-974.9081090731395,807.4840640020612,car,0 days 02:03:15.421000
2024-04-07 06:04:17.255,0 days 02:03:15.621000,0 days 00:00:43.853000,10819,233,5,99,False,0,car,2619.3294444444446,0.4531955558355914,-5971.4245614610645,-836.0169601402906,811.136969012554,car,0 days 02:03:15.621000
2024-04-07 06:04:17.655,0 days 02:03:16.021000,0 days 00:00:44.253000,11048,242,6,99,False,0,car,2646.2183333333332,0.45784786292573143,-6015.126786393678,-630.3099093662313,817.9325052905248,car,0 days 02:03:16.021000
2024-04-07 06:04:17.895,0 days 02:03:16.261000,0 days 00:00:44.493000,11157,244,6,99,False,0,car,2662.485,0.4606623164711715,-6045.925292705252,-475.22499386574145,824.7651004866885,car,0 days 02:03:16.261000
2024-04-07 06:04:18.095,0 days 02:03:16.461000,0 days 00:00:44.693000,11277,246,6,99,False,0,car,2676.1516666666666,0.4630269188351683,-6089.612431973328,-247.18989198123924,835.6591254430414,car,0 days 02:03:16.461000
2024-04-07 06:04:18.496,0 days 02:03:16.862000,0 days 00:00:45.094000,11401,249,6,100,False,0,car,2703.8875000000003,0.46782576398644304,-6134.729198998005,35.7677364139614,848.8482137501662,car,0 days 02:03:16.862000
2024-04-07 06:04:18.936,0 days 02:03:17.302000,0 days 00:00:45.534000,11552,252,6,100,False,0,car,2734.6875,0.4731547702896943,-6138.463160196964,313.5217993826987,862.3689824645835,car,0 days 02:03:17.302000
2024-04-07 06:04:19.216,0 days 02:03:17.582000,0 days 00:00:45.814000,11631,253,6,99,False,0,car,2754.365277777778,0.4765594132056605,-6118.7496405827305,435.5127782489351,868.8269921348415,car,0 days 02:03:17.582000
2024-04-07 06:04:19.456,0 days 02:03:17.822000,0 days 00:00:46.054000,11516,243,6,15,True,0,car,2770.565277777778,0.47936233210542256,-6075.763455752982,600.8775898785759,876.9778894242172,car,0 days 02:03:17.822000
2024-04-07 06:04:19.696,0 days 02:03:18.062000,0 days 00:00:46.294000,11516,223,6,15,True,0,car,2785.4319444444445,0.48193455809162394,-6018.215738248739,752.2611650109615,885.269566347446,car,0 days 02:03:18.062000
2024-04-07 06:04:19.896,0 days 02:03:18.262000,0 days 00:00:46.494000,10597,204,6,6,True,0,car,2796.765277777778,0.4838954478568896,-5970.3145719554595,860.0517673806548,891.5626444341374,car,0 days 02:03:18.262000
2024-04-07 06:04:20.216,0 days 02:03:18.582000,0 days 00:00:46.814000,10857,173,5,6,True,0,car,2812.1430555555557,0.48655610612662253,-5877.313462648497,1054.05390134004,902.2151373938765,car,0 days 02:03:18.582000
2024-04-07 06:04:20.456,0 days 02:03:18.822000,0 days 00:00:47.054000,11357,149,4,5,True,0,car,2822.076388888889,0.4882747683326495,-5851.717388469472,1107.3220367892295,905.0876318942151,car,0 days 02:03:18.822000
2024-04-07 06:04:20.776,0 days 02:03:19.142000,0 days 00:00:47.374000,10703,128,3,4,True,0,car,2833.454166666667,0.4902433478617005,-5803.571979657781,1222.973893483844,909.8187883759917,car,0 days 02:03:19.142000
2024-04-07 06:04:21.176,0 days 02:03:19.542000,0 days 00:00:47.774000,9203,109,2,3,True,0,car,2845.5652777777777,0.4923388084932098,-5772.513696930881,1345.0163947187116,913.5129312065534,car,0 days 02:03:19.542000
2024-04-07 06:04:21.455,0 days 02:03:19.821000,0 days 00:00:48.053000,8525,99,2,1,True,0,car,2853.2377777777774,0.4936663020276804,-5771.062577092514,1435.0902778252134,914.0902040187683,car,0 days 02:03:19.821000
2024-04-07 06:04:21.655,0 days 02:03:20.021000,0 days 00:00:48.253000,8061,92,2,1,True,0,car,2858.3488888888887,0.4945506248629963,-5779.155210647359,1476.6857998097732,914.3083704036247,car,0 days 02:03:20.021000
2024-04-07 06:04:22.015,0 days 02:03:20.381000,0 days 00:00:48.613000,7195,84,2,0,True,0,car,2866.748888888889,0.4960039902184285,-5818.560577355138,1546.4617392504956,918.3338215825534,car,0 days 02:03:20.381000
2024-04-07 06:04:22.375,0 days 02:03:20.741000,0 days 00:00:48.973000,6641,74,2,0,True,0,car,2874.148888888889,0.4972843358886902,-5879.147935308336,1602.5305476361941,919.0552472419804,car,0 days 02:03:20.741000
2024-04-07 06:04:22.575,0 days 02:03:20.941000,0 days 00:00:49.173000,6221,71,2,0,True,0,car,2878.0933333333332,0.4979668024246405,-5910.400936960501,1618.1862452872638,919.1529302318481,car,0 days 02:03:20.941000
2024-04-07 06:04:22.975,0 days 02:03:21.341000,0 days 00:00:49.573000,5740,67,2,0,False,0,car,2885.5377777777776,0.49925483785868746,-5985.513617293092,1632.230208247909,920.1697078672983,car,0 days 02:03:21.341000
2024-04-07 06:04:23.335,0 days 02:03:21.701000,0 days 00:00:49.933000,5888,65,2,23,False,0,car,2892.0377777777776,0.5003794658122958,-6051.3233337705815,1624.3227004032,922.0161849177739,car,0 days 02:03:21.701000
2024-04-07 06:04:23.535,0 days 02:03:21.901000,0 days 00:00:50.133000,5985,67,2,23,False,0,car,2895.7599999999998,0.5010234835293192,-6085.76577674088,1612.9476265008227,922.348173441651,car,0 days 02:03:21.901000
2024-04-07 06:04:23.855,0 days 02:03:22.221000,0 days 00:00:50.453000,6265,69,2,30,False,0,car,2901.893333333333,0.5020846709316983,-6138.218131670799,1583.3962365004936,924.1906289846766,car,0 days 02:03:22.221000
2024-04-07 06:04:24.135,0 days 02:03:22.501000,0 days 00:00:50.733000,6599,71,2,35,False,0,car,2907.415555555555,0.5030401240820286,-6180.519105369105,1548.3528290998456,925.8169509942176,car,0 days 02:03:22.501000
2024-04-07 06:04:24.495,0 days 02:03:22.861000,0 days 00:00:51.093000,6855,77,2,41,False,0,car,2915.115555555555,0.5043723756578414,-6230.374262065985,1490.5599117252643,926.1170725412086,car,0 days 02:03:22.861000
2024-04-07 06:04:24.735,0 days 02:03:23.101000,0 days 00:00:51.333000,7246,81,2,47,False,0,car,2920.5155555555552,0.5053066819577622,-6265.368341695457,1437.663186922674,927.1702597001076,car,0 days 02:03:23.101000
2024-04-07 06:04:24.976,0 days 02:03:23.342000,0 days 00:00:51.574000,8205,89,2,57,False,0,car,2926.4736111111106,0.5063375428542127,-6286.209585079087,1400.4659679513377,926.8724900303166,car,0 days 02:03:23.342000
2024-04-07 06:04:25.296,0 days 02:03:23.662000,0 days 00:00:51.894000,8790,99,2,67,False,0,car,2935.2736111111108,0.5078601160837131,-6327.412565758645,1322.269308218941,925.9844007815448,car,0 days 02:03:23.662000
2024-04-07 06:04:25.576,0 days 02:03:23.942000,0 days 00:00:52.174000,8563,106,3,73,False,0,car,2943.5180555555553,0.5092865672658966,-6372.334318649944,1234.7308896806435,926.0288401559351,car,0 days 02:03:23.942000
2024-04-07 06:04:25.896,0 days 02:03:24.262000,0 days 00:00:52.494000,9515,122,3,80,False,0,car,2954.3624999999997,0.5111628696295233,-6413.3357248467255,1160.6489861432256,925.9493622183729,car,0 days 02:03:24.262000
2024-04-07 06:04:26.056,0 days 02:03:24.422000,0 days 00:00:52.654000,10161,131,3,84,False,0,car,2960.1847222222223,0.5121702286854048,-6440.47388969073,1110.4676873099888,926.0523890755425,car,0 days 02:03:24.422000
2024-04-07 06:04:26.216,0 days 02:03:24.582000,0 days 00:00:52.814000,10716,135,3,85,False,0,car,2966.1847222222223,0.5132083467964279,-6468.9921149819165,1058.8097284708215,926.9781283109246,car,0 days 02:03:24.582000
2024-04-07 06:04:26.376,0 days 02:03:24.742000,0 days 00:00:52.974000,11189,145,3,99,False,0,car,2972.6291666666666,0.5143233625453044,-6493.682349930999,1014.8622744200571,927.0022786013462,car,0 days 02:03:24.742000
2024-04-07 06:04:26.696,0 days 02:03:25.062000,0 days 00:00:53.294000,11095,159,3,99,False,0,car,2986.7625,0.5167687074290475,-6557.814995334724,906.133068292276,927.917583301255,car,0 days 02:03:25.062000
2024-04-07 06:04:26.896,0 days 02:03:25.262000,0 days 00:00:53.494000,10812,168,4,99,False,0,car,2996.0958333333333,0.518383557823972,-6606.686579792021,827.7277392245126,928.0290554217186,car,0 days 02:03:25.262000
2024-04-07 06:04:27.096,0 days 02:03:25.462000,0 days 00:00:53.694000,11284,176,4,99,False,0,car,3005.873611111111,0.5200753058567503,-6657.976046279704,748.1982733116558,928.0441596307128,car,0 days 02:03:25.462000
2024-04-07 06:04:27.576,0 days 02:03:25.942000,0 days 00:00:54.174000,10777,195,4,99,False,0,car,3031.873611111111,0.5245738176711832,-6795.881412316048,536.5920948063834,930.291810779689,car,0 days 02:03:25.942000
2024-04-07 06:04:27.936,0 days 02:03:26.302000,0 days 00:00:54.534000,10950,204,5,99,False,0,car,3052.273611111111,0.5281034192486613,-6905.943624848443,373.89456839756014,932.0184023991957,car,0 days 02:03:26.302000
2024-04-07 06:04:28.375,0 days 02:03:26.741000,0 days 00:00:54.973000,11649,218,5,99,False,0,car,3078.8575,0.5327029553348244,-7063.717596194377,170.79204334090596,932.1505145498883,car,0 days 02:03:26.741000
2024-04-07 06:04:28.535,0 days 02:03:26.901000,0 days 00:00:55.133000,11872,220,5,99,False,0,car,3088.635277777778,0.5343947033676026,-7130.962713190158,97.33753822845628,932.9750562359619,car,0 days 02:03:26.901000
2024-04-07 06:04:28.735,0 days 02:03:27.101000,0 days 00:00:55.333000,11837,224,5,99,False,0,car,3101.0797222222222,0.5365478372275021,-7208.231921981435,18.391682584544714,934.567065947459,car,0 days 02:03:27.101000
2024-04-07 06:04:28.895,0 days 02:03:27.261000,0 days 00:00:55.493000,10861,228,5,99,False,0,car,3111.213055555556,0.5383011033705632,-7269.770870695129,-37.505493478208344,934.4017100209333,car,0 days 02:03:27.261000
2024-04-07 06:04:29.135,0 days 02:03:27.501000,0 days 00:00:55.733000,10813,231,5,100,False,0,car,3126.6130555555555,0.5409656065221888,-7481.59208355968,-191.16307752287554,936.6762370404706,car,0 days 02:03:27.501000
2024-04-07 06:04:29.455,0 days 02:03:27.821000,0 days 00:00:56.053000,11140,240,6,100,False,0,car,3147.946388888889,0.5446566931391594,-7612.684384255939,-270.7828784711601,938.5135486406062,car,0 days 02:03:27.821000
2024-04-07 06:04:29.695,0 days 02:03:28.061000,0 days 00:00:56.293000,11270,242,6,99,False,0,car,3164.0797222222227,0.5474480773932435,-7735.708169941354,-318.287206894905,940.3195207702286,car,0 days 02:03:28.061000
2024-04-07 06:04:30.015,0 days 02:03:28.381000,0 days 00:00:56.613000,11411,248,6,100,False,0,car,3186.124166666667,0.5512622002307798,-7951.5500749667235,-375.03473524934384,941.0012370669305,car,0 days 02:03:28.381000
2024-04-07 06:04:30.175,0 days 02:03:28.541000,0 days 00:00:56.773000,11489,250,6,99,False,0,car,3197.2352777777783,0.5531846411771186,-8066.993157194738,-392.62513899796335,940.8324679322849,car,0 days 02:03:28.541000
2024-04-07 06:04:30.335,0 days 02:03:28.701000,0 days 00:00:56.933000,11631,251,6,99,False,0,car,3208.3908333333334,0.5551147718872428,-8199.229453242631,-407.11030431773,939.8385228480148,car,0 days 02:03:28.701000
2024-04-07 06:04:30.615,0 days 02:03:28.981000,0 days 00:00:57.213000,11771,256,6,100,False,0,car,3228.3019444444444,0.558559786063082,-8381.644602801493,-424.54198957915236,937.4375765860225,car,0 days 02:03:28.981000
2024-04-07 06:04:30.855,0 days 02:03:29.221000,0 days 00:00:57.453000,10880,259,6,100,False,0,car,3245.5686111111113,0.5615472592936926,-8591.137866415302,-426.7546046669381,931.7300799487664,car,0 days 02:03:29.221000
2024-04-07 06:04:31.255,0 days 02:03:29.621000,0 days 00:00:57.853000,10591,265,7,100,False,0,car,3275.0130555555556,0.5666417278014906,-8857.562165577248,-411.54971255928126,923.777717767083,car,0 days 02:03:29.621000
2024-04-07 06:04:31.456,0 days 02:03:29.822000,0 days 00:00:58.054000,10765,267,7,100,False,0,car,3289.920555555556,0.5692210187581699,-8959.017982709185,-399.23384589741437,919.2918342697068,car,0 days 02:03:29.822000
2024-04-07 06:04:31.656,0 days 02:03:30.022000,0 days 00:00:58.254000,10847,270,7,100,False,0,car,3304.9205555555554,0.5718163140357272,-9133.589134758462,-366.7112238428213,910.3766086756975,car,0 days 02:03:30.022000
2024-04-07 06:04:31.816,0 days 02:03:30.182000,0 days 00:00:58.414000,10920,271,7,100,False,0,car,3316.965,0.5739002400215586,-9354.798251540142,-311.6349182399538,899.2953434449583,car,0 days 02:03:30.182000
2024-04-07 06:04:32.056,0 days 02:03:30.422000,0 days 00:00:58.654000,11025,274,7,100,False,0,car,3335.231666666667,0.5770607329373397,-9550.359988699754,-253.66019982057986,891.6382505890609,car,0 days 02:03:30.422000
2024-04-07 06:04:32.256,0 days 02:03:30.622000,0 days 00:00:58.854000,11089,277,7,100,False,0,car,3350.6205555555557,0.579723313648019,-9648.965133256339,-218.79316692812347,889.4725264126835,car,0 days 02:03:30.622000
2024-04-07 06:04:32.456,0 days 02:03:30.822000,0 days 00:00:59.054000,11138,278,7,100,False,0,car,3366.0650000000005,0.5823955065634301,-9742.510273453727,-185.34131444596588,887.8808024513822,car,0 days 02:03:30.822000
2024-04-07 06:04:32.736,0 days 02:03:31.102000,0 days 00:00:59.334000,11233,278,7,100,False,0,car,3387.6872222222228,0.5861365766450055,-9920.231016405618,-117.40628807411915,886.3720726132653,car,0 days 02:03:31.102000
2024-04-07 06:04:33.096,0 days 02:03:31.462000,0 days 00:00:59.694000,11343,283,7,100,False,0,car,3415.987222222223,0.5910330337353307,-10181.769371219892,-8.921215663393395,886.8110659284582,car,0 days 02:03:31.462000
2024-04-07 06:04:33.336,0 days 02:03:31.702000,0 days 00:00:59.934000,11374,283,7,100,False,0,car,3434.8538888888893,0.594297338462214,-10350.694220548465,73.92884686464706,891.7187699689882,car,0 days 02:03:31.702000
2024-04-07 06:04:33.696,0 days 02:03:32.062000,0 days 00:01:00.294000,11461,286,7,100,False,0,car,3463.453888888889,0.5992457014580902,-10600.753424417944,234.8090917863119,902.0143512627949,car,0 days 02:03:32.062000
2024-04-07 06:04:34.136,0 days 02:03:32.502000,0 days 00:01:00.734000,11535,287,7,100,False,0,car,3498.531666666667,0.605314847525682,-10957.152851137462,532.0570827465335,916.589292615861,car,0 days 02:03:32.502000
2024-04-07 06:04:34.296,0 days 02:03:32.662000,0 days 00:01:00.894000,11564,287,7,100,False,0,car,3511.2872222222227,0.6075218097320789,-11021.995152040457,601.3147071630029,919.1865835346799,car,0 days 02:03:32.662000
2024-04-07 06:04:34.696,0 days 02:03:33.062000,0 days 00:01:01.294000,11634,289,7,100,False,0,car,3543.3983333333335,0.6130776640669983,-11172.10810250396,787.0082633258153,924.062939842335,car,0 days 02:03:33.062000
2024-04-07 06:04:34.895,0 days 02:03:33.261000,0 days 00:01:01.493000,11765,289,7,99,False,0,car,3559.3736111111116,0.6158417015986206,-11310.225856837362,993.1498733326259,928.9936657800059,car,0 days 02:03:33.261000
2024-04-07 06:04:35.055,0 days 02:03:33.421000,0 days 00:01:01.653000,11588,288,7,99,False,0,car,3572.1736111111113,0.618056353568803,-11386.724371400185,1122.0915142444765,931.9805742822216,car,0 days 02:03:33.421000
2024-04-07 06:04:35.295,0 days 02:03:33.661000,0 days 00:01:01.893000,11589,289,7,99,False,0,car,3591.440277777778,0.6213898661697546,-11441.617274144686,1246.8235048713386,934.486901830985,car,0 days 02:03:33.661000
2024-04-07 06:04:35.575,0 days 02:03:33.941000,0 days 00:01:02.173000,11585,288,7,99,False,0,car,3613.8402777777783,0.6252655071175737,-11506.713403824928,1398.4457914122377,936.4637982126768,car,0 days 02:03:33.941000
2024-04-07 06:04:35.775,0 days 02:03:34.141000,0 days 00:01:02.373000,11539,289,7,99,False,0,car,3629.8958333333335,0.6280434342850333,-11568.991089235387,1541.9083722482637,939.4174725633278,car,0 days 02:03:34.141000
2024-04-07 06:04:35.935,0 days 02:03:34.301000,0 days 00:01:02.533000,11539,289,7,99,False,0,car,3642.7402777777784,0.6302657760190011,-11618.109699537037,1658.233866249084,940.7033320649914,car,0 days 02:03:34.301000
2024-04-07 06:04:36.175,0 days 02:03:34.541000,0 days 00:01:02.773000,11544,289,7,99,False,0,car,3662.0069444444453,0.6335992886199527,-11701.205238325501,1855.7200743044234,941.7181862463758,car,0 days 02:03:34.541000
2024-04-07 06:04:36.415,0 days 02:03:34.781000,0 days 00:01:03.013000,11248,288,7,56,True,0,car,3681.206944444445,0.6369212665752262,-11775.958946253528,2027.334433000516,943.3712638559022,car,0 days 02:03:34.781000
2024-04-07 06:04:36.775,0 days 02:03:35.141000,0 days 00:01:03.373000,11555,257,7,7,True,0,car,3706.906944444445,0.641367872484108,-11901.44704913965,2278.7862870174495,944.0090820969625,car,0 days 02:03:35.141000
2024-04-07 06:04:36.935,0 days 02:03:35.301000,0 days 00:01:03.533000,10932,249,7,8,True,0,car,3717.973611111112,0.6432826236666616,-11951.263716036952,2373.1067975655187,944.0482549133876,car,0 days 02:03:35.301000
2024-04-07 06:04:37.255,0 days 02:03:35.621000,0 days 00:01:03.853000,11869,232,5,10,True,0,car,3738.595833333334,0.6468506740630665,-12054.35049696225,2542.4154436496415,943.3462939514677,car,0 days 02:03:35.621000
2024-04-07 06:04:37.575,0 days 02:03:35.941000,0 days 00:01:04.173000,11236,217,5,12,True,0,car,3757.884722222223,0.6501880315459108,-12189.558626820633,2681.106145425157,943.0045881368668,car,0 days 02:03:35.941000
2024-04-07 06:04:37.775,0 days 02:03:36.141000,0 days 00:01:04.373000,11193,211,5,30,False,0,car,3769.606944444445,0.6522162067442983,-12288.119278408147,2745.94666703853,942.990447131349,car,0 days 02:03:36.141000
2024-04-07 06:04:38.016,0 days 02:03:36.382000,0 days 00:01:04.614000,10909,206,5,51,False,0,car,3783.3975000000005,0.6546022443248466,-12415.268853824185,2800.055486701029,943.2557628814563,car,0 days 02:03:36.382000
2024-04-07 06:04:38.336,0 days 02:03:36.702000,0 days 00:01:04.934000,10813,204,5,55,False,0,car,3801.5308333333332,0.6577396679492715,-12681.02362774685,2835.7901930635417,943.9895939053656,car,0 days 02:03:36.702000
2024-04-07 06:04:38.536,0 days 02:03:36.902000,0 days 00:01:05.134000,10767,202,5,54,False,0,car,3812.7530555555554,0.6596813333050738,-12775.857692965878,2838.363219337917,943.9750744681496,car,0 days 02:03:36.902000
2024-04-07 06:04:38.696,0 days 02:03:37.062000,0 days 00:01:05.294000,10767,202,5,55,False,0,car,3821.730833333333,0.6612346655897156,-12814.869010296185,2833.4656987777294,944.0136034739553,car,0 days 02:03:37.062000
2024-04-07 06:04:39.016,0 days 02:03:37.382000,0 days 00:01:05.614000,10711,198,5,60,True,0,car,3839.3308333333334,0.6642798120487164,-12984.383239991459,2814.106932394448,944.0779612355285,car,0 days 02:03:37.382000
2024-04-07 06:04:39.256,0 days 02:03:37.622000,0 days 00:01:05.854000,10228,189,5,0,True,0,car,3851.9308333333333,0.6664598600818646,-13150.314251974498,2778.6348218373932,944.9882931491783,car,0 days 02:03:37.622000
2024-04-07 06:04:39.656,0 days 02:03:38.022000,0 days 00:01:06.254000,10799,172,4,1,True,0,car,3871.0419444444447,0.6697664585095675,-13272.322784940556,2739.235153970186,945.0975052235682,car,0 days 02:03:38.022000
2024-04-07 06:04:39.976,0 days 02:03:38.342000,0 days 00:01:06.574000,9928,162,4,1,True,0,car,3885.4419444444443,0.6722579419760226,-13405.176506558955,2677.7171510080475,943.9468821658181,car,0 days 02:03:38.342000
2024-04-07 06:04:40.176,0 days 02:03:38.542000,0 days 00:01:06.774000,9815,156,4,0,False,0,car,3894.1086111111113,0.673757445914167,-13477.816592420279,2630.633804090227,944.0091197434293,car,0 days 02:03:38.542000
2024-04-07 06:04:40.456,0 days 02:03:38.822000,0 days 00:01:07.054000,9330,152,4,14,False,0,car,3905.9308333333333,0.6758029230810715,-13563.85619339361,2550.5257321612335,944.1129276210967,car,0 days 02:03:38.822000
2024-04-07 06:04:40.896,0 days 02:03:39.262000,0 days 00:01:07.494000,9043,146,4,0,False,0,car,3923.775277777778,0.6788903632408917,-13658.079410134074,2395.1400178440636,943.0063107062587,car,0 days 02:03:39.262000
2024-04-07 06:04:41.216,0 days 02:03:39.582000,0 days 00:01:07.814000,9034,142,4,19,False,0,car,3936.3974999999996,0.6810742561559325,-13701.442317934521,2226.169005613615,941.0490887412373,car,0 days 02:03:39.582000
2024-04-07 06:04:41.416,0 days 02:03:39.782000,0 days 00:01:08.014000,9102,141,4,52,False,0,car,3944.230833333333,0.6824295770231015,-13709.742455676824,2161.6978979589385,940.5942012817435,car,0 days 02:03:39.782000
2024-04-07 06:04:41.655,0 days 02:03:40.021000,0 days 00:01:08.253000,9163,142,4,57,False,0,car,3953.6580555555556,0.6840606720440228,-13704.236650825293,2102.848941623272,939.3882143892645,car,0 days 02:03:40.021000
2024-04-07 06:04:41.815,0 days 02:03:40.181000,0 days 00:01:08.413000,9227,143,4,60,False,0,car,3960.013611111111,0.6851603082653286,-13696.10831272746,2037.7064108857428,936.7793827243358,car,0 days 02:03:40.181000
2024-04-07 06:04:42.055,0 days 02:03:40.421000,0 days 00:01:08.653000,9443,148,4,68,False,0,car,3969.8802777777782,0.6868674358256776,-13673.636427991809,1944.2272551008177,932.8045439694528,car,0 days 02:03:40.421000
2024-04-07 06:04:42.535,0 days 02:03:40.901000,0 days 00:01:09.133000,10260,156,4,74,False,0,car,3990.680277777778,0.6904662452772239,-13579.335021143253,1723.0687138807723,922.0852033844743,car,0 days 02:03:40.901000
2024-04-07 06:04:42.695,0 days 02:03:41.061000,0 days 00:01:09.293000,10509,161,4,81,False,0,car,3997.835833333334,0.6917042972466662,-13552.190405562445,1675.4741306004664,918.3645351417632,car,0 days 02:03:41.061000
2024-04-07 06:04:42.855,0 days 02:03:41.221000,0 days 00:01:09.453000,10913,167,4,86,False,0,car,4005.258055555556,0.6929884877988205,-13521.938145234257,1633.9812995696157,914.6693777637875,car,0 days 02:03:41.221000
2024-04-07 06:04:43.095,0 days 02:03:41.461000,0 days 00:01:09.693000,11557,173,4,92,False,0,car,4016.7913888888893,0.6949839815011202,-13450.565417603451,1545.0453060158397,907.3067631044519,car,0 days 02:03:41.461000
2024-04-07 06:04:43.295,0 days 02:03:41.661000,0 days 00:01:09.893000,11891,181,4,99,False,0,car,4026.846944444445,0.696723790557557,-13385.65925218611,1472.1596137619267,899.6996321157641,car,0 days 02:03:41.661000
2024-04-07 06:04:43.455,0 days 02:03:41.821000,0 days 00:01:10.053000,11891,187,4,99,False,0,car,4035.158055555556,0.6981617763854183,-13327.73445297386,1415.013703007929,894.2008848781616,car,0 days 02:03:41.821000
2024-04-07 06:04:43.655,0 days 02:03:42.021000,0 days 00:01:10.253000,10911,194,5,99,False,0,car,4045.935833333334,0.7000265441033671,-13228.121470190878,1324.460208726411,883.4226474922756,car,0 days 02:03:42.021000
2024-04-07 06:04:43.855,0 days 02:03:42.221000,0 days 00:01:10.453000,10856,202,5,99,False,0,car,4057.158055555556,0.7019682094591693,-13148.08993537516,1254.3196770040443,874.7173337885304,car,0 days 02:03:42.221000
2024-04-07 06:04:44.135,0 days 02:03:42.501000,0 days 00:01:10.733000,11225,209,5,99,False,0,car,4073.4136111111115,0.704780740563663,-13050.927694209431,1178.3980753151898,865.2676687165244,car,0 days 02:03:42.501000
2024-04-07 06:04:44.295,0 days 02:03:42.661000,0 days 00:01:10.893000,11321,216,5,99,False,0,car,4083.0136111111115,0.7064417295412998,-12914.736698075829,1076.8747573284115,852.1607522277095,car,0 days 02:03:42.661000
2024-04-07 06:04:44.576,0 days 02:03:42.942000,0 days 00:01:11.174000,11877,223,5,99,False,0,car,4100.420000000001,0.7094533774668107,-12735.669710898275,944.9409942862978,836.0172362366296,car,0 days 02:03:42.942000
2024-04-07 06:04:44.896,0 days 02:03:43.262000,0 days 00:01:11.494000,10879,230,5,99,False,0,car,4120.864444444445,0.7129906688080742,-12615.077111425378,859.2522040513195,828.1286185367617,car,0 days 02:03:43.262000
2024-04-07 06:04:45.136,0 days 02:03:43.502000,0 days 00:01:11.734000,10790,232,6,99,False,0,car,4136.331111111112,0.7156667066053778,-12527.468889791691,799.0858251201138,824.1571739797894,car,0 days 02:03:43.502000
2024-04-07 06:04:45.376,0 days 02:03:43.742000,0 days 00:01:11.974000,11061,241,6,99,False,0,car,4152.397777777779,0.718446556213784,-12403.667058313888,714.449785161877,817.1748411946918,car,0 days 02:03:43.742000
2024-04-07 06:04:45.536,0 days 02:03:43.902000,0 days 00:01:12.134000,11227,243,6,99,False,0,car,4163.197777777779,0.7203151688136253,-12296.884659805157,644.7383321778689,813.2577429645378,car,0 days 02:03:43.902000
2024-04-07 06:04:45.776,0 days 02:03:44.142000,0 days 00:01:12.374000,11409,250,6,99,False,0,car,4179.864444444445,0.7231988302331336,-12140.065524995973,545.352570947288,809.5100409405113,car,0 days 02:03:44.142000
2024-04-07 06:04:45.936,0 days 02:03:44.302000,0 days 00:01:12.534000,11565,251,6,99,False,0,car,4191.020000000001,0.7251289609432578,-12037.562854958866,482.3931364228302,808.2474324007214,car,0 days 02:03:44.302000
2024-04-07 06:04:46.176,0 days 02:03:44.542000,0 days 00:01:12.774000,11678,255,6,99,False,0,car,4208.020000000001,0.7280702955911563,-11857.74424177449,375.843672075509,808.095048498578,car,0 days 02:03:44.542000
2024-04-07 06:04:46.336,0 days 02:03:44.702000,0 days 00:01:12.934000,11812,257,6,99,False,0,car,4219.442222222223,0.7300465648839926,-11736.84290233744,305.8958160569087,808.7851769812298,car,0 days 02:03:44.702000
2024-04-07 06:04:46.496,0 days 02:03:44.862000,0 days 00:01:13.094000,11252,259,6,99,False,0,car,4230.953333333334,0.7320382137043996,-11664.148702147328,264.2920496775481,809.023360360447,car,0 days 02:03:44.862000
2024-04-07 06:04:46.776,0 days 02:03:45.142000,0 days 00:01:13.374000,10511,264,7,99,False,0,car,4251.486666666668,0.7355908845732338,-11564.664835597983,209.95773597570053,809.2497948644472,car,0 days 02:03:45.142000
2024-04-07 06:04:47.056,0 days 02:03:45.422000,0 days 00:01:13.654000,10670,267,7,99,False,0,car,4272.253333333334,0.7391839267019411,-11375.694359836205,108.3500854394747,812.5983428849233,car,0 days 02:03:45.422000
2024-04-07 06:04:47.256,0 days 02:03:45.622000,0 days 00:01:13.854000,10780,268,7,99,False,0,car,4287.142222222223,0.7417599975700352,-11246.295518790233,40.10884216915651,816.5417447197456,car,0 days 02:03:45.622000
2024-04-07 06:04:47.576,0 days 02:03:45.942000,0 days 00:01:14.174000,10929,271,7,99,False,0,car,4311.231111111112,0.7459278495416979,-11025.149865493793,-71.50525097023194,821.7151892977172,car,0 days 02:03:45.942000
2024-04-07 06:04:48.016,0 days 02:03:46.382000,0 days 00:01:14.614000,11015,275,7,99,False,0,car,4344.842222222223,0.751743233404373,-10701.252397395696,-224.89129007102366,830.5307554347522,car,0 days 02:03:46.382000
2024-04-07 06:04:48.375,0 days 02:03:46.741000,0 days 00:01:14.973000,11139,277,7,99,False,0,car,4372.465277777778,0.7565225657800422,-10477.401590516127,-320.98869631592254,837.2470582571228,car,0 days 02:03:46.741000
2024-04-07 06:04:48.655,0 days 02:03:47.021000,0 days 00:01:15.253000,11186,279,7,99,False,0,car,4394.165277777778,0.760277092948242,-10278.316782154714,-399.6498963476769,841.7211176140382,car,0 days 02:03:47.021000
2024-04-07 06:04:48.895,0 days 02:03:47.261000,0 days 00:01:15.493000,11256,281,7,99,False,0,car,4412.898611111111,0.7635183283837692,-10085.99878086813,-470.42125977310286,846.2100190933074,car,0 days 02:03:47.261000
2024-04-07 06:04:49.095,0 days 02:03:47.461000,0 days 00:01:15.693000,11258,281,7,99,False,0,car,4428.509722222222,0.7662193579133754,-9892.134322618103,-539.820847027209,851.3818128851855,car,0 days 02:03:47.461000
2024-04-07 06:04:49.375,0 days 02:03:47.741000,0 days 00:01:15.973000,11344,284,7,99,False,0,car,4450.5986111111115,0.7700411705146971,-9695.367647872745,-608.0471054258227,856.4541188782409,car,0 days 02:03:47.741000
2024-04-07 06:04:49.575,0 days 02:03:47.941000,0 days 00:01:16.173000,11385,284,7,99,False,0,car,4466.37638888889,0.7727710366584983,-9535.27773342124,-662.3726022537666,859.2981954380679,car,0 days 02:03:47.941000
2024-04-07 06:04:49.855,0 days 02:03:48.221000,0 days 00:01:16.453000,11431,285,7,99,False,0,car,4488.543055555557,0.7766063063464445,-9272.55609070998,-751.3234928272517,862.6301410010841,car,0 days 02:03:48.221000
2024-04-07 06:04:50.055,0 days 02:03:48.421000,0 days 00:01:16.653000,11450,286,7,99,False,0,car,4504.431944444445,0.7793553968997089,-9175.104813474045,-784.2773740420698,863.7268256736185,car,0 days 02:03:48.421000
2024-04-07 06:04:50.535,0 days 02:03:48.901000,0 days 00:01:17.133000,11542,289,7,99,False,0,car,4542.965277777778,0.786022422101612,-8763.25844635465,-922.8989800631132,864.000769738127,car,0 days 02:03:48.901000
2024-04-07 06:04:50.895,0 days 02:03:49.261000,0 days 00:01:17.493000,11592,291,7,99,False,0,car,4572.065277777779,0.7910572949400736,-8505.716238780216,-1008.8194138851442,863.9989754725633,car,0 days 02:03:49.261000
2024-04-07 06:04:51.256,0 days 02:03:49.622000,0 days 00:01:17.854000,10679,291,7,99,False,0,car,4601.246111111112,0.7961061535364197,-8316.165974108475,-1071.6053423705703,863.9999674881146,car,0 days 02:03:49.622000
2024-04-07 06:04:51.416,0 days 02:03:49.782000,0 days 00:01:18.014000,10398,291,7,99,False,0,car,4614.179444444446,0.7983438747979582,-8193.598940011581,-1112.8599219391563,863.9994412392494,car,0 days 02:03:49.782000
2024-04-07 06:04:51.696,0 days 02:03:50.062000,0 days 00:01:18.294000,10494,292,8,99,False,0,car,4636.890555555557,0.8022733440922747,-7970.748931785424,-1188.5304802153578,864.0111829457518,car,0 days 02:03:50.062000
2024-04-07 06:04:51.896,0 days 02:03:50.262000,0 days 00:01:18.494000,10432,294,8,99,False,0,car,4653.2238888888905,0.8050993322833929,-7738.714164760715,-1266.06822356499,864.0925739170658,car,0 days 02:03:50.262000
2024-04-07 06:04:52.056,0 days 02:03:50.422000,0 days 00:01:18.654000,10432,294,8,99,False,0,car,4666.290555555557,0.8073601228362874,-7580.435727305522,-1318.891731847038,863.8248206732654,car,0 days 02:03:50.422000
2024-04-07 06:04:52.376,0 days 02:03:50.742000,0 days 00:01:18.974000,10508,294,8,99,False,0,car,4692.423888888891,0.8118817039420766,-7347.695114711613,-1396.957400088715,862.8717668225421,car,0 days 02:03:50.742000
2024-04-07 06:04:52.656,0 days 02:03:51.022000,0 days 00:01:19.254000,10516,295,8,99,False,0,car,4715.368333333336,0.8158515444962663,-7145.225337500762,-1465.5127297460717,862.933186893315,car,0 days 02:03:51.022000
2024-04-07 06:04:53.016,0 days 02:03:51.382000,0 days 00:01:19.614000,10559,297,8,99,False,0,car,4745.068333333335,0.8209902291458301,-6949.157143322386,-1531.5820780509248,863.0012772638672,car,0 days 02:03:51.382000
2024-04-07 06:04:53.416,0 days 02:03:51.782000,0 days 00:01:20.014000,10607,298,8,99,False,0,car,4778.179444444446,0.8267191031659197,-6638.667031830902,-1635.6169656402105,863.0001689068043,car,0 days 02:03:51.782000
2024-04-07 06:04:53.776,0 days 02:03:52.142000,0 days 00:01:20.374000,10627,298,8,99,False,0,car,4807.979444444446,0.8318750897840006,-6359.913725945544,-1729.283033836278,863.0001754722514,car,0 days 02:03:52.142000
2024-04-07 06:04:54.056,0 days 02:03:52.422000,0 days 00:01:20.654000,10638,299,8,99,False,0,car,4831.2350000000015,0.8358987586846878,-6105.938608511489,-1814.7287982942237,863.0017417851464,car,0 days 02:03:52.422000
2024-04-07 06:04:54.256,0 days 02:03:52.622000,0 days 00:01:20.854000,10630,299,8,99,False,0,car,4847.846111111113,0.8387728078994644,-5990.3728980845235,-1853.0996286433915,863.0200787045347,car,0 days 02:03:52.622000
2024-04-07 06:04:54.656,0 days 02:03:53.022000,0 days 00:01:21.254000,10660,299,8,99,False,0,car,4881.068333333335,0.8445209063290177,-5568.625200046376,-1995.4621178535692,863.1647563639688,car,0 days 02:03:53.022000
2024-04-07 06:04:54.856,0 days 02:03:53.222000,0 days 00:01:21.454000,10652,298,8,99,False,0,car,4897.62388888889,0.8473853433390625,-5495.694770439993,-2019.3258625401356,863.9077126061402,car,0 days 02:03:53.222000
2024-04-07 06:04:55.255,0 days 02:03:53.621000,0 days 00:01:21.853000,10620,298,8,99,False,0,car,4930.652222222224,0.853099895174102,-5200.063791371109,-2054.3170629838796,863.9986131564183,car,0 days 02:03:53.621000
2024-04-07 06:04:55.535,0 days 02:03:53.901000,0 days 00:01:22.133000,10561,296,8,99,False,0,car,4953.674444444446,0.8570831928149161,-4972.890667298427,-2009.9864472556135,864.0331751221128,car,0 days 02:03:53.901000
2024-04-07 06:04:55.775,0 days 02:03:54.141000,0 days 00:01:22.373000,10586,295,8,99,False,0,car,4973.341111111113,0.860485913289936,-4762.467622414306,-1936.8869306262418,864.7603562769115,car,0 days 02:03:54.141000
2024-04-07 06:04:56.255,0 days 02:03:54.621000,0 days 00:01:22.853000,10515,294,8,99,False,0,car,5012.541111111112,0.8672682849486193,-4415.21178745592,-1788.5131571667612,868.3188320316135,car,0 days 02:03:54.621000
2024-04-07 06:04:56.495,0 days 02:03:54.861000,0 days 00:01:23.093000,10516,294,8,99,False,0,car,5032.141111111112,0.870659470777961,-4242.367640623547,-1696.1682828897965,870.6444877706508,car,0 days 02:03:54.861000
2024-04-07 06:04:56.895,0 days 02:03:55.261000,0 days 00:01:23.493000,10517,295,8,99,False,0,car,5064.918888888889,0.8763306715696606,-3947.7304934532244,-1511.4401246393575,875.8179378717005,car,0 days 02:03:55.261000
2024-04-07 06:04:57.135,0 days 02:03:55.501000,0 days 00:01:23.733000,10520,295,8,99,False,0,car,5084.585555555556,0.8797333920446805,-3703.979549196083,-1334.2620807041362,881.5387702924191,car,0 days 02:03:55.501000
2024-04-07 06:04:57.415,0 days 02:03:55.781000,0 days 00:01:24.013000,10534,295,8,99,False,0,car,5107.530000000001,0.8837032325988702,-3619.8014861878482,-1264.4022345540757,883.1403553358555,car,0 days 02:03:55.781000
2024-04-07 06:04:57.615,0 days 02:03:55.981000,0 days 00:01:24.213000,10526,296,8,99,False,0,car,5123.974444444444,0.8865484451994515,-3486.442496372652,-1143.6444874169051,886.4017528216445,car,0 days 02:03:55.981000
2024-04-07 06:04:57.856,0 days 02:03:56.222000,0 days 00:01:24.454000,10535,296,8,99,False,0,car,5143.79,0.8899769263831523,-3351.7037808650566,-1019.0436486024506,889.3495836240508,car,0 days 02:03:56.222000
2024-04-07 06:04:58.336,0 days 02:03:56.702000,0 days 00:01:24.934000,10533,296,8,99,False,0,car,5183.256666666667,0.896805436624548,-2969.638401959382,-654.3060631127472,897.5538975533732,car,0 days 02:03:56.702000
2024-04-07 06:04:58.536,0 days 02:03:56.902000,0 days 00:01:25.134000,10485,296,8,99,False,0,car,5199.7011111111115,0.8996506492251295,-2883.605942884843,-569.848955970464,899.5607357168773,car,0 days 02:03:56.902000
2024-04-07 06:04:58.736,0 days 02:03:57.102000,0 days 00:01:25.334000,10484,296,8,99,False,0,car,5216.145555555556,0.902495861825711,-2817.880207456628,-503.87162804247856,901.6803845892465,car,0 days 02:03:57.102000
2024-04-07 06:04:59.056,0 days 02:03:57.422000,0 days 00:01:25.654000,10019,267,8,0,True,0,car,5239.8788888888885,0.9066021956870907,-2607.2856561912618,-294.08216806609533,906.7520373055904,car,0 days 02:03:57.422000
2024-04-07 06:04:59.296,0 days 02:03:57.662000,0 days 00:01:25.894000,9583,243,8,0,True,0,car,5256.078888888889,0.9094051145868529,-2508.1486107080245,-194.43859375228584,909.1109932193539,car,0 days 02:03:57.662000
2024-04-07 06:04:59.536,0 days 02:03:57.902000,0 days 00:01:26.134000,9824,217,8,0,True,0,car,5270.545555555555,0.911908132698986,-2396.4457494164053,-83.18628205001062,912.110613567853,car,0 days 02:03:57.902000
2024-04-07 06:04:59.896,0 days 02:03:58.262000,0 days 00:01:26.494000,10002,178,7,0,True,0,car,5288.345555555556,0.9149878830950209,-2280.5472373955054,28.87269451052668,914.7004791810583,car,0 days 02:03:58.262000
2024-04-07 06:05:00.096,0 days 02:03:58.462000,0 days 00:01:26.694000,9545,167,5,0,True,0,car,5297.623333333334,0.9165931212852139,-2249.9880586542095,52.46317833877812,915.3209559889563,car,0 days 02:03:58.462000
2024-04-07 06:05:00.336,0 days 02:03:58.702000,0 days 00:01:26.934000,9893,144,4,0,True,0,car,5307.223333333333,0.9182541102628506,-2167.313573807911,117.31945215434737,917.0367921490516,car,0 days 02:03:58.702000
2024-04-07 06:05:00.656,0 days 02:03:59.022000,0 days 00:01:27.254000,8590,123,3,1,True,0,car,5318.156666666667,0.920145792154048,-2073.990565739971,171.85580880832228,917.5923733679149,car,0 days 02:03:59.022000
2024-04-07 06:05:00.856,0 days 02:03:59.222000,0 days 00:01:27.454000,8170,111,3,0,True,0,car,5324.323333333333,0.921212746879266,-1992.4954295342518,203.81166529641337,917.5680977522544,car,0 days 02:03:59.222000
2024-04-07 06:05:01.016,0 days 02:03:59.382000,0 days 00:01:27.614000,7682,107,3,0,True,0,car,5329.078888888888,0.9220355516042991,-1929.939291513499,224.64853927161352,916.6126531472155,car,0 days 02:03:59.382000
2024-04-07 06:05:01.336,0 days 02:03:59.702000,0 days 00:01:27.934000,7149,100,3,0,True,0,car,5337.967777777777,0.9235735043613701,-1879.348441805089,231.8785549854202,915.9957913834802,car,0 days 02:03:59.702000
2024-04-07 06:05:01.536,0 days 02:03:59.902000,0 days 00:01:28.134000,6933,95,3,0,True,0,car,5343.245555555555,0.9244866638108811,-1826.6176183965006,235.24313437224276,915.6258722725516,car,0 days 02:03:59.902000
2024-04-07 06:05:01.775,0 days 02:04:00.141000,0 days 00:01:28.373000,6756,91,3,3,True,0,car,5349.286944444444,0.9255319430144292,-1768.680560447732,230.04318615551875,913.4374611377295,car,0 days 02:04:00.141000
2024-04-07 06:05:02.095,0 days 02:04:00.461000,0 days 00:01:28.693000,6756,88,3,3,False,0,car,5357.109166666666,0.9268853414406517,-1671.9925540491577,184.81378733726518,910.9771315039424,car,0 days 02:04:00.461000
2024-04-07 06:05:02.495,0 days 02:04:00.861000,0 days 00:01:29.093000,6975,89,3,41,False,0,car,5366.998055555555,0.9285963138828933,-1588.8846187245972,116.8760892625761,908.0299511931099,car,0 days 02:04:00.861000
2024-04-07 06:05:02.775,0 days 02:04:01.141000,0 days 00:01:29.373000,7112,91,3,51,False,0,car,5374.075833333332,0.9298209087657111,-1558.670886962781,89.42917877436655,907.3005672899669,car,0 days 02:04:01.141000
2024-04-07 06:05:03.135,0 days 02:04:01.501000,0 days 00:01:29.733000,7045,98,3,0,True,0,car,5383.875833333333,0.931516501680382,-1481.0848662544315,43.65549630886205,904.9273940248659,car,0 days 02:04:01.501000
2024-04-07 06:05:03.415,0 days 02:04:01.781000,0 days 00:01:30.013000,6643,94,3,0,False,0,car,5391.186944444444,0.932781467823073,-1404.2069127055508,25.773520789256043,903.7324071251428,car,0 days 02:04:01.781000
2024-04-07 06:05:03.655,0 days 02:04:02.021000,0 days 00:01:30.253000,6633,92,3,13,False,0,car,5397.320277777777,0.933842655225452,-1305.0217274690415,25.02958283689076,902.3900121259246,car,0 days 02:04:02.021000
2024-04-07 06:05:03.975,0 days 02:04:02.341000,0 days 00:01:30.573000,6972,91,3,35,False,0,car,5405.409166666665,0.9352421922343866,-1228.761558717264,46.36733809625853,901.0842414449365,car,0 days 02:04:02.341000
2024-04-07 06:05:04.336,0 days 02:04:02.702000,0 days 00:01:30.934000,7098,93,3,43,False,0,car,5414.734999999999,0.9368557449816725,-1185.471639377688,66.19608864974015,900.9074272401269,car,0 days 02:04:02.702000
2024-04-07 06:05:04.536,0 days 02:04:02.902000,0 days 00:01:31.134000,7611,96,3,53,False,0,car,5420.068333333332,0.937778516635915,-1139.9781254516556,94.389804525955,899.7545032199793,car,0 days 02:04:02.902000
2024-04-07 06:05:04.816,0 days 02:04:03.182000,0 days 00:01:31.414000,8249,104,3,62,False,0,car,5428.15722222222,0.9391780536448497,-1076.8086191849648,144.5499995513995,898.2073698649241,car,0 days 02:04:03.182000
2024-04-07 06:05:05.056,0 days 02:04:03.422000,0 days 00:01:31.654000,9392,114,3,75,False,0,car,5435.75722222222,0.9404930032521454,-1019.86250589335,201.09862900862865,895.3265961624285,car,0 days 02:04:03.422000
2024-04-07 06:05:05.456,0 days 02:04:03.822000,0 days 00:01:32.054000,8211,125,3,72,False,0,car,5449.646111111108,0.942896054435069,-922.8111509164777,289.9228667781816,890.4197919911786,car,0 days 02:04:03.822000
2024-04-07 06:05:05.656,0 days 02:04:04.022000,0 days 00:01:32.254000,8528,131,4,73,False,0,car,5456.923888888887,0.944155253254921,-845.7709129516832,350.24555976937546,886.8039832427069,car,0 days 02:04:04.022000
2024-04-07 06:05:06.016,0 days 02:04:04.382000,0 days 00:01:32.614000,8528,145,4,73,False,0,car,5471.423888888887,0.9466640386898932,-754.8969604071045,406.45997238463553,882.1446214587877,car,0 days 02:04:04.382000
2024-04-07 06:05:06.176,0 days 02:04:04.542000,0 days 00:01:32.774000,8668,148,4,73,False,0,car,5478.001666666664,0.9478021237301257,-688.4739338271323,437.2405541008171,878.7703373349964,car,0 days 02:04:04.542000
2024-04-07 06:05:06.416,0 days 02:04:04.782000,0 days 00:01:33.014000,10348,155,4,84,False,0,car,5488.334999999997,0.9495899938102208,-599.6061805348509,463.32427509331615,875.5013806466359,car,0 days 02:04:04.782000
2024-04-07 06:05:06.616,0 days 02:04:04.982000,0 days 00:01:33.214000,10950,162,4,84,False,0,car,5497.334999999997,0.9511471709767553,-511.4531773472656,479.13702366730416,867.251351252047,car,0 days 02:04:04.982000
2024-04-07 06:05:06.896,0 days 02:04:05.262000,0 days 00:01:33.494000,11494,178,4,99,False,0,car,5511.179444444442,0.9535425323958936,-377.8113357418388,489.30112948730584,860.2370463736752,car,0 days 02:04:05.262000
2024-04-07 06:05:07.056,0 days 02:04:05.422000,0 days 00:01:33.654000,11939,185,4,99,False,0,car,5519.401666666664,0.9549651386961843,-297.0149291478623,489.9272196006858,853.219869770859,car,0 days 02:04:05.422000
2024-04-07 06:05:07.216,0 days 02:04:05.582000,0 days 00:01:33.814000,11239,189,4,99,False,0,car,5527.801666666664,0.9564185040516164,-215.0016907115669,486.67653970500515,842.6034121958149,car,0 days 02:04:05.582000
2024-04-07 06:05:07.496,0 days 02:04:05.862000,0 days 00:01:34.094000,10753,196,5,99,False,0,car,5543.046111111108,0.9590560930299933,8.132070045229517,454.1958137324622,831.3760926921154,car,0 days 02:04:05.862000
2024-04-07 06:05:07.736,0 days 02:04:06.102000,0 days 00:01:34.334000,11211,205,5,99,False,0,car,5556.712777777775,0.9614206953939902,143.5335415160787,417.78695656789296,821.0062954568754,car,0 days 02:04:06.102000
2024-04-07 06:05:07.936,0 days 02:04:06.302000,0 days 00:01:34.534000,11463,210,5,99,False,0,car,5568.379444444442,0.963439258387646,258.9775457965569,380.5939403742853,814.7651427898264,car,0 days 02:04:06.302000
2024-04-07 06:05:08.376,0 days 02:04:06.742000,0 days 00:01:34.974000,11273,223,5,99,False,0,car,5595.6349999999975,0.9681550060290153,493.2667915006332,284.4725295130855,799.5800261268275,car,0 days 02:04:06.742000
2024-04-07 06:05:08.815,0 days 02:04:07.181000,0 days 00:01:35.413000,10721,233,6,99,False,0,car,5624.048055555552,0.9730710239559692,736.2815934126164,141.17776417299825,785.4426437215889,car,0 days 02:04:07.181000
2024-04-07 06:05:09.015,0 days 02:04:07.381000,0 days 00:01:35.613000,10889,237,6,99,False,0,car,5637.214722222219,0.9753491164773808,849.4308956235682,61.696911050520896,781.1551627569117,car,0 days 02:04:07.381000
2024-04-07 06:05:09.175,0 days 02:04:07.541000,0 days 00:01:35.773000,11047,240,6,99,False,0,car,5647.881388888885,0.977194659785866,923.8754245036508,1.7231510963683374,777.4486900539264,car,0 days 02:04:07.541000
2024-04-07 06:05:09.615,0 days 02:04:07.981000,0 days 00:01:36.213000,11367,247,6,99,False,0,car,5678.070277777774,0.9824179318370686,1156.3268254179134,-221.22830421913991,768.1463714477851,car,0 days 02:04:07.981000
2024-04-07 06:05:10.015,0 days 02:04:08.381000,0 days 00:01:36.613000,11634,254,6,99,False,0,car,5706.292499999997,0.9873009318407694,1345.3349491802187,-426.803328626572,759.191265409878,car,0 days 02:04:08.381000
2024-04-07 06:05:10.455,0 days 02:04:08.821000,0 days 00:01:37.053000,10681,261,7,99,False,0,car,5738.1924999999965,0.9928202597977083,1532.234024525222,-647.388606363076,749.4949075768359,car,0 days 02:04:08.821000
2024-04-07 06:05:10.695,0 days 02:04:09.061000,0 days 00:01:37.293000,10629,264,7,99,False,0,car,5755.792499999997,0.995865406256709,1610.9695067400114,-740.2934938239689,746.477794520167,car,0 days 02:04:09.061000
