Date_x,SessionTime_x,Time,RPM_x,Speed_x,nGear_x,Throttle_x,Brake_x,DRS_x,Source_x,Distance,RelativeDistance,X,Y,Z,Source_y,SessionTime_y
2024-03-24 04:31:00.935,0 days 01:26:17.737000,0 days 00:00:00.272000,11019,308,8,100,False,12,car,23.277777777777782,0.004436272573904172,-1436,-1103,83,car,0 days 01:26:17.737000
2024-03-24 04:31:01.135,0 days 01:26:17.937000,0 days 00:00:00.472000,11068,310,8,100,False,12,car,40.5,0.007718479012830885,-1559,-987,82,car,0 days 01:26:17.937000
2024-03-24 04:31:01.295,0 days 01:26:18.097000,0 days 00:00:00.632000,11089,311,8,100,False,12,car,54.32222222222222,0.010352714374137229,-1659,-892,81,car,0 days 01:26:18.097000
2024-03-24 04:31:01.535,0 days 01:26:18.337000,0 days 00:00:00.872000,11092,311,8,100,False,12,car,75.05555555555556,0.014304067416096744,-1809,-748,79,car,0 days 01:26:18.337000
2024-03-24 04:31:01.815,0 days 01:26:18.617000,0 days 00:00:01.152000,11194,313,8,100,False,12,car,99.39999999999999,0.018943625033960246,-1985,-581,79,car,0 days 01:26:18.617000
2024-03-24 04:31:02.095,0 days 01:26:18.897000,0 days 00:00:01.432000,11063,313,8,100,False,12,car,123.74444444444444,0.02358318265182375,-2162,-413,77,car,0 days 01:26:18.897000
2024-03-24 04:31:02.335,0 days 01:26:19.137000,0 days 00:00:01.672000,11167,313,8,100,False,12,car,144.61111111111111,0.027559946324278183,-2313,-269,77,car,0 days 01:26:19.137000
2024-03-24 04:31:02.535,0 days 01:26:19.337000,0 days 00:00:01.872000,11167,313,8,100,False,12,car,162.00000000000003,0.030873916051323547,-2439,-149,76,car,0 days 01:26:19.337000
2024-03-24 04:31:02.775,0 days 01:26:19.577000,0 days 00:00:02.112000,11090,312,8,100,False,12,car,182.80000000000004,0.03483797440853052,-2590,-6,75,car,0 days 01:26:19.577000
2024-03-24 04:31:03.015,0 days 01:26:19.817000,0 days 00:00:02.352000,11076,311,8,100,False,12,car,203.53333333333336,0.03878932745049003,-2743,137,76,car,0 days 01:26:19.817000
2024-03-24 04:31:03.215,0 days 01:26:20.017000,0 days 00:00:02.552000,11095,311,8,100,False,12,car,220.81111111111116,0.04208212165212297,-2867,256,75,car,0 days 01:26:20.017000
2024-03-24 04:31:03.375,0 days 01:26:20.177000,0 days 00:00:02.712000,10886,309,8,53,True,12,car,234.5444444444445,0.044699416593099374,-2974,357,76,car,0 days 01:26:20.177000
2024-03-24 04:31:03.815,0 days 01:26:20.617000,0 days 00:00:03.152000,9516,251,8,0,True,8,car,265.2222222222223,0.050545979159471406,-3232,599,77,car,0 days 01:26:20.617000
2024-03-24 04:31:03.974,0 days 01:26:20.776000,0 days 00:00:03.311000,9871,239,8,0,True,8,car,275.7780555555556,0.05255770701246583,-3289,654,78,car,0 days 01:26:20.776000
2024-03-24 04:31:04.134,0 days 01:26:20.936000,0 days 00:00:03.471000,10416,219,7,0,True,8,car,285.511388888889,0.054412683038594735,-3365,729,79,car,0 days 01:26:20.936000
2024-03-24 04:31:04.294,0 days 01:26:21.096000,0 days 00:00:03.631000,10384,208,6,0,True,8,car,294.7558333333334,0.05617448675290894,-3431,800,80,car,0 days 01:26:21.096000
2024-03-24 04:31:04.494,0 days 01:26:21.296000,0 days 00:00:03.831000,9404,190,6,0,True,8,car,305.3113888888889,0.05818616166708983,-3499,881,81,car,0 days 01:26:21.296000
2024-03-24 04:31:04.814,0 days 01:26:21.616000,0 days 00:00:04.151000,10103,171,5,0,True,8,car,320.5113888888889,0.061082973543510305,-3588,1010,80,car,0 days 01:26:21.616000
2024-03-24 04:31:05.014,0 days 01:26:21.816000,0 days 00:00:04.351000,9720,164,4,0,True,8,car,329.62250000000006,0.0628193666273296,-3630,1090,79,car,0 days 01:26:21.816000
2024-03-24 04:31:05.174,0 days 01:26:21.976000,0 days 00:00:04.511000,9704,162,4,0,True,8,car,336.82250000000005,0.0641915406740551,-3654,1155,79,car,0 days 01:26:21.976000
2024-03-24 04:31:05.374,0 days 01:26:22.176000,0 days 00:00:04.711000,9564,157,4,0,True,8,car,345.5447222222223,0.06585381941893088,-3669,1238,80,car,0 days 01:26:22.176000
2024-03-24 04:31:05.574,0 days 01:26:22.376000,0 days 00:00:04.911000,9558,155,4,21,False,8,car,354.15583333333336,0.06749492263839424,-3670,1324,81,car,0 days 01:26:22.376000
2024-03-24 04:31:05.734,0 days 01:26:22.536000,0 days 00:00:05.071000,9558,152,4,45,False,8,car,360.91138888888895,0.06878239458347,-3662,1398,82,car,0 days 01:26:22.536000
2024-03-24 04:31:06.055,0 days 01:26:22.857000,0 days 00:00:05.392000,9710,155,4,76,False,8,car,374.73222222222233,0.07141636525070871,-3634,1540,82,car,0 days 01:26:22.857000
2024-03-24 04:31:06.255,0 days 01:26:23.057000,0 days 00:00:05.592000,10197,162,4,85,False,8,car,383.7322222222223,0.07313158280911557,-3613,1626,81,car,0 days 01:26:23.057000
2024-03-24 04:31:06.495,0 days 01:26:23.297000,0 days 00:00:05.832000,10478,169,4,87,False,8,car,394.9988888888889,0.075278781085936,-3587,1726,82,car,0 days 01:26:23.297000
2024-03-24 04:31:06.855,0 days 01:26:23.657000,0 days 00:00:06.192000,11203,185,4,100,False,8,car,413.4988888888889,0.07880450606710566,-3554,1957,82,car,0 days 01:26:23.657000
2024-03-24 04:31:07.375,0 days 01:26:24.177000,0 days 00:00:06.712000,10528,199,5,100,False,8,car,442.24333333333334,0.08428261449130141,-3563,2177,83,car,0 days 01:26:24.177000
2024-03-24 04:31:07.615,0 days 01:26:24.417000,0 days 00:00:06.952000,11034,208,5,100,False,8,car,456.11,0.08692532006277272,-3594,2342,84,car,0 days 01:26:24.417000
2024-03-24 04:31:07.975,0 days 01:26:24.777000,0 days 00:00:07.312000,11122,216,5,100,False,8,car,477.71000000000004,0.0910418422029492,-3653,2521,84,car,0 days 01:26:24.777000
2024-03-24 04:31:08.375,0 days 01:26:25.177000,0 days 00:00:07.712000,10179,224,6,100,False,8,car,502.5988888888889,0.09578515989533361,-3773,2727,86,car,0 days 01:26:25.177000
2024-03-24 04:31:08.775,0 days 01:26:25.577000,0 days 00:00:08.112000,10531,232,6,100,False,8,car,528.3766666666667,0.10069788179101746,-3933,2924,87,car,0 days 01:26:25.577000
2024-03-24 04:31:09.175,0 days 01:26:25.977000,0 days 00:00:08.512000,10831,240,6,100,False,10,car,555.0433333333334,0.10578000789000078,-4115,3102,89,car,0 days 01:26:25.977000
2024-03-24 04:31:09.375,0 days 01:26:26.177000,0 days 00:00:08.712000,11020,244,6,100,False,14,car,568.598888888889,0.10836342199031729,-4217,3188,89,car,0 days 01:26:26.177000
2024-03-24 04:31:09.615,0 days 01:26:26.417000,0 days 00:00:08.952000,11290,251,6,100,False,12,car,585.3322222222223,0.11155245611742931,-4410,3355,87,car,0 days 01:26:26.417000
2024-03-24 04:31:09.815,0 days 01:26:26.617000,0 days 00:00:09.152000,11479,255,6,100,False,12,car,599.4988888888889,0.11425233560751417,-4457,3396,87,car,0 days 01:26:26.617000
2024-03-24 04:31:10.015,0 days 01:26:26.817000,0 days 00:00:09.352000,11479,260,6,100,False,12,car,613.9433333333335,0.11700515391113016,-4548,3480,87,car,0 days 01:26:26.817000
2024-03-24 04:31:10.175,0 days 01:26:26.977000,0 days 00:00:09.512000,11642,260,6,100,False,12,car,625.498888888889,0.11920740855402291,-4641,3566,87,car,0 days 01:26:26.977000
2024-03-24 04:31:10.335,0 days 01:26:27.137000,0 days 00:00:09.672000,11642,263,6,100,False,12,car,637.1877777777779,0.12143507382741059,-4726,3646,88,car,0 days 01:26:27.137000
2024-03-24 04:31:10.574,0 days 01:26:27.376000,0 days 00:00:09.911000,10602,267,7,100,False,12,car,654.9136111111112,0.12481325833526914,-4853,3768,89,car,0 days 01:26:27.376000
2024-03-24 04:31:10.774,0 days 01:26:27.576000,0 days 00:00:10.111000,10702,272,7,100,False,12,car,670.0247222222224,0.1276931297913597,-4960,3874,90,car,0 days 01:26:27.576000
2024-03-24 04:31:11.054,0 days 01:26:27.856000,0 days 00:00:10.391000,10917,276,7,100,False,12,car,691.491388888889,0.13178424130104124,-5110,4027,90,car,0 days 01:26:27.856000
2024-03-24 04:31:11.254,0 days 01:26:28.056000,0 days 00:00:10.591000,11049,279,7,100,False,12,car,706.991388888889,0.13473822709607527,-5218,4138,89,car,0 days 01:26:28.056000
2024-03-24 04:31:11.614,0 days 01:26:28.416000,0 days 00:00:10.951000,11208,284,7,100,False,12,car,735.3913888888891,0.1401506913914925,-5411,4344,89,car,0 days 01:26:28.416000
2024-03-24 04:31:11.814,0 days 01:26:28.616000,0 days 00:00:11.151000,11313,287,7,100,False,12,car,751.3358333333334,0.14318937928817624,-5516,4461,88,car,0 days 01:26:28.616000
2024-03-24 04:31:12.014,0 days 01:26:28.816000,0 days 00:00:11.351000,11378,289,7,100,False,12,car,767.3913888888891,0.14624924271027245,-5662,4628,88,car,0 days 01:26:28.816000
2024-03-24 04:31:12.334,0 days 01:26:29.136000,0 days 00:00:11.671000,10167,292,8,100,False,12,car,793.3469444444445,0.15119584544661618,-5786,4775,86,car,0 days 01:26:29.136000
2024-03-24 04:31:12.695,0 days 01:26:29.497000,0 days 00:00:12.032000,10498,293,8,100,False,12,car,822.7283333333335,0.1567953425702387,-5994,5032,85,car,0 days 01:26:29.497000
2024-03-24 04:31:12.895,0 days 01:26:29.697000,0 days 00:00:12.232000,10415,294,8,100,False,12,car,839.0616666666667,0.15990814480586596,-6089,5152,84,car,0 days 01:26:29.697000
2024-03-24 04:31:13.295,0 days 01:26:30.097000,0 days 00:00:12.632000,10551,295,8,100,False,12,car,871.8394444444446,0.16615492480253294,-6278,5402,85,car,0 days 01:26:30.097000
2024-03-24 04:31:13.495,0 days 01:26:30.297000,0 days 00:00:12.832000,10543,295,8,100,False,12,car,888.2283333333336,0.16927831480086644,-6373,5535,82,car,0 days 01:26:30.297000
2024-03-24 04:31:13.655,0 days 01:26:30.457000,0 days 00:00:12.992000,10543,296,8,100,False,12,car,901.3838888888891,0.17178549700969822,-6449,5642,83,car,0 days 01:26:30.457000
2024-03-24 04:31:13.855,0 days 01:26:30.657000,0 days 00:00:13.192000,9933,294,8,0,True,0,car,917.7172222222224,0.17489829924532546,-6542,5775,82,car,0 days 01:26:30.657000
2024-03-24 04:31:14.095,0 days 01:26:30.897000,0 days 00:00:13.432000,9435,271,8,0,True,0,car,935.7838888888891,0.17834143967738667,-6647,5929,81,car,0 days 01:26:30.897000
2024-03-24 04:31:14.295,0 days 01:26:31.097000,0 days 00:00:13.632000,8805,254,8,0,True,0,car,949.8950000000002,0.18103073140476533,-6726,6047,82,car,0 days 01:26:31.097000
2024-03-24 04:31:14.575,0 days 01:26:31.377000,0 days 00:00:13.912000,9047,234,8,0,True,0,car,968.0950000000003,0.18449928246732145,-6828,6203,83,car,0 days 01:26:31.377000
2024-03-24 04:31:14.815,0 days 01:26:31.617000,0 days 00:00:14.152000,9217,209,7,0,True,0,car,982.0283333333335,0.1871546933540402,-6906,6318,83,car,0 days 01:26:31.617000
2024-03-24 04:31:15.015,0 days 01:26:31.817000,0 days 00:00:14.352000,9904,201,7,0,True,0,car,993.1950000000003,0.18928283365798948,-7001,6466,86,car,0 days 01:26:31.817000
2024-03-24 04:31:15.215,0 days 01:26:32.017000,0 days 00:00:14.552000,10456,182,7,0,True,0,car,1003.3061111111114,0.19120980647052063,-7068,6571,88,car,0 days 01:26:32.017000
2024-03-24 04:31:15.535,0 days 01:26:32.337000,0 days 00:00:14.872000,10211,166,4,0,True,0,car,1018.061666666667,0.1940219162452914,-7103,6631,88,car,0 days 01:26:32.337000
2024-03-24 04:31:15.735,0 days 01:26:32.537000,0 days 00:00:15.072000,10211,144,3,0,True,0,car,1026.061666666667,0.1955465540749864,-7136,6692,87,car,0 days 01:26:32.537000
2024-03-24 04:31:16.215,0 days 01:26:33.017000,0 days 00:00:15.552000,8531,121,3,0,True,0,car,1042.1950000000004,0.1986212403648713,-7205,6897,87,car,0 days 01:26:33.017000
2024-03-24 04:31:16.535,0 days 01:26:33.337000,0 days 00:00:15.872000,7880,111,3,0,True,0,car,1052.061666666667,0.2005016270214951,-7210,6961,87,car,0 days 01:26:33.337000
2024-03-24 04:31:16.695,0 days 01:26:33.497000,0 days 00:00:16.032000,7740,109,3,0,True,0,car,1056.9061111111114,0.20142487992947708,-7209,7001,86,car,0 days 01:26:33.497000
2024-03-24 04:31:16.895,0 days 01:26:33.697000,0 days 00:00:16.232000,7035,104,3,0,True,0,car,1062.6838888888892,0.20252600725092346,-7203,7060,85,car,0 days 01:26:33.697000
2024-03-24 04:31:17.215,0 days 01:26:34.017000,0 days 00:00:16.552000,6720,97,3,0,True,0,car,1071.3061111111115,0.20416922802292806,-7180,7139,86,car,0 days 01:26:34.017000
2024-03-24 04:31:17.454,0 days 01:26:34.256000,0 days 00:00:16.791000,6446,93,3,2,True,0,car,1077.4802777777782,0.2053458990312833,-7127,7222,88,car,0 days 01:26:34.256000
2024-03-24 04:31:17.654,0 days 01:26:34.456000,0 days 00:00:16.991000,6649,90,3,8,False,0,car,1082.4802777777782,0.20629879767484266,-7106,7242,87,car,0 days 01:26:34.456000
2024-03-24 04:31:17.894,0 days 01:26:34.696000,0 days 00:00:17.231000,6718,91,3,32,False,0,car,1088.5469444444448,0.20745498136236135,-7066,7266,88,car,0 days 01:26:34.696000
2024-03-24 04:31:18.054,0 days 01:26:34.856000,0 days 00:00:17.391000,6909,93,3,38,False,0,car,1092.680277777778,0.20824271090770374,-7027,7286,89,car,0 days 01:26:34.856000
2024-03-24 04:31:18.494,0 days 01:26:35.296000,0 days 00:00:17.831000,7469,98,3,48,False,0,car,1104.6580555555558,0.21052543254716377,-6910,7317,88,car,0 days 01:26:35.296000
2024-03-24 04:31:18.854,0 days 01:26:35.656000,0 days 00:00:18.191000,8004,107,3,62,False,0,car,1115.358055555556,0.21256463564438083,-6804,7333,87,car,0 days 01:26:35.656000
2024-03-24 04:31:19.014,0 days 01:26:35.816000,0 days 00:00:18.351000,8423,112,3,65,False,0,car,1120.3358333333338,0.21351329918285772,-6757,7340,87,car,0 days 01:26:35.816000
2024-03-24 04:31:19.335,0 days 01:26:36.137000,0 days 00:00:18.672000,9235,123,3,79,False,0,car,1131.3033333333337,0.21560348235750518,-6631,7355,86,car,0 days 01:26:36.137000
2024-03-24 04:31:19.535,0 days 01:26:36.337000,0 days 00:00:18.872000,9744,132,3,86,False,0,car,1138.636666666667,0.21700106703472558,-6541,7364,85,car,0 days 01:26:36.337000
2024-03-24 04:31:19.775,0 days 01:26:36.577000,0 days 00:00:19.112000,10081,140,3,89,False,0,car,1147.9700000000003,0.21877981116936973,-6466,7371,86,car,0 days 01:26:36.577000
2024-03-24 04:31:20.095,0 days 01:26:36.897000,0 days 00:00:19.432000,9105,149,4,80,False,0,car,1161.2144444444448,0.22130393379853144,-6278,7405,84,car,0 days 01:26:36.897000
2024-03-24 04:31:20.495,0 days 01:26:37.297000,0 days 00:00:19.832000,9472,154,4,53,False,0,car,1178.325555555556,0.22456496471204576,-6180,7439,84,car,0 days 01:26:37.297000
2024-03-24 04:31:20.775,0 days 01:26:37.577000,0 days 00:00:20.112000,9429,154,4,15,False,0,car,1190.3033333333337,0.22684768635150573,-6073,7496,83,car,0 days 01:26:37.577000
2024-03-24 04:31:21.095,0 days 01:26:37.897000,0 days 00:00:20.432000,9158,151,4,27,False,0,car,1203.725555555556,0.22940568982132734,-5970,7579,84,car,0 days 01:26:37.897000
2024-03-24 04:31:21.255,0 days 01:26:38.057000,0 days 00:00:20.592000,9186,149,4,23,False,0,car,1210.3477777777782,0.23066775113590818,-5928,7626,84,car,0 days 01:26:38.057000
2024-03-24 04:31:21.495,0 days 01:26:38.297000,0 days 00:00:20.832000,9160,148,4,31,False,0,car,1220.214444444445,0.23254813779253203,-5853,7765,86,car,0 days 01:26:38.297000
2024-03-24 04:31:21.775,0 days 01:26:38.577000,0 days 00:00:21.112000,9175,149,4,57,False,0,car,1231.8033333333337,0.2347567450930485,-5817,7880,88,car,0 days 01:26:38.577000
2024-03-24 04:31:21.935,0 days 01:26:38.737000,0 days 00:00:21.272000,9507,152,4,71,False,0,car,1238.5588888888892,0.23604421703812425,-5814,7928,88,car,0 days 01:26:38.737000
2024-03-24 04:31:22.175,0 days 01:26:38.977000,0 days 00:00:21.512000,9795,153,4,80,False,0,car,1248.7588888888893,0.23798813027098537,-5810,8006,89,car,0 days 01:26:38.977000
2024-03-24 04:31:22.415,0 days 01:26:39.217000,0 days 00:00:21.752000,10486,166,4,92,False,0,car,1259.8255555555559,0.24009721260206343,-5811,8099,89,car,0 days 01:26:39.217000
2024-03-24 04:31:22.735,0 days 01:26:39.537000,0 days 00:00:22.072000,11316,178,4,100,False,0,car,1275.6477777777782,0.24311260742079355,-5835,8312,90,car,0 days 01:26:39.537000
2024-03-24 04:31:23.055,0 days 01:26:39.857000,0 days 00:00:22.392000,10877,190,4,100,False,0,car,1292.536666666667,0.24633128728348297,-5854,8446,89,car,0 days 01:26:39.857000
2024-03-24 04:31:23.255,0 days 01:26:40.057000,0 days 00:00:22.592000,10277,196,5,100,False,0,car,1303.425555555556,0.24840648877390115,-5865,8519,90,car,0 days 01:26:40.057000
2024-03-24 04:31:23.455,0 days 01:26:40.257000,0 days 00:00:22.792000,10619,199,5,100,False,0,car,1314.4811111111117,0.250513453552438,-5883,8632,91,car,0 days 01:26:40.257000
2024-03-24 04:31:23.655,0 days 01:26:40.457000,0 days 00:00:22.992000,10619,209,5,100,False,0,car,1326.0922222222227,0.252726295958037,-5902,8742,91,car,0 days 01:26:40.457000
2024-03-24 04:31:23.935,0 days 01:26:40.737000,0 days 00:00:23.272000,11223,214,5,100,False,0,car,1342.7366666666671,0.25589838966481904,-5929,8934,93,car,0 days 01:26:40.737000
2024-03-24 04:31:24.174,0 days 01:26:40.976000,0 days 00:00:23.511000,10068,222,6,100,False,0,car,1357.4750000000006,0.2587072172331509,-5945,9095,93,car,0 days 01:26:40.976000
2024-03-24 04:31:24.374,0 days 01:26:41.176000,0 days 00:00:23.711000,10219,227,6,100,False,0,car,1370.0861111111117,0.26111063936746176,-5947,9192,92,car,0 days 01:26:41.176000
2024-03-24 04:31:24.614,0 days 01:26:41.416000,0 days 00:00:23.951000,10493,232,6,94,False,0,car,1385.5527777777784,0.26405827250487207,-5938,9347,95,car,0 days 01:26:41.416000
2024-03-24 04:31:25.134,0 days 01:26:41.936000,0 days 00:00:24.471000,10556,235,6,65,False,0,car,1419.4972222222227,0.2705273955183695,-5866,9697,94,car,0 days 01:26:41.936000
2024-03-24 04:31:25.454,0 days 01:26:42.256000,0 days 00:00:24.791000,10533,233,6,73,False,0,car,1440.208333333334,0.2744745134552466,-5777,9864,95,car,0 days 01:26:42.256000
2024-03-24 04:31:25.815,0 days 01:26:42.617000,0 days 00:00:25.152000,10697,235,6,90,False,0,car,1463.7736111111117,0.2789655777011554,-5627,10049,97,car,0 days 01:26:42.617000
2024-03-24 04:31:26.055,0 days 01:26:42.857000,0 days 00:00:25.392000,10864,239,6,100,False,0,car,1479.7069444444448,0.2820021480452979,-5508,10159,97,car,0 days 01:26:42.857000
2024-03-24 04:31:26.255,0 days 01:26:43.057000,0 days 00:00:25.592000,10835,239,6,100,False,0,car,1492.9847222222227,0.28453262333208335,-5355,10282,98,car,0 days 01:26:43.057000
2024-03-24 04:31:26.455,0 days 01:26:43.257000,0 days 00:00:25.792000,11071,245,6,100,False,0,car,1506.595833333334,0.2871266251951061,-5263,10354,97,car,0 days 01:26:43.257000
2024-03-24 04:31:26.615,0 days 01:26:43.417000,0 days 00:00:25.952000,11098,248,6,100,False,0,car,1517.618055555556,0.2892272373160192,-5215,10388,97,car,0 days 01:26:43.417000
2024-03-24 04:31:26.895,0 days 01:26:43.697000,0 days 00:00:26.232000,11340,251,6,100,False,0,car,1537.1402777777782,0.2929477771309832,-5068,10495,95,car,0 days 01:26:43.697000
2024-03-24 04:31:27.135,0 days 01:26:43.937000,0 days 00:00:26.472000,11517,257,6,100,False,0,car,1554.2736111111117,0.29621304314957997,-4927,10590,93,car,0 days 01:26:43.937000
2024-03-24 04:31:27.535,0 days 01:26:44.337000,0 days 00:00:26.872000,10571,263,6,100,False,0,car,1583.4958333333338,0.30178220633304914,-4569,10799,92,car,0 days 01:26:44.337000
2024-03-24 04:31:27.815,0 days 01:26:44.617000,0 days 00:00:27.152000,10575,266,7,100,False,0,car,1604.1847222222227,0.3057250891648437,-4454,10858,92,car,0 days 01:26:44.617000
2024-03-24 04:31:28.095,0 days 01:26:44.897000,0 days 00:00:27.432000,10669,270,7,100,False,0,car,1625.1847222222225,0.309727263467793,-4309,10923,91,car,0 days 01:26:44.897000
2024-03-24 04:31:28.415,0 days 01:26:45.217000,0 days 00:00:27.752000,10775,274,7,100,False,0,car,1649.540277777778,0.31436893863819776,-4088,11020,91,car,0 days 01:26:45.217000
2024-03-24 04:31:28.615,0 days 01:26:45.417000,0 days 00:00:27.952000,10866,275,7,100,False,0,car,1664.8180555555562,0.317280573382407,-3937,11086,90,car,0 days 01:26:45.417000
2024-03-24 04:31:28.935,0 days 01:26:45.737000,0 days 00:00:28.272000,10778,276,7,100,False,0,car,1689.3513888888892,0.32195612939347157,-3652,11210,89,car,0 days 01:26:45.737000
2024-03-24 04:31:29.095,0 days 01:26:45.897000,0 days 00:00:28.432000,10778,276,7,100,False,0,car,1701.6180555555559,0.3242939073990039,-3535,11263,89,car,0 days 01:26:45.897000
2024-03-24 04:31:29.295,0 days 01:26:46.097000,0 days 00:00:28.632000,10833,276,7,100,False,0,car,1716.9513888888894,0.3272161299059193,-3418,11315,90,car,0 days 01:26:46.097000
2024-03-24 04:31:29.655,0 days 01:26:46.457000,0 days 00:00:28.992000,10809,275,7,100,False,0,car,1744.4513888888894,0.3324570724454958,-3211,11411,89,car,0 days 01:26:46.457000
2024-03-24 04:31:29.815,0 days 01:26:46.617000,0 days 00:00:29.152000,10823,275,7,100,False,0,car,1756.6736111111115,0.3347863802408632,-3102,11463,88,car,0 days 01:26:46.617000
2024-03-24 04:31:30.095,0 days 01:26:46.897000,0 days 00:00:29.432000,10354,269,7,0,True,0,car,1777.5958333333335,0.3387737316760238,-2915,11559,88,car,0 days 01:26:46.897000
2024-03-24 04:31:30.255,0 days 01:26:47.057000,0 days 00:00:29.592000,10756,242,7,0,True,0,car,1788.351388888889,0.34082352253594705,-2789,11634,88,car,0 days 01:26:47.057000
2024-03-24 04:31:30.455,0 days 01:26:47.257000,0 days 00:00:29.792000,9963,227,6,0,True,0,car,1800.9625000000003,0.34322694467025794,-2683,11700,89,car,0 days 01:26:47.257000
2024-03-24 04:31:30.734,0 days 01:26:47.536000,0 days 00:00:30.071000,9344,214,6,0,True,0,car,1817.5475000000004,0.3463877094709444,-2563,11773,88,car,0 days 01:26:47.536000
2024-03-24 04:31:31.134,0 days 01:26:47.936000,0 days 00:00:30.471000,8959,204,6,1,True,0,car,1840.2141666666669,0.35070751665508015,-2352,11849,86,car,0 days 01:26:47.936000
2024-03-24 04:31:31.294,0 days 01:26:48.096000,0 days 00:00:30.631000,8991,200,6,1,False,0,car,1849.1030555555558,0.3524015586880746,-2265,11852,87,car,0 days 01:26:48.096000
2024-03-24 04:31:31.774,0 days 01:26:48.576000,0 days 00:00:31.111000,9197,200,6,92,False,0,car,1875.7697222222225,0.3574836847870579,-2016,11773,89,car,0 days 01:26:48.576000
2024-03-24 04:31:31.934,0 days 01:26:48.736000,0 days 00:00:31.271000,9252,200,6,100,False,0,car,1884.6586111111114,0.35917772682005233,-1934,11720,89,car,0 days 01:26:48.736000
2024-03-24 04:31:32.255,0 days 01:26:49.057000,0 days 00:00:31.592000,9619,210,6,100,False,0,car,1903.3836111111113,0.36274633224018216,-1778,11602,88,car,0 days 01:26:49.057000
2024-03-24 04:31:32.615,0 days 01:26:49.417000,0 days 00:00:31.952000,10018,220,6,100,False,0,car,1925.3836111111116,0.3669390862718434,-1561,11479,87,car,0 days 01:26:49.417000
2024-03-24 04:31:32.975,0 days 01:26:49.777000,0 days 00:00:32.312000,10056,220,6,100,False,0,car,1947.3836111111113,0.3711318403035046,-1314,11401,88,car,0 days 01:26:49.777000
2024-03-24 04:31:33.135,0 days 01:26:49.937000,0 days 00:00:32.472000,10486,230,6,100,False,0,car,1957.6058333333337,0.3730799886414482,-1217,11376,90,car,0 days 01:26:49.937000
2024-03-24 04:31:33.415,0 days 01:26:50.217000,0 days 00:00:32.752000,10632,236,6,100,False,0,car,1975.9613888888894,0.3765781854395817,-1089,11351,91,car,0 days 01:26:50.217000
2024-03-24 04:31:33.815,0 days 01:26:50.617000,0 days 00:00:33.152000,10934,244,6,100,False,0,car,2003.0725000000004,0.38174501364021474,-783,11292,90,car,0 days 01:26:50.617000
2024-03-24 04:31:33.975,0 days 01:26:50.777000,0 days 00:00:33.312000,10934,245,6,100,False,0,car,2013.9613888888891,0.3838202151306329,-698,11274,91,car,0 days 01:26:50.777000
2024-03-24 04:31:34.255,0 days 01:26:51.057000,0 days 00:00:33.592000,11260,249,6,100,False,0,car,2033.328055555556,0.3875111092100195,-512,11227,92,car,0 days 01:26:51.057000
2024-03-24 04:31:34.615,0 days 01:26:51.417000,0 days 00:00:33.952000,11518,256,6,100,False,0,car,2058.928055555556,0.39238995026504353,-200,11118,91,car,0 days 01:26:51.417000
2024-03-24 04:31:34.775,0 days 01:26:51.577000,0 days 00:00:34.112000,11575,257,6,100,False,0,car,2070.3502777777785,0.3945667942774414,-90,11069,91,car,0 days 01:26:51.577000
2024-03-24 04:31:34.935,0 days 01:26:51.737000,0 days 00:00:34.272000,11476,260,6,100,False,0,car,2081.9058333333337,0.3967690489203341,-16,11034,92,car,0 days 01:26:51.737000
2024-03-24 04:31:35.255,0 days 01:26:52.057000,0 days 00:00:34.592000,10361,263,7,100,False,0,car,2105.2836111111114,0.4012243794671095,122,10942,91,car,0 days 01:26:52.057000
2024-03-24 04:31:35.575,0 days 01:26:52.377000,0 days 00:00:34.912000,10497,267,7,100,False,0,car,2129.016944444445,0.40574747169520464,350,10749,90,car,0 days 01:26:52.377000
2024-03-24 04:31:35.855,0 days 01:26:52.657000,0 days 00:00:35.192000,10690,269,7,100,False,0,car,2149.9391666666675,0.40973482313036536,505,10570,90,car,0 days 01:26:52.657000
2024-03-24 04:31:36.095,0 days 01:26:52.897000,0 days 00:00:35.432000,10764,271,7,100,False,8,car,2168.005833333334,0.41317796356242653,632,10392,89,car,0 days 01:26:52.897000
2024-03-24 04:31:36.495,0 days 01:26:53.297000,0 days 00:00:35.832000,10898,275,7,100,False,8,car,2198.5613888888897,0.4190012330508449,742,10215,90,car,0 days 01:26:53.297000
2024-03-24 04:31:36.775,0 days 01:26:53.577000,0 days 00:00:36.112000,10969,277,7,100,False,8,car,2220.1058333333344,0.4231071674283152,827,10039,89,car,0 days 01:26:53.577000
2024-03-24 04:31:37.095,0 days 01:26:53.897000,0 days 00:00:36.432000,11047,279,7,100,False,8,car,2244.9058333333346,0.4278335447003697,927,9781,91,car,0 days 01:26:53.897000
2024-03-24 04:31:37.494,0 days 01:26:54.296000,0 days 00:00:36.831000,11123,282,7,100,False,8,car,2276.1608333333347,0.43379011412125934,1035,9393,93,car,0 days 01:26:54.296000
2024-03-24 04:31:37.894,0 days 01:26:54.696000,0 days 00:00:37.231000,11250,285,7,100,False,8,car,2307.8275000000012,0.439825138863802,1089,9134,93,car,0 days 01:26:54.696000
2024-03-24 04:31:38.294,0 days 01:26:55.096000,0 days 00:00:37.631000,11345,288,7,100,False,8,car,2339.8275000000012,0.44592369018258193,1135,8879,94,car,0 days 01:26:55.096000
2024-03-24 04:31:38.454,0 days 01:26:55.256000,0 days 00:00:37.791000,11380,288,7,100,False,8,car,2352.627500000001,0.4483631107100939,1151,8770,95,car,0 days 01:26:55.256000
2024-03-24 04:31:38.774,0 days 01:26:55.576000,0 days 00:00:38.111000,10335,290,7,100,False,8,car,2378.405277777779,0.45327583260577775,1168,8411,93,car,0 days 01:26:55.576000
2024-03-24 04:31:38.975,0 days 01:26:55.777000,0 days 00:00:38.312000,10335,291,8,100,False,8,car,2394.6527777777787,0.4563722767480239,1165,8288,93,car,0 days 01:26:55.777000
2024-03-24 04:31:39.375,0 days 01:26:56.177000,0 days 00:00:38.712000,10498,294,8,100,False,8,car,2427.3194444444457,0.4625978812192785,1146,8018,91,car,0 days 01:26:56.177000
2024-03-24 04:31:39.735,0 days 01:26:56.537000,0 days 00:00:39.072000,10568,295,8,100,False,8,car,2456.8194444444457,0.4682199832162788,1120,7704,92,car,0 days 01:26:56.537000
2024-03-24 04:31:39.935,0 days 01:26:56.737000,0 days 00:00:39.272000,10634,297,8,100,False,8,car,2473.3194444444453,0.4713645487400246,1100,7540,93,car,0 days 01:26:56.737000
2024-03-24 04:31:40.135,0 days 01:26:56.937000,0 days 00:00:39.472000,10633,297,8,100,False,8,car,2489.8194444444457,0.47450911426377057,1048,7314,92,car,0 days 01:26:56.937000
2024-03-24 04:31:40.295,0 days 01:26:57.097000,0 days 00:00:39.632000,10656,298,8,100,False,10,car,2503.06388888889,0.47703323689293226,1009,7183,93,car,0 days 01:26:57.097000
2024-03-24 04:31:40.615,0 days 01:26:57.417000,0 days 00:00:39.952000,10777,300,8,100,False,14,car,2529.7305555555563,0.4821153629919155,941,7006,92,car,0 days 01:26:57.417000
2024-03-24 04:31:41.055,0 days 01:26:57.857000,0 days 00:00:40.392000,10897,304,8,100,False,12,car,2566.8861111111123,0.4891964586898323,828,6678,91,car,0 days 01:26:57.857000
2024-03-24 04:31:41.215,0 days 01:26:58.017000,0 days 00:00:40.552000,10899,306,8,100,False,12,car,2580.486111111112,0.49178834300031377,782,6537,91,car,0 days 01:26:58.017000
2024-03-24 04:31:41.495,0 days 01:26:58.297000,0 days 00:00:40.832000,11065,308,8,100,False,12,car,2604.441666666668,0.4963537862792338,664,6185,89,car,0 days 01:26:58.297000
2024-03-24 04:31:41.695,0 days 01:26:58.497000,0 days 00:00:41.032000,11081,310,8,100,False,12,car,2621.6638888888897,0.49963599271816045,643,6124,89,car,0 days 01:26:58.497000
2024-03-24 04:31:42.055,0 days 01:26:58.857000,0 days 00:00:41.392000,11136,312,8,100,False,12,car,2652.8638888888904,0.505582080253971,528,5851,87,car,0 days 01:26:58.857000
2024-03-24 04:31:42.455,0 days 01:26:59.257000,0 days 00:00:41.792000,11198,313,8,100,False,12,car,2687.6416666666682,0.5122100197080618,387,5535,90,car,0 days 01:26:59.257000
2024-03-24 04:31:42.855,0 days 01:26:59.657000,0 days 00:00:42.192000,11279,316,8,100,False,12,car,2722.752777777779,0.5189014857383897,298,5200,92,car,0 days 01:26:59.657000
2024-03-24 04:31:43.055,0 days 01:26:59.857000,0 days 00:00:42.392000,11341,317,8,100,False,12,car,2740.3638888888904,0.52225780651626,272,5025,92,car,0 days 01:26:59.857000
2024-03-24 04:31:43.215,0 days 01:27:00.017000,0 days 00:00:42.552000,11354,318,8,100,False,12,car,2754.4972222222236,0.5249513333487211,261,4884,92,car,0 days 01:27:00.017000
2024-03-24 04:31:43.415,0 days 01:27:00.217000,0 days 00:00:42.752000,11391,319,8,100,False,12,car,2772.2194444444463,0.5283288296520038,258,4706,92,car,0 days 01:27:00.217000
2024-03-24 04:31:43.615,0 days 01:27:00.417000,0 days 00:00:42.952000,11400,320,8,100,False,12,car,2789.9972222222236,0.5317169137179927,265,4531,92,car,0 days 01:27:00.417000
2024-03-24 04:31:43.775,0 days 01:27:00.577000,0 days 00:00:43.112000,11426,320,8,100,False,12,car,2804.2194444444463,0.5344273809707838,281,4348,91,car,0 days 01:27:00.577000
2024-03-24 04:31:44.095,0 days 01:27:00.897000,0 days 00:00:43.432000,11490,321,8,100,False,12,car,2832.7527777777796,0.5398652558966959,315,4027,89,car,0 days 01:27:00.897000
2024-03-24 04:31:44.254,0 days 01:27:01.056000,0 days 00:00:43.591000,11488,321,8,100,False,12,car,2846.9302777777793,0.5425672000005085,328,3949,89,car,0 days 01:27:01.056000
2024-03-24 04:31:44.534,0 days 01:27:01.336000,0 days 00:00:43.871000,11507,322,8,100,False,12,car,2871.974722222224,0.5473401634284704,401,3629,89,car,0 days 01:27:01.336000
2024-03-24 04:31:44.774,0 days 01:27:01.576000,0 days 00:00:44.111000,11553,323,8,100,False,12,car,2893.508055555557,0.5514439802533992,483,3372,90,car,0 days 01:27:01.576000
2024-03-24 04:31:45.134,0 days 01:27:01.936000,0 days 00:00:44.471000,11556,324,8,100,False,12,car,2925.908055555557,0.557618763463664,562,3169,90,car,0 days 01:27:01.936000
2024-03-24 04:31:45.294,0 days 01:27:02.096000,0 days 00:00:44.631000,11556,324,8,100,False,12,car,2940.3080555555575,0.560363111557115,614,3053,91,car,0 days 01:27:02.096000
2024-03-24 04:31:45.535,0 days 01:27:02.337000,0 days 00:00:44.872000,11583,324,8,100,False,12,car,2961.9980555555576,0.5644967858728757,704,2860,92,car,0 days 01:27:02.337000
2024-03-24 04:31:45.735,0 days 01:27:02.537000,0 days 00:00:45.072000,11587,325,8,100,False,12,car,2980.0536111111132,0.5679378087523956,786,2703,92,car,0 days 01:27:02.537000
2024-03-24 04:31:45.975,0 days 01:27:02.777000,0 days 00:00:45.312000,11467,325,8,100,False,12,car,3001.7202777777793,0.5720670362078194,971,2392,90,car,0 days 01:27:02.777000
2024-03-24 04:31:46.215,0 days 01:27:03.017000,0 days 00:00:45.552000,11519,324,8,100,False,12,car,3023.3202777777797,0.576183558347996,1032,2304,90,car,0 days 01:27:03.017000
2024-03-24 04:31:46.375,0 days 01:27:03.177000,0 days 00:00:45.712000,11519,323,8,100,False,12,car,3037.6758333333355,0.578919436231282,1094,2229,89,car,0 days 01:27:03.177000
2024-03-24 04:31:46.695,0 days 01:27:03.497000,0 days 00:00:46.032000,11530,323,8,100,False,12,car,3066.386944444446,0.5843911919978538,1284,2008,90,car,0 days 01:27:03.497000
2024-03-24 04:31:47.015,0 days 01:27:03.817000,0 days 00:00:46.352000,11357,320,8,100,False,12,car,3094.83138888889,0.5898121265034361,1490,1798,90,car,0 days 01:27:03.817000
2024-03-24 04:31:47.375,0 days 01:27:04.177000,0 days 00:00:46.712000,11350,318,8,100,False,12,car,3126.631388888891,0.5958725618764737,1714,1589,91,car,0 days 01:27:04.177000
2024-03-24 04:31:47.615,0 days 01:27:04.417000,0 days 00:00:46.952000,11304,316,8,100,False,12,car,3147.698055555557,0.5998874414946704,1944,1386,92,car,0 days 01:27:04.417000
2024-03-24 04:31:47.855,0 days 01:27:04.657000,0 days 00:00:47.192000,11179,314,8,64,True,12,car,3168.6313888888903,0.6038769104823724,2075,1275,93,car,0 days 01:27:04.657000
2024-03-24 04:31:48.175,0 days 01:27:04.977000,0 days 00:00:47.512000,10763,290,8,0,True,8,car,3194.409166666668,0.6087896323780562,2246,1139,93,car,0 days 01:27:04.977000
2024-03-24 04:31:48.575,0 days 01:27:05.377000,0 days 00:00:47.912000,10737,247,7,0,True,8,car,3221.8536111111125,0.6140199871549266,2530,938,91,car,0 days 01:27:05.377000
2024-03-24 04:31:49.055,0 days 01:27:05.857000,0 days 00:00:48.392000,11576,227,5,0,True,8,car,3252.1202777777794,0.6197882002772725,2772,819,90,car,0 days 01:27:05.857000
2024-03-24 04:31:49.255,0 days 01:27:06.057000,0 days 00:00:48.592000,11278,220,5,0,True,8,car,3264.3425000000016,0.6221175080726399,2859,801,89,car,0 days 01:27:06.057000
2024-03-24 04:31:49.655,0 days 01:27:06.457000,0 days 00:00:48.992000,11056,208,5,50,False,8,car,3287.4536111111124,0.6265220173584254,3091,802,89,car,0 days 01:27:06.457000
2024-03-24 04:31:49.855,0 days 01:27:06.657000,0 days 00:00:49.192000,10880,207,5,69,False,8,car,3298.9536111111124,0.628713684238612,3210,817,88,car,0 days 01:27:06.657000
2024-03-24 04:31:50.215,0 days 01:27:07.017000,0 days 00:00:49.552000,11111,212,5,89,False,8,car,3320.1536111111122,0.6327539744873036,3420,846,89,car,0 days 01:27:07.017000
2024-03-24 04:31:50.455,0 days 01:27:07.257000,0 days 00:00:49.792000,9851,216,5,83,False,8,car,3334.5536111111123,0.6354983225807547,3561,861,91,car,0 days 01:27:07.257000
2024-03-24 04:31:50.855,0 days 01:27:07.657000,0 days 00:00:50.192000,9810,219,6,72,False,8,car,3358.8869444444454,0.6401357626460769,3780,869,91,car,0 days 01:27:07.657000
2024-03-24 04:31:51.054,0 days 01:27:07.856000,0 days 00:00:50.391000,9960,221,6,74,False,8,car,3371.103333333334,0.64246395872636,3900,864,90,car,0 days 01:27:07.856000
2024-03-24 04:31:51.334,0 days 01:27:08.136000,0 days 00:00:50.671000,10047,221,6,76,False,8,car,3388.292222222223,0.645739812507663,4092,821,92,car,0 days 01:27:08.136000
2024-03-24 04:31:51.614,0 days 01:27:08.416000,0 days 00:00:50.951000,10074,223,6,79,False,8,car,3405.636666666667,0.6490453120245433,4285,738,95,car,0 days 01:27:08.416000
2024-03-24 04:31:51.854,0 days 01:27:08.656000,0 days 00:00:51.191000,10154,226,6,88,False,8,car,3420.703333333334,0.6519167132704689,4354,678,95,car,0 days 01:27:08.656000
2024-03-24 04:31:52.055,0 days 01:27:08.857000,0 days 00:00:51.392000,10394,226,6,100,False,8,car,3433.321666666667,0.6543215118139315,4510,546,94,car,0 days 01:27:08.857000
2024-03-24 04:31:52.215,0 days 01:27:09.017000,0 days 00:00:51.552000,10394,233,6,100,False,8,car,3443.6772222222226,0.65629507078237,4600,469,93,car,0 days 01:27:09.017000
2024-03-24 04:31:52.535,0 days 01:27:09.337000,0 days 00:00:51.872000,10681,238,6,100,False,8,car,3464.832777777778,0.6603268908208968,4676,403,93,car,0 days 01:27:09.337000
2024-03-24 04:31:52.695,0 days 01:27:09.497000,0 days 00:00:52.032000,10847,240,6,100,False,8,car,3475.4994444444446,0.6623597412604901,4766,326,93,car,0 days 01:27:09.497000
2024-03-24 04:31:52.855,0 days 01:27:09.657000,0 days 00:00:52.192000,11000,244,6,100,False,8,car,3486.3438888888895,0.6644264725407434,4849,256,92,car,0 days 01:27:09.657000
2024-03-24 04:31:53.175,0 days 01:27:09.977000,0 days 00:00:52.512000,11204,250,6,100,False,10,car,3508.5661111111117,0.6686615776232294,5019,117,91,car,0 days 01:27:09.977000
2024-03-24 04:31:53.455,0 days 01:27:10.257000,0 days 00:00:52.792000,11553,255,6,100,False,12,car,3528.399444444445,0.6724414089093483,5170,-8,91,car,0 days 01:27:10.257000
2024-03-24 04:31:53.655,0 days 01:27:10.457000,0 days 00:00:52.992000,11688,259,6,100,False,12,car,3542.788333333334,0.675183639450258,5280,-101,91,car,0 days 01:27:10.457000
2024-03-24 04:31:53.895,0 days 01:27:10.697000,0 days 00:00:53.232000,10530,263,6,100,False,12,car,3560.321666666667,0.6785251373603395,5411,-214,90,car,0 days 01:27:10.697000
2024-03-24 04:31:54.215,0 days 01:27:11.017000,0 days 00:00:53.552000,10658,270,7,100,False,12,car,3584.321666666667,0.6830990508494245,5618,-390,92,car,0 days 01:27:11.017000
2024-03-24 04:31:54.575,0 days 01:27:11.377000,0 days 00:00:53.912000,10825,275,7,100,False,12,car,3611.821666666667,0.688339993389001,5840,-591,92,car,0 days 01:27:11.377000
2024-03-24 04:31:54.895,0 days 01:27:11.697000,0 days 00:00:54.232000,11056,279,7,100,False,12,car,3636.6216666666674,0.6930663706610555,5981,-734,93,car,0 days 01:27:11.697000
2024-03-24 04:31:55.135,0 days 01:27:11.937000,0 days 00:00:54.472000,11162,282,7,100,False,12,car,3655.4216666666675,0.6966492695608387,6095,-863,93,car,0 days 01:27:11.937000
2024-03-24 04:31:55.575,0 days 01:27:12.377000,0 days 00:00:54.912000,11439,288,7,100,False,12,car,3690.6216666666674,0.7033576760114967,6337,-1201,95,car,0 days 01:27:12.377000
2024-03-24 04:31:55.895,0 days 01:27:12.697000,0 days 00:00:55.232000,10549,291,7,100,False,12,car,3716.488333333334,0.7082873383275106,6438,-1381,97,car,0 days 01:27:12.697000
2024-03-24 04:31:56.135,0 days 01:27:12.937000,0 days 00:00:55.472000,10561,294,8,100,False,12,car,3736.0883333333345,0.7120227010102633,6526,-1553,98,car,0 days 01:27:12.937000
2024-03-24 04:31:56.455,0 days 01:27:13.257000,0 days 00:00:55.792000,10619,297,8,100,False,12,car,3762.4883333333346,0.7170540058482568,6658,-1859,100,car,0 days 01:27:13.257000
2024-03-24 04:31:56.655,0 days 01:27:13.457000,0 days 00:00:55.992000,10676,300,8,100,False,12,car,3779.155000000001,0.7202303346601213,6708,-1989,99,car,0 days 01:27:13.457000
2024-03-24 04:31:56.855,0 days 01:27:13.657000,0 days 00:00:56.192000,10748,301,8,100,False,12,car,3795.8772222222237,0.7234172512346921,6750,-2108,99,car,0 days 01:27:13.657000
2024-03-24 04:31:57.215,0 days 01:27:14.017000,0 days 00:00:56.552000,10785,302,8,100,False,12,car,3826.0772222222236,0.7291727590417907,6863,-2430,99,car,0 days 01:27:14.017000
2024-03-24 04:31:57.495,0 days 01:27:14.297000,0 days 00:00:56.832000,10834,303,8,100,False,12,car,3849.64388888889,0.7336640879817672,6957,-2711,97,car,0 days 01:27:14.297000
2024-03-24 04:31:57.894,0 days 01:27:14.696000,0 days 00:00:57.231000,10851,305,8,100,False,12,car,3883.448055555557,0.7401064768944315,7039,-2961,96,car,0 days 01:27:14.696000
2024-03-24 04:31:58.214,0 days 01:27:15.016000,0 days 00:00:57.551000,10829,303,8,100,False,12,car,3910.3813888888903,0.7452394242544047,7114,-3197,94,car,0 days 01:27:15.016000
2024-03-24 04:31:58.534,0 days 01:27:15.336000,0 days 00:00:57.871000,10573,302,8,0,True,0,car,3937.225833333335,0.7503554311940479,7222,-3528,93,car,0 days 01:27:15.336000
2024-03-24 04:31:58.735,0 days 01:27:15.537000,0 days 00:00:58.072000,10209,291,8,0,True,0,car,3953.4733333333347,0.753451875336294,7260,-3645,93,car,0 days 01:27:15.537000
2024-03-24 04:31:59.055,0 days 01:27:15.857000,0 days 00:00:58.392000,9216,262,8,1,True,0,car,3976.7622222222235,0.7578902654627394,7321,-3840,92,car,0 days 01:27:15.857000
2024-03-24 04:31:59.215,0 days 01:27:16.017000,0 days 00:00:58.552000,9392,243,8,1,True,0,car,3987.562222222223,0.7599485265328276,7353,-3947,93,car,0 days 01:27:16.017000
2024-03-24 04:31:59.535,0 days 01:27:16.337000,0 days 00:00:58.872000,9987,225,8,0,True,0,car,4007.562222222223,0.763760121107065,7406,-4149,94,car,0 days 01:27:16.337000
2024-03-24 04:31:59.695,0 days 01:27:16.497000,0 days 00:00:59.032000,10645,207,8,0,True,0,car,4016.762222222223,0.7655134546112142,7429,-4270,94,car,0 days 01:27:16.497000
2024-03-24 04:31:59.895,0 days 01:27:16.697000,0 days 00:00:59.232000,11061,192,6,0,True,0,car,4027.42888888889,0.7675463050508077,7447,-4368,95,car,0 days 01:27:16.697000
2024-03-24 04:32:00.095,0 days 01:27:16.897000,0 days 00:00:59.432000,10464,175,4,0,True,0,car,4037.151111111112,0.7693991635243953,7461,-4444,96,car,0 days 01:27:16.897000
2024-03-24 04:32:00.295,0 days 01:27:17.097000,0 days 00:00:59.632000,11164,159,4,0,True,0,car,4045.984444444445,0.7710826177946835,7479,-4536,97,car,0 days 01:27:17.097000
2024-03-24 04:32:00.575,0 days 01:27:17.377000,0 days 00:00:59.912000,9731,141,3,0,True,0,car,4056.951111111112,0.7731726421528904,7497,-4647,97,car,0 days 01:27:17.377000
2024-03-24 04:32:01.015,0 days 01:27:17.817000,0 days 00:01:00.352000,8341,119,3,0,True,0,car,4071.495555555556,0.7759445184293775,7499,-4798,98,car,0 days 01:27:17.817000
2024-03-24 04:32:01.175,0 days 01:27:17.977000,0 days 00:01:00.512000,8220,117,3,0,True,0,car,4076.6955555555564,0.7769355330186792,7481,-4861,97,car,0 days 01:27:17.977000
2024-03-24 04:32:01.335,0 days 01:27:18.137000,0 days 00:01:00.672000,7876,114,3,0,True,0,car,4081.762222222223,0.7779011369774861,7452,-4927,97,car,0 days 01:27:18.137000
2024-03-24 04:32:01.655,0 days 01:27:18.457000,0 days 00:01:00.992000,7579,108,3,0,True,0,car,4091.362222222223,0.77973070237312,7419,-4974,97,car,0 days 01:27:18.457000
2024-03-24 04:32:01.855,0 days 01:27:18.657000,0 days 00:01:01.192000,7657,105,3,9,False,0,car,4097.195555555556,0.7808424174572726,7374,-5005,96,car,0 days 01:27:18.657000
2024-03-24 04:32:02.015,0 days 01:27:18.817000,0 days 00:01:01.352000,7790,104,3,20,False,0,car,4101.817777777778,0.7817233193144297,7331,-5028,97,car,0 days 01:27:18.817000
2024-03-24 04:32:02.175,0 days 01:27:18.977000,0 days 00:01:01.512000,7923,105,3,42,False,0,car,4106.484444444445,0.7826126913817518,7287,-5045,98,car,0 days 01:27:18.977000
2024-03-24 04:32:02.415,0 days 01:27:19.217000,0 days 00:01:01.752000,8096,109,3,50,False,0,car,4113.751111111112,0.7839975707437248,7211,-5070,97,car,0 days 01:27:19.217000
2024-03-24 04:32:02.655,0 days 01:27:19.457000,0 days 00:01:01.992000,8647,114,3,65,False,0,car,4121.351111111111,0.7854459766819348,7144,-5091,97,car,0 days 01:27:19.457000
2024-03-24 04:32:02.895,0 days 01:27:19.697000,0 days 00:01:02.232000,9045,120,3,71,False,0,car,4129.351111111111,0.7869706145116299,7070,-5113,96,car,0 days 01:27:19.697000
2024-03-24 04:32:03.215,0 days 01:27:20.017000,0 days 00:01:02.552000,10144,135,3,82,False,0,car,4141.351111111111,0.7892575712561724,6952,-5147,96,car,0 days 01:27:20.017000
2024-03-24 04:32:03.495,0 days 01:27:20.297000,0 days 00:01:02.832000,10916,143,3,89,False,0,car,4152.473333333333,0.7913772413499567,6807,-5187,95,car,0 days 01:27:20.297000
2024-03-24 04:32:03.855,0 days 01:27:20.657000,0 days 00:01:03.192000,10128,157,3,100,False,0,car,4168.173333333333,0.794369343090733,6713,-5212,95,car,0 days 01:27:20.657000
2024-03-24 04:32:04.095,0 days 01:27:20.897000,0 days 00:01:03.432000,10768,170,4,100,False,0,car,4179.506666666666,0.7965292466828009,6580,-5245,95,car,0 days 01:27:20.897000
2024-03-24 04:32:04.295,0 days 01:27:21.097000,0 days 00:01:03.632000,11022,178,4,100,False,0,car,4189.395555555555,0.7984138684445071,6489,-5267,94,car,0 days 01:27:21.097000
2024-03-24 04:32:04.454,0 days 01:27:21.256000,0 days 00:01:03.791000,11475,186,4,100,False,0,car,4197.610555555555,0.7999794809158752,6429,-5281,94,car,0 days 01:27:21.256000
2024-03-24 04:32:04.814,0 days 01:27:21.616000,0 days 00:01:04.151000,10494,199,5,100,False,0,car,4217.510555555555,0.8037720175172414,6248,-5323,92,car,0 days 01:27:21.616000
2024-03-24 04:32:05.094,0 days 01:27:21.896000,0 days 00:01:04.431000,10771,205,5,100,False,0,car,4233.454999999999,0.8068107054139252,6079,-5367,91,car,0 days 01:27:21.896000
2024-03-24 04:32:05.335,0 days 01:27:22.137000,0 days 00:01:04.672000,10956,210,5,100,False,0,car,4247.513333333332,0.8094899387667329,5949,-5402,90,car,0 days 01:27:22.137000
2024-03-24 04:32:05.575,0 days 01:27:22.377000,0 days 00:01:04.912000,11009,215,5,100,False,0,car,4261.846666666666,0.8122215815449366,5780,-5444,88,car,0 days 01:27:22.377000
2024-03-24 04:32:05.855,0 days 01:27:22.657000,0 days 00:01:05.192000,9749,219,6,100,False,0,car,4278.879999999999,0.815467789590662,5605,-5491,87,car,0 days 01:27:22.657000
2024-03-24 04:32:06.015,0 days 01:27:22.817000,0 days 00:01:05.352000,10017,222,6,100,False,0,car,4288.746666666667,0.8173481762472861,5543,-5512,87,car,0 days 01:27:22.817000
2024-03-24 04:32:06.295,0 days 01:27:23.097000,0 days 00:01:05.632000,9340,220,6,2,True,0,car,4305.857777777778,0.8206092071608004,5406,-5543,86,car,0 days 01:27:23.097000
2024-03-24 04:32:06.455,0 days 01:27:23.257000,0 days 00:01:05.792000,9900,211,6,3,True,0,car,4315.235555555556,0.8223964215056095,5314,-5556,85,car,0 days 01:27:23.257000
2024-03-24 04:32:06.655,0 days 01:27:23.457000,0 days 00:01:05.992000,10649,206,6,2,True,0,car,4326.68,0.8245775006230899,5200,-5562,85,car,0 days 01:27:23.457000
2024-03-24 04:32:06.895,0 days 01:27:23.697000,0 days 00:01:06.232000,10090,201,5,3,True,0,car,4340.08,0.8271312689878288,5069,-5550,84,car,0 days 01:27:23.697000
2024-03-24 04:32:07.055,0 days 01:27:23.857000,0 days 00:01:06.392000,10482,197,5,34,False,0,car,4348.835555555555,0.8287999003903284,4987,-5528,84,car,0 days 01:27:23.857000
2024-03-24 04:32:07.295,0 days 01:27:24.097000,0 days 00:01:06.632000,10190,193,5,61,False,0,car,4361.702222222222,0.8312520262330878,4871,-5473,83,car,0 days 01:27:24.097000
2024-03-24 04:32:07.575,0 days 01:27:24.377000,0 days 00:01:06.912000,10367,194,5,78,False,0,car,4376.791111111111,0.8341276625840958,4736,-5371,83,car,0 days 01:27:24.377000
2024-03-24 04:32:07.935,0 days 01:27:24.737000,0 days 00:01:07.272000,10557,200,5,87,False,0,car,4396.791111111111,0.8379392571583333,4551,-5173,82,car,0 days 01:27:24.737000
2024-03-24 04:32:08.215,0 days 01:27:25.017000,0 days 00:01:07.552000,10936,207,5,100,False,0,car,4412.891111111111,0.8410075907905945,4479,-5065,82,car,0 days 01:27:25.017000
2024-03-24 04:32:08.615,0 days 01:27:25.417000,0 days 00:01:07.952000,11190,215,5,100,False,0,car,4436.78,0.845560328754267,4390,-4917,83,car,0 days 01:27:25.417000
2024-03-24 04:32:08.775,0 days 01:27:25.577000,0 days 00:01:08.112000,10490,216,5,100,False,0,car,4446.379999999999,0.847389894149901,4343,-4829,83,car,0 days 01:27:25.577000
2024-03-24 04:32:09.055,0 days 01:27:25.857000,0 days 00:01:08.392000,10036,222,6,100,False,0,car,4463.646666666666,0.8506805707989925,4258,-4658,83,car,0 days 01:27:25.857000
2024-03-24 04:32:09.415,0 days 01:27:26.217000,0 days 00:01:08.752000,10161,226,6,100,False,0,car,4486.246666666666,0.854987672667881,4132,-4397,85,car,0 days 01:27:26.217000
2024-03-24 04:32:10.175,0 days 01:27:26.977000,0 days 00:01:09.512000,10282,200,6,0,True,0,car,4528.468888888889,0.8630343723246046,3975,-4064,86,car,0 days 01:27:26.977000
2024-03-24 04:32:10.415,0 days 01:27:27.217000,0 days 00:01:09.752000,9968,164,6,0,True,0,car,4539.402222222222,0.8651180440251878,3914,-3959,87,car,0 days 01:27:27.217000
2024-03-24 04:32:10.655,0 days 01:27:27.457000,0 days 00:01:09.992000,10400,164,4,0,True,0,car,4550.335555555555,0.8672017157257709,3848,-3858,88,car,0 days 01:27:27.457000
2024-03-24 04:32:11.015,0 days 01:27:27.817000,0 days 00:01:10.352000,8763,126,3,0,True,0,car,4562.935555555556,0.8696030203075406,3778,-3753,88,car,0 days 01:27:27.817000
2024-03-24 04:32:11.174,0 days 01:27:27.976000,0 days 00:01:10.511000,8893,122,3,0,True,0,car,4568.323888888889,0.8706299274124164,3737,-3716,87,car,0 days 01:27:27.976000
2024-03-24 04:32:11.334,0 days 01:27:28.136000,0 days 00:01:10.671000,10013,116,3,0,True,0,car,4573.479444444445,0.8716124717915533,3670,-3664,87,car,0 days 01:27:28.136000
2024-03-24 04:32:11.614,0 days 01:27:28.416000,0 days 00:01:10.951000,9547,109,2,0,True,0,car,4581.957222222222,0.8732281643805216,3599,-3626,86,car,0 days 01:27:28.416000
2024-03-24 04:32:11.815,0 days 01:27:28.617000,0 days 00:01:11.152000,9117,104,2,0,True,0,car,4587.76388888889,0.8743347973385753,3560,-3629,86,car,0 days 01:27:28.617000
2024-03-24 04:32:12.095,0 days 01:27:28.897000,0 days 00:01:11.432000,8655,101,2,0,True,0,car,4595.619444444445,0.8758319069852342,3469,-3644,85,car,0 days 01:27:28.897000
2024-03-24 04:32:12.335,0 days 01:27:29.137000,0 days 00:01:11.672000,8220,95,2,0,True,0,car,4601.9527777777785,0.8770389119337427,3414,-3659,86,car,0 days 01:27:29.137000
2024-03-24 04:32:12.535,0 days 01:27:29.337000,0 days 00:01:11.872000,7971,91,2,0,True,0,car,4607.008333333334,0.8780023983400083,3388,-3676,86,car,0 days 01:27:29.337000
2024-03-24 04:32:12.695,0 days 01:27:29.497000,0 days 00:01:12.032000,7995,90,2,7,False,0,car,4611.008333333334,0.8787647172548558,3358,-3697,87,car,0 days 01:27:29.497000
2024-03-24 04:32:13.015,0 days 01:27:29.817000,0 days 00:01:12.352000,6667,89,3,38,False,0,car,4618.919444444446,0.8802724146642209,3287,-3761,87,car,0 days 01:27:29.817000
2024-03-24 04:32:13.295,0 days 01:27:30.097000,0 days 00:01:12.632000,7055,91,3,50,False,0,car,4625.997222222223,0.8816212956329926,3234,-3824,86,car,0 days 01:27:30.097000
2024-03-24 04:32:13.575,0 days 01:27:30.377000,0 days 00:01:12.912000,7521,99,3,59,False,0,car,4633.697222222223,0.8830887595440741,3205,-3862,86,car,0 days 01:27:30.377000
2024-03-24 04:32:13.775,0 days 01:27:30.577000,0 days 00:01:13.112000,7684,104,3,62,False,0,car,4639.475,0.8841898868655204,3162,-3933,85,car,0 days 01:27:30.577000
2024-03-24 04:32:14.015,0 days 01:27:30.817000,0 days 00:01:13.352000,8634,114,3,70,False,0,car,4647.075000000001,0.8856382928037307,3108,-4023,84,car,0 days 01:27:30.817000
2024-03-24 04:32:14.255,0 days 01:27:31.057000,0 days 00:01:13.592000,9225,122,3,82,False,0,car,4655.208333333334,0.8871883412639205,3073,-4083,85,car,0 days 01:27:31.057000
2024-03-24 04:32:14.615,0 days 01:27:31.417000,0 days 00:01:13.952000,9944,140,3,91,False,0,car,4669.208333333334,0.8898564574658868,3026,-4149,85,car,0 days 01:27:31.417000
2024-03-24 04:32:14.895,0 days 01:27:31.697000,0 days 00:01:14.232000,9322,146,4,89,False,0,car,4680.56388888889,0.8920205961630372,2949,-4234,84,car,0 days 01:27:31.697000
2024-03-24 04:32:15.055,0 days 01:27:31.857000,0 days 00:01:14.392000,9560,152,4,79,False,0,car,4687.319444444445,0.893308068108113,2897,-4279,84,car,0 days 01:27:31.857000
2024-03-24 04:32:15.215,0 days 01:27:32.017000,0 days 00:01:14.552000,9823,158,4,75,False,0,car,4694.341666666668,0.8946463613141787,2841,-4322,83,car,0 days 01:27:32.017000
2024-03-24 04:32:15.455,0 days 01:27:32.257000,0 days 00:01:14.792000,8563,160,4,51,False,8,car,4705.008333333334,0.896679211753772,2682,-4405,82,car,0 days 01:27:32.257000
2024-03-24 04:32:15.775,0 days 01:27:32.577000,0 days 00:01:15.112000,8403,161,5,52,False,8,car,4719.319444444445,0.8994066194268929,2593,-4437,82,car,0 days 01:27:32.577000
2024-03-24 04:32:16.055,0 days 01:27:32.857000,0 days 00:01:15.392000,8407,161,5,37,False,8,car,4731.841666666667,0.9017931011408739,2496,-4461,81,car,0 days 01:27:32.857000
2024-03-24 04:32:16.215,0 days 01:27:33.017000,0 days 00:01:15.552000,8499,160,5,44,False,8,car,4738.9527777777785,0.9031483347672694,2367,-4457,80,car,0 days 01:27:33.017000
2024-03-24 04:32:16.375,0 days 01:27:33.177000,0 days 00:01:15.712000,8554,161,5,67,False,8,car,4746.108333333334,0.9045120386038298,2257,-4446,81,car,0 days 01:27:33.177000
2024-03-24 04:32:16.615,0 days 01:27:33.417000,0 days 00:01:15.952000,8762,166,5,77,False,8,car,4757.175,0.9066211209349079,2215,-4433,81,car,0 days 01:27:33.417000
2024-03-24 04:32:16.895,0 days 01:27:33.697000,0 days 00:01:16.232000,9281,172,5,86,False,8,car,4770.552777777778,0.9091706541945644,2095,-4393,82,car,0 days 01:27:33.697000
2024-03-24 04:32:17.295,0 days 01:27:34.097000,0 days 00:01:16.632000,10010,183,5,100,False,8,car,4790.886111111112,0.9130457753450394,1939,-4321,84,car,0 days 01:27:34.097000
2024-03-24 04:32:17.575,0 days 01:27:34.377000,0 days 00:01:16.912000,10197,188,5,100,False,8,car,4805.508333333334,0.9158324744893153,1817,-4236,85,car,0 days 01:27:34.377000
2024-03-24 04:32:17.894,0 days 01:27:34.696000,0 days 00:01:17.231000,10662,200,5,100,False,8,car,4823.230555555556,0.9192099707925978,1684,-4122,84,car,0 days 01:27:34.696000
2024-03-24 04:32:18.054,0 days 01:27:34.856000,0 days 00:01:17.391000,10957,203,5,100,False,14,car,4832.252777777779,0.9209294234560872,1616,-4059,85,car,0 days 01:27:34.856000
2024-03-24 04:32:18.254,0 days 01:27:35.056000,0 days 00:01:17.591000,11250,209,5,100,False,12,car,4843.863888888889,0.9231422658616861,1510,-3958,84,car,0 days 01:27:35.056000
2024-03-24 04:32:18.575,0 days 01:27:35.377000,0 days 00:01:17.912000,10073,222,5,100,False,12,car,4863.65888888889,0.9269147915915378,1369,-3822,83,car,0 days 01:27:35.377000
2024-03-24 04:32:18.895,0 days 01:27:35.697000,0 days 00:01:18.232000,10489,230,6,100,False,12,car,4884.103333333334,0.930811088267425,1253,-3709,84,car,0 days 01:27:35.697000
2024-03-24 04:32:19.255,0 days 01:27:36.057000,0 days 00:01:18.592000,10817,235,6,100,False,12,car,4907.603333333334,0.935289711892154,1086,-3543,85,car,0 days 01:27:36.057000
2024-03-24 04:32:19.455,0 days 01:27:36.257000,0 days 00:01:18.792000,11031,245,6,100,False,12,car,4921.214444444446,0.9378837137551768,979,-3438,86,car,0 days 01:27:36.257000
2024-03-24 04:32:19.855,0 days 01:27:36.657000,0 days 00:01:19.192000,11397,253,6,100,False,12,car,4949.325555555556,0.9432411216845216,772,-3236,86,car,0 days 01:27:36.657000
2024-03-24 04:32:20.055,0 days 01:27:36.857000,0 days 00:01:19.392000,11575,253,6,100,False,12,car,4963.381111111112,0.945919825649194,688,-3154,86,car,0 days 01:27:36.857000
2024-03-24 04:32:20.495,0 days 01:27:37.297000,0 days 00:01:19.832000,10497,265,7,100,False,12,car,4995.77,0.9520924913069174,464,-2935,87,car,0 days 01:27:37.297000
2024-03-24 04:32:20.695,0 days 01:27:37.497000,0 days 00:01:20.032000,10664,268,7,100,False,12,car,5010.658888888889,0.9549300117121831,302,-2776,88,car,0 days 01:27:37.497000
2024-03-24 04:32:20.935,0 days 01:27:37.737000,0 days 00:01:20.272000,10808,273,7,100,False,12,car,5028.85888888889,0.9583985627747393,207,-2682,88,car,0 days 01:27:37.737000
2024-03-24 04:32:21.215,0 days 01:27:38.017000,0 days 00:01:20.552000,10955,278,7,100,False,12,car,5050.481111111112,0.9625193200199983,72,-2551,89,car,0 days 01:27:38.017000
2024-03-24 04:32:21.495,0 days 01:27:38.297000,0 days 00:01:20.832000,11022,281,7,100,False,12,car,5072.336666666667,0.9666845458686232,-82,-2399,89,car,0 days 01:27:38.297000
2024-03-24 04:32:21.815,0 days 01:27:38.617000,0 days 00:01:21.152000,11306,287,7,100,False,12,car,5097.847777777779,0.9715464465033173,-262,-2222,89,car,0 days 01:27:38.617000
2024-03-24 04:32:22.175,0 days 01:27:38.977000,0 days 00:01:21.512000,10827,287,7,100,False,12,car,5126.547777777779,0.9770160847173481,-469,-2022,89,car,0 days 01:27:38.977000
2024-03-24 04:32:22.535,0 days 01:27:39.337000,0 days 00:01:21.872000,10555,294,8,100,False,12,car,5155.947777777778,0.9826191287414772,-681,-1821,88,car,0 days 01:27:39.337000
2024-03-24 04:32:22.775,0 days 01:27:39.577000,0 days 00:01:22.112000,10639,297,8,100,False,12,car,5175.747777777778,0.9863926073699721,-823,-1686,87,car,0 days 01:27:39.577000
