Date_x,SessionTime_x,Time,RPM_x,Speed_x,nGear_x,Throttle_x,Brake_x,DRS_x,Source_x,Distance,RelativeDistance,X,Y,Z,Source_y,SessionTime_y
2024-05-19 13:56:04.686,0 days 01:48:24.700000,0 days 00:00:00.025000,10595,292,7,100,False,12,car,2.3555555555555543,0.00048369055896490214,-1720.4371871819226,-1617.2633764311265,786.5374408777457,car,0 days 01:48:24.700000
2024-05-19 13:56:04.926,0 days 01:48:24.940000,0 days 00:00:00.265000,10609,295,8,100,False,12,car,22.022222222222222,0.004522050414473758,-1918.997537300727,-1628.3237150591092,787.0678240681831,car,0 days 01:48:24.940000
2024-05-19 13:56:05.206,0 days 01:48:25.220000,0 days 00:00:00.545000,10738,299,8,100,False,12,car,45.277777777777786,0.00929735390463197,-2063.9805352546364,-1636.252060005881,787.5918941609973,car,0 days 01:48:25.220000
2024-05-19 13:56:05.486,0 days 01:48:25.500000,0 days 00:00:00.825000,10857,303,8,100,False,12,car,68.84444444444445,0.014136541053521395,-2273.229196353632,-1648.6680943674742,788.9719726256765,car,0 days 01:48:25.500000
2024-05-19 13:56:05.726,0 days 01:48:25.740000,0 days 00:00:01.065000,10960,306,8,100,False,12,car,89.24444444444444,0.01832548381889668,-2583.129029119388,-1665.7221183470353,790.142723316076,car,0 days 01:48:25.740000
2024-05-19 13:56:05.926,0 days 01:48:25.940000,0 days 00:00:01.265000,11004,306,8,100,False,12,car,106.24444444444444,0.02181626945670942,-2670.5333300112197,-1669.1160457091398,790.7941474310371,car,0 days 01:48:25.940000
2024-05-19 13:56:06.126,0 days 01:48:26.140000,0 days 00:00:01.465000,10999,310,8,100,False,12,car,123.46666666666668,0.025352686279330173,-2809.2349991769975,-1672.8975047092354,791.4539414127939,car,0 days 01:48:26.140000
2024-05-19 13:56:06.326,0 days 01:48:26.340000,0 days 00:00:01.665000,10999,311,8,100,False,12,car,140.74444444444447,0.028900510898152924,-2995.616401921121,-1678.6488360120823,792.2284201044366,car,0 days 01:48:26.340000
2024-05-19 13:56:06.646,0 days 01:48:26.660000,0 days 00:00:01.985000,11153,315,8,100,False,12,car,168.74444444444447,0.034650040183962144,-3271.9752567425257,-1689.4661518859295,792.9871454712234,car,0 days 01:48:26.660000
2024-05-19 13:56:06.846,0 days 01:48:26.860000,0 days 00:00:02.185000,11209,316,8,100,False,12,car,186.3,0.038254903783794904,-3446.238507654845,-1695.2575862819108,793.3239975455513,car,0 days 01:48:26.860000
2024-05-19 13:56:07.806,0 days 01:48:27.820000,0 days 00:00:03.145000,11434,322,8,100,False,12,car,272.1666666666667,0.05588679359360984,-4291.652165422996,-1606.3189426848583,797.8282877033505,car,0 days 01:48:27.820000
2024-05-19 13:56:08.046,0 days 01:48:28.060000,0 days 00:00:03.385000,11461,324,8,100,False,12,car,293.76666666666665,0.06032214475694837,-4502.550639310473,-1557.6310160790167,799.2404394057432,car,0 days 01:48:28.060000
2024-05-19 13:56:08.246,0 days 01:48:28.260000,0 days 00:00:03.585000,11494,325,8,100,False,12,car,311.8222222222222,0.06402967852259915,-4677.698887931785,-1515.0856780989054,800.6186975766911,car,0 days 01:48:28.260000
2024-05-19 13:56:08.566,0 days 01:48:28.580000,0 days 00:00:03.905000,11561,326,8,100,False,12,car,340.79999999999995,0.0699799850215636,-4959.4763318596815,-1445.8052843259907,802.7701881699106,car,0 days 01:48:28.580000
2024-05-19 13:56:08.726,0 days 01:48:28.740000,0 days 00:00:04.065000,11622,326,8,100,False,12,car,355.2888888888889,0.07295513827104586,-5099.658401301807,-1411.301561552128,804.5051556548248,car,0 days 01:48:28.740000
2024-05-19 13:56:08.966,0 days 01:48:28.980000,0 days 00:00:04.305000,11622,327,8,100,False,12,car,377.08888888888885,0.07743155750071158,-5311.8448081663355,-1360.1974549999777,805.9699548199628,car,0 days 01:48:28.980000
2024-05-19 13:56:09.166,0 days 01:48:29.180000,0 days 00:00:04.505000,11561,327,8,100,False,12,car,395.25555555555553,0.08116190685876638,-5491.596137533219,-1321.1253388233001,807.118412985917,car,0 days 01:48:29.180000
2024-05-19 13:56:09.406,0 days 01:48:29.420000,0 days 00:00:04.745000,11561,327,8,100,False,12,car,417.05555555555554,0.08563832608843214,-5773.4934649146035,-1271.7587778946813,809.8017241056064,car,0 days 01:48:29.420000
2024-05-19 13:56:09.845,0 days 01:48:29.859000,0 days 00:00:05.184000,11610,327,8,100,False,12,car,456.9313888888889,0.09382644292936239,-6090.952683251417,-1241.325640119279,812.3713448804283,car,0 days 01:48:29.859000
2024-05-19 13:56:10.286,0 days 01:48:30.300000,0 days 00:00:05.625000,11689,330,8,100,False,12,car,497.3563888888889,0.10212732583574946,-6502.771689544497,-1229.7596250219094,814.2186935789936,car,0 days 01:48:30.300000
2024-05-19 13:56:10.446,0 days 01:48:30.460000,0 days 00:00:05.785000,11616,330,8,100,False,12,car,512.0230555555555,0.10513898403307809,-6649.8226464653635,-1230.0509170892424,815.06563645792,car,0 days 01:48:30.460000
2024-05-19 13:56:10.606,0 days 01:48:30.620000,0 days 00:00:05.945000,11660,330,8,100,False,12,car,526.6897222222221,0.10815064223040671,-6795.974637100742,-1231.0546187176847,815.6957824778315,car,0 days 01:48:30.620000
2024-05-19 13:56:10.846,0 days 01:48:30.860000,0 days 00:00:06.185000,11647,331,8,100,False,12,car,548.7563888888888,0.11268181888184206,-7018.429513171505,-1236.248879718225,816.9311593997297,car,0 days 01:48:30.860000
2024-05-19 13:56:11.046,0 days 01:48:31.060000,0 days 00:00:06.385000,11637,330,8,100,False,12,car,567.0897222222221,0.11644639162850287,-7192.643038847862,-1243.9179429275146,816.9524011461828,car,0 days 01:48:31.060000
2024-05-19 13:56:11.206,0 days 01:48:31.220000,0 days 00:00:06.545000,11735,330,8,100,False,12,car,581.7563888888888,0.1194580498258315,-7432.596268967528,-1262.0407830719157,817.6994818755209,car,0 days 01:48:31.220000
2024-05-19 13:56:11.406,0 days 01:48:31.420000,0 days 00:00:06.745000,11657,331,8,100,False,12,car,600.1452777777777,0.1232340303686943,-7596.395148217631,-1276.3074690633248,818.1208813409497,car,0 days 01:48:31.420000
2024-05-19 13:56:11.606,0 days 01:48:31.620000,0 days 00:00:06.945000,11669,331,8,100,False,12,car,618.5341666666666,0.12701001091155711,-7701.5352186545315,-1288.1522136685282,817.9801558299698,car,0 days 01:48:31.620000
2024-05-19 13:56:11.766,0 days 01:48:31.780000,0 days 00:00:07.105000,11717,331,8,100,False,12,car,633.2452777777777,0.13003079534584736,-7860.288424734362,-1305.4625726121283,818.0004659408456,car,0 days 01:48:31.780000
2024-05-19 13:56:12.006,0 days 01:48:32.020000,0 days 00:00:07.345000,11771,332,8,100,False,12,car,655.378611111111,0.1345756613527251,-8088.8457344103035,-1333.5465962251897,818.0738055951063,car,0 days 01:48:32.020000
2024-05-19 13:56:12.206,0 days 01:48:32.220000,0 days 00:00:07.545000,11729,332,8,100,False,12,car,673.8230555555555,0.13836304969178992,-8342.346382021127,-1367.213265444341,818.6803972671926,car,0 days 01:48:32.220000
2024-05-19 13:56:12.486,0 days 01:48:32.500000,0 days 00:00:07.825000,11785,333,8,100,False,12,car,699.7230555555554,0.14368136428116343,-8563.977901816395,-1398.0553492741824,819.0433440765278,car,0 days 01:48:32.500000
2024-05-19 13:56:12.686,0 days 01:48:32.700000,0 days 00:00:08.025000,11751,333,8,100,False,12,car,718.2230555555554,0.14748016041643025,-8696.185030978024,-1416.4249074816662,818.9934372305959,car,0 days 01:48:32.700000
2024-05-19 13:56:12.926,0 days 01:48:32.940000,0 days 00:00:08.265000,11538,333,8,100,False,12,car,740.4230555555555,0.15203871577875042,-8925.442759533791,-1448.5473525191974,819.0015321985959,car,0 days 01:48:32.940000
2024-05-19 13:56:13.286,0 days 01:48:33.300000,0 days 00:00:08.625000,10717,320,8,0,True,0,car,772.4230555555555,0.1586096063911038,-9239.99314447756,-1504.4466678887384,819.0009781106767,car,0 days 01:48:33.300000
2024-05-19 13:56:13.446,0 days 01:48:33.460000,0 days 00:00:08.785000,10066,287,8,0,True,0,car,785.1786111111111,0.16122883639908356,-9370.680853469848,-1537.1770494289033,818.9991095458086,car,0 days 01:48:33.460000
2024-05-19 13:56:13.766,0 days 01:48:33.780000,0 days 00:00:09.105000,10086,256,8,0,True,0,car,807.9341666666667,0.16590146972342376,-9597.748880562109,-1606.3349022582336,819.0905696221097,car,0 days 01:48:33.780000
2024-05-19 13:56:13.926,0 days 01:48:33.940000,0 days 00:00:09.265000,10485,246,8,0,True,0,car,818.8675000000001,0.16814652401597785,-9700.846531313799,-1638.915819644831,818.8538755405046,car,0 days 01:48:33.940000
2024-05-19 13:56:14.286,0 days 01:48:34.300000,0 days 00:00:09.625000,10282,210,7,0,True,0,car,839.8675000000001,0.17245867098033477,-9918.907713848372,-1707.032560990231,818.0066997482288,car,0 days 01:48:34.300000
2024-05-19 13:56:14.566,0 days 01:48:34.580000,0 days 00:00:09.905000,10181,184,5,0,True,0,car,854.1786111111112,0.17539731928197058,-10115.865567663224,-1767.941103303273,817.9982977897043,car,0 days 01:48:34.580000
2024-05-19 13:56:15.006,0 days 01:48:35.020000,0 days 00:00:10.345000,9056,165,4,0,True,0,car,874.3452777777779,0.17953834930329748,-10184.12462374298,-1793.1697786130562,817.9999108040886,car,0 days 01:48:35.020000
2024-05-19 13:56:15.246,0 days 01:48:35.260000,0 days 00:00:10.585000,8883,153,4,0,True,0,car,884.545277777778,0.18163282068598513,-10274.802999665193,-1847.0366435933797,818.0240041186003,car,0 days 01:48:35.260000
2024-05-19 13:56:15.526,0 days 01:48:35.540000,0 days 00:00:10.865000,8407,145,4,0,False,0,car,895.8230555555557,0.1839486033149916,-10351.102821948502,-1937.6049951260911,817.9249285553224,car,0 days 01:48:35.540000
2024-05-19 13:56:15.806,0 days 01:48:35.820000,0 days 00:00:11.145000,8541,142,4,18,False,0,car,906.8675000000001,0.18621647319994966,-10391.376371319659,-2039.0639548125655,817.9834632108309,car,0 days 01:48:35.820000
2024-05-19 13:56:16.166,0 days 01:48:36.180000,0 days 00:00:11.505000,8951,142,4,62,False,0,car,921.0675000000001,0.1891323059091815,-10423.7696686252,-2156.701671375883,819.0384788216265,car,0 days 01:48:36.180000
2024-05-19 13:56:16.366,0 days 01:48:36.380000,0 days 00:00:11.705000,9282,147,4,87,False,0,car,929.2341666666667,0.19080925195087584,-10449.214195674036,-2235.0677179045524,819.037117780402,car,0 days 01:48:36.380000
2024-05-19 13:56:16.645,0 days 01:48:36.659000,0 days 00:00:11.984000,9824,151,4,51,False,0,car,940.9366666666667,0.19321224718184665,-10498.423580605719,-2336.6084274374552,818.5423880235019,car,0 days 01:48:36.659000
2024-05-19 13:56:16.846,0 days 01:48:36.860000,0 days 00:00:12.185000,9697,161,4,43,False,0,car,949.9258333333335,0.19505808564631166,-10554.459401406137,-2409.918224685876,817.9498638832449,car,0 days 01:48:36.860000
2024-05-19 13:56:17.046,0 days 01:48:37.060000,0 days 00:00:12.385000,10143,163,4,54,False,0,car,958.981388888889,0.19691755642723804,-10630.029063482996,-2483.414327899764,818.0211824773437,car,0 days 01:48:37.060000
2024-05-19 13:56:17.286,0 days 01:48:37.300000,0 days 00:00:12.625000,9952,163,4,62,False,0,car,969.8480555555557,0.19914892136434972,-10707.842467829936,-2541.3634675280664,818.7180888036713,car,0 days 01:48:37.300000
2024-05-19 13:56:17.486,0 days 01:48:37.500000,0 days 00:00:12.825000,10568,166,4,81,False,0,car,979.0702777777778,0.2010426155338821,-10779.149455267692,-2587.5143178558956,819.6704377438532,car,0 days 01:48:37.500000
2024-05-19 13:56:17.766,0 days 01:48:37.780000,0 days 00:00:13.105000,11011,175,4,100,False,0,car,992.681388888889,0.20383752560337273,-10943.437935354952,-2684.7022290568384,820.8975535221286,car,0 days 01:48:37.780000
2024-05-19 13:56:17.966,0 days 01:48:37.980000,0 days 00:00:13.305000,11460,183,4,100,False,0,car,1002.8480555555557,0.20592515230833916,-11009.883415137387,-2723.1941244150976,821.7272492967323,car,0 days 01:48:37.980000
2024-05-19 13:56:18.126,0 days 01:48:38.140000,0 days 00:00:13.465000,11605,186,4,100,False,0,car,1011.1147222222223,0.20762263238319711,-11059.179010566051,-2751.5971344559257,822.0084042973531,car,0 days 01:48:38.140000
2024-05-19 13:56:18.366,0 days 01:48:38.380000,0 days 00:00:13.705000,11664,196,4,100,False,0,car,1024.181388888889,0.21030574604990807,-11174.621657440624,-2818.5817827825094,822.2532755841787,car,0 days 01:48:38.380000
2024-05-19 13:56:18.526,0 days 01:48:38.540000,0 days 00:00:13.865000,10544,199,4,100,False,0,car,1033.0258333333334,0.21212186720526685,-11250.122424871113,-2863.343082281692,823.6004975901707,car,0 days 01:48:38.540000
2024-05-19 13:56:18.766,0 days 01:48:38.780000,0 days 00:00:14.105000,11024,210,5,100,False,0,car,1047.0258333333334,0.21499663184817147,-11367.539310230337,-2935.4094090974318,823.9936652498305,car,0 days 01:48:38.780000
2024-05-19 13:56:19.046,0 days 01:48:39.060000,0 days 00:00:14.385000,11148,217,5,100,False,0,car,1063.903611111111,0.2184623203343398,-11500.95244059623,-3032.195133985553,825.0795604333255,car,0 days 01:48:39.060000
2024-05-19 13:56:19.246,0 days 01:48:39.260000,0 days 00:00:14.585000,11529,221,5,100,False,0,car,1076.181388888889,0.22098344329498235,-11587.54982595885,-3114.1254420980913,825.0177439174886,car,0 days 01:48:39.260000
2024-05-19 13:56:19.406,0 days 01:48:39.420000,0 days 00:00:14.745000,11644,224,5,100,False,0,car,1086.1369444444445,0.22302772037438115,-11649.519576067249,-3184.8886718209324,825.091336369158,car,0 days 01:48:39.420000
2024-05-19 13:56:19.566,0 days 01:48:39.580000,0 days 00:00:14.905000,11628,227,5,100,False,0,car,1096.2258333333334,0.2250993761646648,-11698.121561841022,-3253.4802706134087,825.6658801491102,car,0 days 01:48:39.580000
2024-05-19 13:56:19.766,0 days 01:48:39.780000,0 days 00:00:15.105000,10523,231,5,100,False,0,car,1109.059166666667,0.2277345770873274,-11775.323060829047,-3412.5948450133064,826.0171181606911,car,0 days 01:48:39.780000
2024-05-19 13:56:20.006,0 days 01:48:40.020000,0 days 00:00:15.345000,10795,233,6,100,False,0,car,1124.5925000000002,0.23092419690540728,-11849.164002931147,-3590.654525932065,826.235786297227,car,0 days 01:48:40.020000
2024-05-19 13:56:20.326,0 days 01:48:40.340000,0 days 00:00:15.665000,10960,240,6,100,False,0,car,1145.9258333333335,0.23530479064697618,-11914.758093671051,-3771.985629604743,827.5131365350757,car,0 days 01:48:40.340000
2024-05-19 13:56:20.526,0 days 01:48:40.540000,0 days 00:00:15.865000,11124,242,6,100,False,0,car,1159.370277777778,0.2380654773278608,-11977.977957015422,-3939.845696732431,828.0521808565311,car,0 days 01:48:40.540000
2024-05-19 13:56:20.806,0 days 01:48:40.820000,0 days 00:00:16.145000,11303,250,6,100,False,0,car,1178.8147222222224,0.24205820599856162,-12015.889952581494,-4041.009514167007,828.147968381901,car,0 days 01:48:40.820000
2024-05-19 13:56:21.006,0 days 01:48:41.020000,0 days 00:00:16.345000,11452,250,6,100,False,0,car,1192.7036111111113,0.24491015504906222,-12067.923971058468,-4179.4320288873405,829.0650666416076,car,0 days 01:48:41.020000
2024-05-19 13:56:21.286,0 days 01:48:41.300000,0 days 00:00:16.625000,11575,257,6,100,False,0,car,1212.6925000000003,0.24901468012254274,-12138.085472265826,-4366.182023492455,829.9472187339037,car,0 days 01:48:41.300000
2024-05-19 13:56:21.566,0 days 01:48:41.580000,0 days 00:00:16.905000,11818,261,6,100,False,0,car,1232.9925000000005,0.25318308885475443,-12205.930164846981,-4547.60021225502,829.9094443625099,car,0 days 01:48:41.580000
2024-05-19 13:56:21.726,0 days 01:48:41.740000,0 days 00:00:17.065000,11258,261,6,100,False,0,car,1244.5925000000004,0.25556503670173253,-12256.48361818917,-4681.626913922137,830.2128463103192,car,0 days 01:48:41.740000
2024-05-19 13:56:21.926,0 days 01:48:41.940000,0 days 00:00:17.265000,10805,266,6,100,False,0,car,1259.3702777777783,0.2585995104914652,-12328.364681740202,-4872.6551955501445,830.9887303316424,car,0 days 01:48:41.940000
2024-05-19 13:56:22.086,0 days 01:48:42.100000,0 days 00:00:17.425000,10727,269,7,100,False,0,car,1271.3258333333338,0.2610544682341361,-12359.40849885759,-4955.076206678537,830.9888063134971,car,0 days 01:48:42.100000
2024-05-19 13:56:22.566,0 days 01:48:42.580000,0 days 00:00:17.905000,11002,275,7,100,False,0,car,1307.9925000000005,0.2685836137274577,-12472.000488327483,-5255.724341888766,832.0412997150831,car,0 days 01:48:42.580000
2024-05-19 13:56:22.886,0 days 01:48:42.900000,0 days 00:00:18.225000,11002,276,7,100,False,0,car,1332.5258333333338,0.27362129653026196,-12555.63786822376,-5479.18663742733,832.5786955533804,car,0 days 01:48:42.900000
2024-05-19 13:56:23.086,0 days 01:48:43.100000,0 days 00:00:18.425000,11020,278,7,100,False,0,car,1347.9702777777782,0.27679266387441864,-12618.85750473318,-5648.023516872219,833.0721774510996,car,0 days 01:48:43.100000
2024-05-19 13:56:23.366,0 days 01:48:43.380000,0 days 00:00:18.705000,11126,279,7,100,False,0,car,1369.670277777778,0.28124854907092073,-12720.396159546646,-5915.56255439867,833.2959879472523,car,0 days 01:48:43.380000
2024-05-19 13:56:23.526,0 days 01:48:43.540000,0 days 00:00:18.865000,11119,280,7,100,False,0,car,1382.1147222222223,0.28380389542016926,-12770.920743914772,-6048.1630106407965,833.907647377086,car,0 days 01:48:43.540000
2024-05-19 13:56:23.686,0 days 01:48:43.700000,0 days 00:00:19.025000,11031,281,7,100,False,0,car,1394.6036111111111,0.2863683680063794,-12820.112078825448,-6173.336905412185,834.439256935932,car,0 days 01:48:43.700000
2024-05-19 13:56:23.886,0 days 01:48:43.900000,0 days 00:00:19.225000,11142,280,7,100,False,0,car,1410.159166666667,0.28956255094294014,-12877.230165881027,-6314.064716554939,834.9236057830619,car,0 days 01:48:43.900000
2024-05-19 13:56:24.126,0 days 01:48:44.140000,0 days 00:00:19.465000,11089,280,7,100,False,0,car,1428.8258333333335,0.2933955704668129,-12923.823801467264,-6427.090842928745,834.9007933622499,car,0 days 01:48:44.140000
2024-05-19 13:56:24.286,0 days 01:48:44.300000,0 days 00:00:19.625000,11121,280,7,100,False,0,car,1441.270277777778,0.29595091681606145,-12953.493477872693,-6497.4436371247175,834.980063227371,car,0 days 01:48:44.300000
2024-05-19 13:56:24.486,0 days 01:48:44.500000,0 days 00:00:19.825000,10878,280,7,89,False,0,car,1456.8258333333333,0.29914509975262205,-13014.467529216738,-6640.457110971467,835.9847458330241,car,0 days 01:48:44.500000
2024-05-19 13:56:24.726,0 days 01:48:44.740000,0 days 00:00:20.065000,10243,271,7,0,True,0,car,1474.8925000000002,0.3028549150775133,-13082.160160001999,-6801.23954577636,835.9376131328578,car,0 days 01:48:44.740000
2024-05-19 13:56:25.006,0 days 01:48:45.020000,0 days 00:00:20.345000,10277,254,7,0,True,0,car,1494.6480555555556,0.30691152740694533,-13156.439511403301,-7061.786710354507,837.0645605984064,car,0 days 01:48:45.020000
2024-05-19 13:56:25.326,0 days 01:48:45.340000,0 days 00:00:20.665000,10303,235,6,0,True,0,car,1515.5369444444445,0.31120085877889825,-13161.904766987063,-7199.741897363459,838.1464041614986,car,0 days 01:48:45.340000
2024-05-19 13:56:25.566,0 days 01:48:45.580000,0 days 00:00:20.905000,9498,221,6,0,True,0,car,1530.270277777778,0.3142262063316693,-13148.911163407043,-7353.549548526618,839.1985563863276,car,0 days 01:48:45.580000
2024-05-19 13:56:25.766,0 days 01:48:45.780000,0 days 00:00:21.105000,9419,212,6,0,True,0,car,1542.0480555555557,0.3166446591264938,-13127.634337797943,-7467.001671162324,839.7490595217571,car,0 days 01:48:45.780000
2024-05-19 13:56:26.046,0 days 01:48:46.060000,0 days 00:00:21.385000,9965,201,6,2,True,0,car,1557.6813888888892,0.3198548129777373,-13080.925569582465,-7665.544020007674,841.0588643585387,car,0 days 01:48:46.060000
2024-05-19 13:56:26.246,0 days 01:48:46.260000,0 days 00:00:21.585000,10799,185,6,2,True,0,car,1567.959166666667,0.3219652552751078,-13059.769001872544,-7751.469253282383,841.6334889987291,car,0 days 01:48:46.260000
2024-05-19 13:56:26.606,0 days 01:48:46.620000,0 days 00:00:21.945000,10044,171,4,5,True,0,car,1585.059166666667,0.3254765749460841,-13029.305770972287,-7905.941055703959,842.9751268387623,car,0 days 01:48:46.620000
2024-05-19 13:56:27.126,0 days 01:48:47.140000,0 days 00:00:22.465000,9553,162,4,15,False,0,car,1608.459166666667,0.33028153870636756,-13047.185930695245,-8130.093501592146,844.4835445599723,car,0 days 01:48:47.140000
2024-05-19 13:56:27.526,0 days 01:48:47.540000,0 days 00:00:22.865000,9854,160,4,42,False,0,car,1626.2369444444448,0.3339320334910083,-13180.932819397323,-8291.942819895052,846.9728699153885,car,0 days 01:48:47.540000
2024-05-19 13:56:27.926,0 days 01:48:47.940000,0 days 00:00:23.265000,10315,165,4,80,False,0,car,1644.5702777777783,0.3376966062376692,-13329.451085659213,-8421.61413089856,848.1415672718624,car,0 days 01:48:47.940000
2024-05-19 13:56:28.326,0 days 01:48:48.340000,0 days 00:00:23.665000,11218,178,4,100,False,0,car,1664.348055555556,0.34175778168558196,-13444.311142727624,-8517.617064577382,850.0036391017517,car,0 days 01:48:48.340000
2024-05-19 13:56:28.526,0 days 01:48:48.540000,0 days 00:00:23.865000,11554,184,4,100,False,0,car,1674.570277777778,0.3438568161867504,-13522.94403959094,-8584.410014321384,850.4489293857848,car,0 days 01:48:48.540000
2024-05-19 13:56:28.766,0 days 01:48:48.780000,0 days 00:00:24.105000,10974,193,4,100,False,0,car,1687.4369444444449,0.3464988617871342,-13619.12053085512,-8666.0475772351,852.4419872377041,car,0 days 01:48:48.780000
2024-05-19 13:56:29.166,0 days 01:48:49.180000,0 days 00:00:24.505000,10753,204,5,100,False,0,car,1710.1036111111114,0.35115324263755116,-13766.504030367225,-8791.59865429654,854.2614103131392,car,0 days 01:48:49.180000
2024-05-19 13:56:29.366,0 days 01:48:49.380000,0 days 00:00:24.705000,11054,208,5,100,False,0,car,1721.6591666666668,0.3535260642475676,-13862.19337066243,-8871.386514605641,855.981520836879,car,0 days 01:48:49.380000
2024-05-19 13:56:29.566,0 days 01:48:49.580000,0 days 00:00:24.905000,11172,216,5,100,False,0,car,1733.659166666667,0.3559901482272002,-13994.656428062328,-8984.133917871899,858.9396807372208,car,0 days 01:48:49.580000
2024-05-19 13:56:29.726,0 days 01:48:49.740000,0 days 00:00:25.065000,11298,218,5,100,False,0,car,1743.348055555556,0.3579796678848294,-14043.76201013739,-9029.238368394981,860.2300123824506,car,0 days 01:48:49.740000
2024-05-19 13:56:29.967,0 days 01:48:49.981000,0 days 00:00:25.306000,11424,223,5,100,False,0,car,1758.276666666667,0.3610451138412505,-14119.897042739063,-9104.658898858306,862.7352736359686,car,0 days 01:48:49.981000
2024-05-19 13:56:30.246,0 days 01:48:50.260000,0 days 00:00:25.585000,11555,225,5,100,False,0,car,1775.714166666667,0.36462573587415403,-14242.981840891549,-9227.012667876443,868.2148206262004,car,0 days 01:48:50.260000
2024-05-19 13:56:30.446,0 days 01:48:50.460000,0 days 00:00:25.785000,11512,228,5,100,False,0,car,1788.3808333333336,0.3672267134082105,-14352.826489760686,-9336.298036282367,873.554992533411,car,0 days 01:48:50.460000
2024-05-19 13:56:30.766,0 days 01:48:50.780000,0 days 00:00:26.105000,10545,216,5,0,True,0,car,1807.5808333333337,0.37116924777562255,-14491.42698341996,-9471.202182074148,878.9129261934086,car,0 days 01:48:50.780000
2024-05-19 13:56:31.206,0 days 01:48:51.220000,0 days 00:00:26.545000,10504,182,5,0,True,0,car,1829.8252777777782,0.3757369293749044,-14653.036524399718,-9622.097420134061,886.9879051492976,car,0 days 01:48:51.220000
2024-05-19 13:56:31.366,0 days 01:48:51.380000,0 days 00:00:26.705000,11306,166,4,0,True,0,car,1837.2030555555557,0.3772518847105302,-14704.961816145335,-9673.596703618936,889.2810486961172,car,0 days 01:48:51.380000
2024-05-19 13:56:31.646,0 days 01:48:51.660000,0 days 00:00:26.985000,10805,149,3,0,True,0,car,1848.7919444444447,0.37963155099826795,-14785.210001654326,-9759.44334949577,893.4490100390167,car,0 days 01:48:51.660000
2024-05-19 13:56:31.926,0 days 01:48:51.940000,0 days 00:00:27.265000,9545,144,3,0,True,0,car,1859.9919444444447,0.38193136271259165,-14861.349088436142,-9873.935179757162,897.8395891728425,car,0 days 01:48:51.940000
2024-05-19 13:56:32.166,0 days 01:48:52.180000,0 days 00:00:27.505000,8853,128,3,0,True,0,car,1868.525277777778,0.3836836002092192,-14906.837427813807,-9973.003662223513,901.3152509295684,car,0 days 01:48:52.180000
2024-05-19 13:56:32.326,0 days 01:48:52.340000,0 days 00:00:27.665000,8853,125,3,0,True,0,car,1874.0808333333337,0.38482437982941947,-14912.90623526714,-10012.461041636949,902.2423988637933,car,0 days 01:48:52.340000
2024-05-19 13:56:32.526,0 days 01:48:52.540000,0 days 00:00:27.865000,7988,118,3,0,True,0,car,1880.636388888889,0.3861704997812557,-14916.102368710546,-10054.048884729025,903.5400001471905,car,0 days 01:48:52.540000
2024-05-19 13:56:32.766,0 days 01:48:52.780000,0 days 00:00:28.105000,7510,110,3,0,True,0,car,1887.9697222222226,0.3876763288799201,-14910.726806271849,-10109.582916967549,906.2497985207643,car,0 days 01:48:52.780000
2024-05-19 13:56:32.926,0 days 01:48:52.940000,0 days 00:00:28.265000,7253,110,3,0,True,0,car,1892.8586111111115,0.38868021494569627,-14888.509936656876,-10168.937384065608,909.6395791856332,car,0 days 01:48:52.940000
2024-05-19 13:56:33.286,0 days 01:48:53.300000,0 days 00:00:28.625000,6611,98,3,0,True,0,car,1902.6586111111114,0.3906925501957295,-14845.891916170132,-10254.653769741872,914.9862231233868,car,0 days 01:48:53.300000
2024-05-19 13:56:33.446,0 days 01:48:53.460000,0 days 00:00:28.785000,6668,95,3,2,False,0,car,1906.8808333333336,0.39155954270708165,-14823.002282559184,-10273.433103746722,916.6083277807936,car,0 days 01:48:53.460000
2024-05-19 13:56:33.606,0 days 01:48:53.620000,0 days 00:00:28.945000,6844,92,3,8,False,0,car,1910.9697222222226,0.3923991565075491,-14773.280831614024,-10310.269496102925,919.7589893390378,car,0 days 01:48:53.620000
2024-05-19 13:56:33.846,0 days 01:48:53.860000,0 days 00:00:29.185000,7025,92,3,31,False,0,car,1917.1030555555558,0.3936585772082501,-14714.338056287528,-10350.209743098734,922.7247788205509,car,0 days 01:48:53.860000
2024-05-19 13:56:34.046,0 days 01:48:54.060000,0 days 00:00:29.385000,7208,95,3,37,False,0,car,1922.3808333333336,0.39474231784744035,-14691.9567345732,-10357.660478308231,922.9630560517003,car,0 days 01:48:54.060000
2024-05-19 13:56:34.566,0 days 01:48:54.580000,0 days 00:00:29.905000,7977,102,3,52,False,0,car,1937.114166666667,0.3977676654002114,-14559.08897106996,-10391.636722253437,931.076004612589,car,0 days 01:48:54.580000
2024-05-19 13:56:34.926,0 days 01:48:54.940000,0 days 00:00:30.265000,8841,112,3,65,False,0,car,1948.314166666667,0.4000674771145351,-14397.249901158779,-10393.080257222857,938.8963829648653,car,0 days 01:48:54.940000
2024-05-19 13:56:35.126,0 days 01:48:55.140000,0 days 00:00:30.465000,9348,119,3,74,False,0,car,1954.925277777778,0.4014250048625734,-14344.980175192395,-10389.52361745244,941.4417829923221,car,0 days 01:48:55.140000
2024-05-19 13:56:35.526,0 days 01:48:55.540000,0 days 00:00:30.865000,10826,136,3,100,False,0,car,1970.0363888888892,0.40452792542951804,-14231.106330708379,-10373.455807541586,946.4233041049233,car,0 days 01:48:55.540000
2024-05-19 13:56:36.006,0 days 01:48:56.020000,0 days 00:00:31.345000,10274,157,3,100,False,0,car,1990.9697222222226,0.40882638303843255,-13975.337439528335,-10326.804673818984,957.9578370472482,car,0 days 01:48:56.020000
2024-05-19 13:56:36.326,0 days 01:48:56.340000,0 days 00:00:31.665000,10947,173,4,100,False,0,car,2006.3475000000003,0.4119840610271468,-13878.146566543743,-10306.849726560322,961.779022267405,car,0 days 01:48:56.340000
2024-05-19 13:56:36.607,0 days 01:48:56.621000,0 days 00:00:31.946000,11464,184,4,100,False,0,car,2020.7097222222226,0.4149332045012885,-13670.918157212642,-10264.636839090608,971.4122911128818,car,0 days 01:48:56.621000
2024-05-19 13:56:36.966,0 days 01:48:56.980000,0 days 00:00:32.305000,10354,198,4,100,False,0,car,2040.4547222222225,0.41898764934944216,-13555.997322238858,-10241.901381843843,976.2482345448234,car,0 days 01:48:56.980000
2024-05-19 13:56:37.166,0 days 01:48:57.180000,0 days 00:00:32.505000,10756,204,5,100,False,0,car,2051.788055555556,0.42131483977465073,-13443.575044970616,-10221.64460257411,980.8621691105649,car,0 days 01:48:57.180000
2024-05-19 13:56:37.566,0 days 01:48:57.580000,0 days 00:00:32.905000,11261,216,5,100,False,0,car,2075.788055555556,0.42624300773391577,-13222.311178022777,-10181.62979359933,989.1812807628551,car,0 days 01:48:57.580000
2024-05-19 13:56:37.726,0 days 01:48:57.740000,0 days 00:00:33.065000,11402,219,5,100,False,0,car,2085.5213888888893,0.4282416536285065,-13074.56430724262,-10156.054362423673,994.3982211445359,car,0 days 01:48:57.740000
2024-05-19 13:56:38.006,0 days 01:48:58.020000,0 days 00:00:33.345000,11703,226,5,100,False,0,car,2103.0991666666673,0.4318510803468201,-12833.921079796402,-10117.172795795672,1002.2322393808082,car,0 days 01:48:58.020000
2024-05-19 13:56:38.286,0 days 01:48:58.300000,0 days 00:00:33.625000,11826,233,5,100,False,0,car,2121.2213888888896,0.43557230346791337,-12685.745669128637,-10095.440432143867,1006.7380960625394,car,0 days 01:48:58.300000
2024-05-19 13:56:38.526,0 days 01:48:58.540000,0 days 00:00:33.865000,10793,237,6,100,False,0,car,2137.0213888888898,0.43881668070776286,-12594.973003642535,-10082.08536445007,1009.572983274707,car,0 days 01:48:58.540000
2024-05-19 13:56:38.886,0 days 01:48:58.900000,0 days 00:00:34.225000,11122,245,6,100,False,0,car,2161.5213888888898,0.44384751883284596,-12382.140253945936,-10051.247868580958,1017.1499512098535,car,0 days 01:48:58.900000
2024-05-19 13:56:39.046,0 days 01:48:59.060000,0 days 00:00:34.385000,11225,249,6,100,False,0,car,2172.5880555555564,0.4461199518362848,-12262.127723354053,-10034.85236009253,1022.6709731217786,car,0 days 01:48:59.060000
2024-05-19 13:56:39.206,0 days 01:48:59.220000,0 days 00:00:34.545000,11233,250,6,100,False,0,car,2183.6991666666677,0.44840151107668536,-12073.980811534457,-10008.490226413944,1033.4921001094795,car,0 days 01:48:59.220000
2024-05-19 13:56:39.486,0 days 01:48:59.500000,0 days 00:00:34.825000,11488,255,6,100,False,0,car,2203.532500000001,0.4524740943208002,-11927.377264768462,-9988.67404816187,1043.3880740243014,car,0 days 01:48:59.500000
2024-05-19 13:56:39.926,0 days 01:48:59.940000,0 days 00:00:35.265000,11258,260,6,100,False,0,car,2235.310277777779,0.4589993537483456,-11646.718873204592,-9955.569085195304,1062.9056355542764,car,0 days 01:48:59.940000
2024-05-19 13:56:40.126,0 days 01:49:00.140000,0 days 00:00:35.465000,10484,263,6,100,False,0,car,2249.9213888888903,0.4619996041494723,-11496.941668752006,-9941.465749433502,1071.630336103724,car,0 days 01:49:00.140000
2024-05-19 13:56:40.286,0 days 01:49:00.300000,0 days 00:00:35.625000,10602,265,7,100,False,0,car,2261.6991666666677,0.4644180569442967,-11276.636413966879,-9925.388005277495,1085.6414479591035,car,0 days 01:49:00.300000
2024-05-19 13:56:40.446,0 days 01:49:00.460000,0 days 00:00:35.785000,10602,267,7,100,False,0,car,2273.565833333334,0.4668547622130444,-11170.87053287531,-9918.938626228519,1092.2305140725525,car,0 days 01:49:00.460000
2024-05-19 13:56:40.766,0 days 01:49:00.780000,0 days 00:00:36.105000,10826,271,7,100,False,0,car,2297.654722222223,0.4718011826462326,-11036.499938853867,-9917.767027885635,1100.0114290862743,car,0 days 01:49:00.780000
2024-05-19 13:56:41.126,0 days 01:49:01.140000,0 days 00:00:36.465000,10860,274,7,100,False,0,car,2325.0547222222235,0.4774275077330603,-10690.023761013228,-9925.930461673574,1117.137709948672,car,0 days 01:49:01.140000
2024-05-19 13:56:41.526,0 days 01:49:01.540000,0 days 00:00:36.865000,10973,275,7,100,False,0,car,2355.610277777779,0.48370179564416166,-10442.869121072596,-9944.591923579885,1121.9882582400764,car,0 days 01:49:01.540000
2024-05-19 13:56:41.686,0 days 01:49:01.700000,0 days 00:00:37.025000,11100,276,7,100,False,0,car,2367.8769444444456,0.4862206370455638,-10325.873564038913,-9957.474091460346,1122.1257678248842,car,0 days 01:49:01.700000
2024-05-19 13:56:41.886,0 days 01:49:01.900000,0 days 00:00:37.225000,10915,276,7,100,False,0,car,2383.210277777779,0.48936918879731645,-10122.927280286067,-9980.772963559712,1120.8307288656617,car,0 days 01:49:01.900000
2024-05-19 13:56:42.126,0 days 01:49:02.140000,0 days 00:00:37.465000,10951,277,7,100,False,0,car,2401.676944444446,0.4931611402548621,-9949.548508082538,-10000.85886822847,1119.4268743498078,car,0 days 01:49:02.140000
2024-05-19 13:56:42.286,0 days 01:49:02.300000,0 days 00:00:37.625000,10952,277,7,100,False,0,car,2413.9880555555565,0.49568910789322573,-9866.957923654856,-10010.442763840047,1118.8415864767132,car,0 days 01:49:02.300000
2024-05-19 13:56:42.446,0 days 01:49:02.460000,0 days 00:00:37.785000,10742,277,7,76,False,0,car,2426.299166666667,0.49821707553158934,-9743.973193866279,-10024.715503442318,1117.8592426395876,car,0 days 01:49:02.460000
2024-05-19 13:56:42.846,0 days 01:49:02.860000,0 days 00:00:38.185000,10234,242,7,0,True,0,car,2453.1880555555563,0.5037384488933586,-9454.099769087781,-10056.389741669398,1116.0269004258125,car,0 days 01:49:02.860000
2024-05-19 13:56:43.167,0 days 01:49:03.181000,0 days 00:00:38.506000,10491,223,7,0,True,0,car,2473.072222222223,0.5078214702709983,-9251.977832879767,-10069.924445651355,1114.0185701912849,car,0 days 01:49:03.181000
2024-05-19 13:56:43.686,0 days 01:49:03.700000,0 days 00:00:39.025000,10047,199,5,8,False,0,car,2501.7613888888895,0.5137125132686933,-8969.989421853223,-10040.090269433198,1114.0608904385538,car,0 days 01:49:03.700000
2024-05-19 13:56:43.846,0 days 01:49:03.860000,0 days 00:00:39.185000,9777,193,5,15,False,0,car,2510.3391666666676,0.5154738770022825,-8891.303088523255,-10010.684287885228,1113.6139603360111,car,0 days 01:49:03.860000
2024-05-19 13:56:44.286,0 days 01:49:04.300000,0 days 00:00:39.625000,10064,189,5,75,False,0,car,2533.4391666666675,0.5202172386630751,-8703.717861597092,-9880.115879685502,1109.2821396526583,car,0 days 01:49:04.300000
2024-05-19 13:56:44.566,0 days 01:49:04.580000,0 days 00:00:39.905000,10418,196,5,100,False,0,car,2548.683611111112,0.5233475379409046,-8611.073137049567,-9761.802589555853,1105.6621945998477,car,0 days 01:49:04.580000
2024-05-19 13:56:44.806,0 days 01:49:04.820000,0 days 00:00:40.145000,10741,202,5,100,False,0,car,2562.1502777777787,0.52611278774027,-8538.90888149911,-9634.708068418087,1101.8850133160802,car,0 days 01:49:04.820000
2024-05-19 13:56:45.126,0 days 01:49:05.140000,0 days 00:00:40.465000,11162,209,5,100,False,0,car,2580.7280555555567,0.5299275547902197,-8424.111983566876,-9403.76386334774,1094.0352336704998,car,0 days 01:49:05.140000
2024-05-19 13:56:45.366,0 days 01:49:05.380000,0 days 00:00:40.705000,11299,219,5,100,False,0,car,2595.3280555555566,0.5329255236321059,-8393.683154978273,-9338.23589742191,1091.4994877181,car,0 days 01:49:05.380000
2024-05-19 13:56:45.646,0 days 01:49:05.660000,0 days 00:00:40.985000,11595,226,5,100,False,0,car,2612.9058333333346,0.5365349503504195,-8332.519654700063,-9184.251751494712,1087.2595178215024,car,0 days 01:49:05.660000
2024-05-19 13:56:45.926,0 days 01:49:05.940000,0 days 00:00:41.265000,11597,230,5,100,False,0,car,2630.7947222222238,0.5402082607274643,-8282.984362960848,-9018.66823895922,1080.5518349933748,car,0 days 01:49:05.940000
2024-05-19 13:56:46.126,0 days 01:49:06.140000,0 days 00:00:41.465000,10724,234,5,100,False,0,car,2643.7947222222238,0.5428776850387329,-8256.800580804469,-8860.85399450201,1073.7874703292407,car,0 days 01:49:06.140000
2024-05-19 13:56:46.486,0 days 01:49:06.500000,0 days 00:00:41.825000,11067,237,6,100,False,0,car,2667.4947222222236,0.5477442508985071,-8233.441846133235,-8586.663231340357,1059.815264902049,car,0 days 01:49:06.500000
2024-05-19 13:56:46.886,0 days 01:49:06.900000,0 days 00:00:42.225000,11332,251,6,100,False,0,car,2695.3836111111123,0.5534709645919123,-8249.09129791052,-8374.085259126616,1044.1156725266092,car,0 days 01:49:06.900000
2024-05-19 13:56:47.126,0 days 01:49:07.140000,0 days 00:00:42.465000,11545,254,6,100,False,0,car,2712.3169444444457,0.5569480608742826,-8270.746968447918,-8186.610952563844,1028.5570017926934,car,0 days 01:49:07.140000
2024-05-19 13:56:47.566,0 days 01:49:07.580000,0 days 00:00:42.905000,10952,262,6,100,False,0,car,2744.3391666666676,0.5635235146051167,-8341.897046841099,-7803.21940882555,993.3997441825104,car,0 days 01:49:07.580000
2024-05-19 13:56:47.726,0 days 01:49:07.740000,0 days 00:00:43.065000,10463,264,6,100,False,0,car,2756.0725000000007,0.5659328411629796,-8369.91490901637,-7675.4456121730145,984.0789266433721,car,0 days 01:49:07.740000
2024-05-19 13:56:47.966,0 days 01:49:07.980000,0 days 00:00:43.305000,10688,268,7,100,False,0,car,2773.9391666666675,0.5696015884215436,-8405.775173138776,-7522.832287014926,973.9483755095046,car,0 days 01:49:07.980000
2024-05-19 13:56:48.206,0 days 01:49:08.220000,0 days 00:00:43.545000,10760,270,7,100,False,0,car,2791.9391666666675,0.5732977143909924,-8432.710808486332,-7405.69347459801,965.5748597339541,car,0 days 01:49:08.220000
2024-05-19 13:56:48.366,0 days 01:49:08.380000,0 days 00:00:43.705000,10791,270,7,100,False,0,car,2803.939166666667,0.5757617983706248,-8456.257736307503,-7302.444707054354,959.2577339669585,car,0 days 01:49:08.380000
2024-05-19 13:56:48.646,0 days 01:49:08.660000,0 days 00:00:43.985000,10885,274,7,100,False,0,car,2825.250277777778,0.5801378289937129,-8523.917029591936,-7007.5617846471705,944.4529877313693,car,0 days 01:49:08.660000
2024-05-19 13:56:48.806,0 days 01:49:08.820000,0 days 00:00:44.145000,10846,275,7,100,False,0,car,2837.4725000000008,0.5826475441581536,-8545.123974478298,-6911.911695627239,939.1685818063899,car,0 days 01:49:08.820000
2024-05-19 13:56:49.006,0 days 01:49:09.020000,0 days 00:00:44.345000,10890,276,7,100,False,0,car,2852.805833333334,0.5857960959099061,-8566.138203003477,-6817.720204053631,934.1696711195448,car,0 days 01:49:09.020000
2024-05-19 13:56:49.166,0 days 01:49:09.180000,0 days 00:00:44.505000,10977,276,7,100,False,0,car,2865.0725000000007,0.5883149373113084,-8593.16901412279,-6701.088900662668,929.0614937820875,car,0 days 01:49:09.180000
2024-05-19 13:56:49.406,0 days 01:49:09.420000,0 days 00:00:44.745000,10778,277,7,21,False,0,car,2883.539166666667,0.5921068887688539,-8637.75629795719,-6477.575265374907,917.0050477002854,car,0 days 01:49:09.420000
2024-05-19 13:56:49.767,0 days 01:49:09.781000,0 days 00:00:45.106000,10208,267,7,0,True,0,car,2910.313333333334,0.5976047050314659,-8654.312961210928,-6276.593025881604,907.5104333003685,car,0 days 01:49:09.781000
2024-05-19 13:56:49.927,0 days 01:49:09.941000,0 days 00:00:45.266000,9952,262,7,0,True,0,car,2921.957777777778,0.5999957791154056,-8640.631710418284,-6170.718176434096,904.0091018281687,car,0 days 01:49:09.941000
2024-05-19 13:56:50.246,0 days 01:49:10.260000,0 days 00:00:45.585000,10210,237,7,0,True,0,car,2942.9586111111116,0.6043080971967055,-8570.838667537937,-5958.824067149664,898.0831888053765,car,0 days 01:49:10.260000
2024-05-19 13:56:50.486,0 days 01:49:10.500000,0 days 00:00:45.825000,10561,220,6,0,True,0,car,2957.6252777777786,0.6073197553940343,-8491.318466323357,-5803.908227230498,896.4434925157775,car,0 days 01:49:10.500000
2024-05-19 13:56:50.646,0 days 01:49:10.660000,0 days 00:00:45.985000,10019,212,5,0,True,0,car,2967.0475000000006,0.6092545176298938,-8430.749126588333,-5696.118428776373,895.9940452249772,car,0 days 01:49:10.660000
2024-05-19 13:56:51.086,0 days 01:49:11.100000,0 days 00:00:46.425000,10666,170,4,0,True,0,car,2987.8252777777784,0.6135210334094428,-8328.898594050153,-5536.513962286792,899.2825411790518,car,0 days 01:49:11.100000
2024-05-19 13:56:51.246,0 days 01:49:11.260000,0 days 00:00:46.585000,9546,162,4,0,True,0,car,2995.0252777777787,0.6149994837972224,-8272.327224050432,-5462.980477252249,900.7885600264467,car,0 days 01:49:11.260000
2024-05-19 13:56:51.446,0 days 01:49:11.460000,0 days 00:00:46.785000,8509,147,4,0,True,0,car,3003.191944444445,0.6166764298389167,-8225.735568810182,-5410.912069943666,902.2933436067228,car,0 days 01:49:11.460000
2024-05-19 13:56:51.846,0 days 01:49:11.860000,0 days 00:00:47.185000,7652,135,4,0,True,0,car,3018.191944444445,0.6197565348134573,-8120.164756928456,-5347.5633692514575,907.1710272738281,car,0 days 01:49:11.860000
2024-05-19 13:56:52.126,0 days 01:49:12.140000,0 days 00:00:47.465000,7458,127,4,3,False,0,car,3028.069722222223,0.6217848409781733,-8027.593900371921,-5325.009554589274,910.828238484739,car,0 days 01:49:12.140000
2024-05-19 13:56:52.366,0 days 01:49:12.380000,0 days 00:00:47.705000,7559,121,4,16,False,0,car,3036.1363888888895,0.623441252986704,-7915.415913046598,-5335.8179221208375,920.0507507153411,car,0 days 01:49:12.380000
2024-05-19 13:56:52.686,0 days 01:49:12.700000,0 days 00:00:48.025000,7581,120,4,38,False,0,car,3046.803055555556,0.6256315498574885,-7838.364460853551,-5353.9631247368025,926.3397731827451,car,0 days 01:49:12.700000
2024-05-19 13:56:53.046,0 days 01:49:13.060000,0 days 00:00:48.385000,7913,128,4,68,False,0,car,3059.6030555555562,0.6282599061024299,-7710.620141114865,-5387.837269097636,937.9205989004647,car,0 days 01:49:13.060000
2024-05-19 13:56:53.246,0 days 01:49:13.260000,0 days 00:00:48.585000,8531,136,4,100,False,0,car,3067.158611111112,0.6298113663859022,-7638.451949700977,-5405.117090437479,944.832657199559,car,0 days 01:49:13.260000
2024-05-19 13:56:53.486,0 days 01:49:13.500000,0 days 00:00:48.825000,9358,142,4,100,False,0,car,3076.6252777777786,0.6317552548587234,-7546.9449235446,-5422.080421459766,954.047937806549,car,0 days 01:49:13.500000
2024-05-19 13:56:53.646,0 days 01:49:13.660000,0 days 00:00:48.985000,9394,151,4,100,False,0,car,3083.3363888888894,0.6331333166399252,-7480.371702669773,-5430.584050188094,959.3421816921839,car,0 days 01:49:13.660000
2024-05-19 13:56:53.886,0 days 01:49:13.900000,0 days 00:00:49.225000,10321,159,4,100,False,0,car,3093.9363888888893,0.6353099241552673,-7387.398358721574,-5438.494186128494,967.5609831309423,car,0 days 01:49:13.900000
2024-05-19 13:56:54.126,0 days 01:49:14.140000,0 days 00:00:49.465000,11371,164,4,100,False,0,car,3104.8697222222227,0.6375549784478214,-7198.28211548202,-5443.165651233643,982.7642117882449,car,0 days 01:49:14.140000
2024-05-19 13:56:54.366,0 days 01:49:14.380000,0 days 00:00:49.705000,11180,177,4,100,False,0,car,3116.6697222222224,0.6399779943611267,-7128.948138694862,-5443.444020307841,988.6702564673031,car,0 days 01:49:14.380000
2024-05-19 13:56:54.646,0 days 01:49:14.660000,0 days 00:00:49.985000,11715,188,4,100,False,0,car,3131.2919444444447,0.6429805263214937,-7009.8088253949945,-5442.225062922363,997.3194493961882,car,0 days 01:49:14.660000
2024-05-19 13:56:54.846,0 days 01:49:14.860000,0 days 00:00:50.185000,10315,194,4,100,False,0,car,3142.0697222222225,0.6451936387846822,-6904.712264115613,-5441.157205532947,1004.0968498711607,car,0 days 01:49:14.860000
2024-05-19 13:56:55.046,0 days 01:49:15.060000,0 days 00:00:50.385000,10412,197,5,100,False,0,car,3153.014166666667,0.6474409746364767,-6758.379138431964,-5439.834253732088,1011.8143028019099,car,0 days 01:49:15.060000
2024-05-19 13:56:55.406,0 days 01:49:15.420000,0 days 00:00:50.745000,10971,206,5,100,False,0,car,3173.6141666666667,0.6516709854681791,-6568.01904650612,-5438.403616317382,1021.6079685103417,car,0 days 01:49:15.420000
2024-05-19 13:56:55.606,0 days 01:49:15.620000,0 days 00:00:50.945000,11290,216,5,100,False,0,car,3185.6141666666667,0.6541350694478116,-6472.112451888788,-5437.649616917275,1025.6130041924566,car,0 days 01:49:15.620000
2024-05-19 13:56:55.846,0 days 01:49:15.860000,0 days 00:00:51.185000,11497,218,5,100,False,0,car,3200.1475,0.6571193489342555,-6321.616859890876,-5435.9265199155025,1030.7157623008513,car,0 days 01:49:15.860000
2024-05-19 13:56:56.006,0 days 01:49:16.020000,0 days 00:00:51.345000,11743,225,5,100,False,0,car,3210.1475,0.6591727522506159,-6223.039304468147,-5434.816969310653,1033.5788260644777,car,0 days 01:49:16.020000
2024-05-19 13:56:56.166,0 days 01:49:16.180000,0 days 00:00:51.505000,11673,230,5,100,False,0,car,3220.3697222222227,0.6612717867517844,-6122.446658318137,-5434.21738533289,1036.1855696711896,car,0 days 01:49:16.180000
2024-05-19 13:56:56.407,0 days 01:49:16.421000,0 days 00:00:51.746000,10709,235,6,100,False,0,car,3236.101666666667,0.6645021894412865,-5943.170950125937,-5432.661367682527,1040.9226299445963,car,0 days 01:49:16.421000
2024-05-19 13:56:56.687,0 days 01:49:16.701000,0 days 00:00:52.026000,10992,241,6,100,False,0,car,3254.8461111111114,0.668351179879842,-5764.411392901158,-5431.344582491931,1046.0422953804982,car,0 days 01:49:16.701000
2024-05-19 13:56:56.887,0 days 01:49:16.901000,0 days 00:00:52.226000,11177,245,6,100,False,0,car,3268.4572222222223,0.6711460899493326,-5649.362152729732,-5430.5769029778,1049.5465830893456,car,0 days 01:49:16.901000
2024-05-19 13:56:57.086,0 days 01:49:17.100000,0 days 00:00:52.425000,11289,249,6,100,False,0,car,3282.2213888888887,0.6739724284973596,-5473.828796926573,-5428.274034079159,1054.5116194222971,car,0 days 01:49:17.100000
2024-05-19 13:56:57.286,0 days 01:49:17.300000,0 days 00:00:52.625000,11364,252,6,100,False,0,car,3296.2213888888887,0.6768471931402642,-5277.93181231114,-5424.7899146571535,1060.0398513466007,car,0 days 01:49:17.300000
2024-05-19 13:56:57.566,0 days 01:49:17.580000,0 days 00:00:52.905000,11382,255,6,100,False,0,car,3316.054722222222,0.6809197763843792,-5147.390288588697,-5418.976544282995,1064.5886445305678,car,0 days 01:49:17.580000
2024-05-19 13:56:57.926,0 days 01:49:17.940000,0 days 00:00:53.265000,11548,257,6,100,False,0,car,3341.754722222222,0.6861970229074255,-4897.527702803836,-5398.658983975706,1071.0622752849372,car,0 days 01:49:17.940000
2024-05-19 13:56:58.166,0 days 01:49:18.180000,0 days 00:00:53.505000,11635,260,6,100,False,0,car,3359.0880555555555,0.6897562553224502,-4728.647851999038,-5383.4088399981465,1075.4095189277828,car,0 days 01:49:18.180000
2024-05-19 13:56:58.406,0 days 01:49:18.420000,0 days 00:00:53.745000,11638,262,6,100,False,0,car,3376.5547222222217,0.6933428664483596,-4531.127400845346,-5366.3349900385765,1079.6823451028379,car,0 days 01:49:18.420000
2024-05-19 13:56:58.766,0 days 01:49:18.780000,0 days 00:00:54.105000,11705,262,6,100,False,0,car,3402.7547222222215,0.698722783137224,-4279.809037290561,-5344.975276305692,1082.7616754201558,car,0 days 01:49:18.780000
2024-05-19 13:56:59.166,0 days 01:49:19.180000,0 days 00:00:54.505000,10898,254,6,0,True,0,car,3430.976944444444,0.7045179436078413,-4003.3960328948615,-5322.346628882708,1084.7307066097378,car,0 days 01:49:19.180000
2024-05-19 13:56:59.406,0 days 01:49:19.420000,0 days 00:00:54.745000,10078,232,6,0,True,0,car,3446.4436111111104,0.7076938740704787,-3846.561666666928,-5309.163977062788,1086.0546225556955,car,0 days 01:49:19.420000
2024-05-19 13:56:59.726,0 days 01:49:19.740000,0 days 00:00:55.065000,9573,200,6,0,True,0,car,3464.221388888888,0.7113443688551194,-3663.217536795789,-5294.237512836241,1086.977793186919,car,0 days 01:49:19.740000
2024-05-19 13:57:00.046,0 days 01:49:20.060000,0 days 00:00:55.385000,10201,184,5,0,True,0,car,3480.5769444444436,0.7147028240569889,-3502.6911395488214,-5282.295860444337,1086.9982075505493,car,0 days 01:49:20.060000
2024-05-19 13:57:00.406,0 days 01:49:20.420000,0 days 00:00:55.745000,8831,148,4,0,True,0,car,3495.376944444444,0.7177418609652024,-3348.480709053694,-5273.4788458363755,1089.0071389340687,car,0 days 01:49:20.420000
2024-05-19 13:57:00.606,0 days 01:49:20.620000,0 days 00:00:55.945000,7847,139,4,0,True,0,car,3503.099166666666,0.7193275446372808,-3277.449853134961,-5273.292877961168,1090.1817999941172,car,0 days 01:49:20.620000
2024-05-19 13:57:00.766,0 days 01:49:20.780000,0 days 00:00:56.105000,7847,131,4,0,True,0,car,3508.921388888888,0.7205230816792506,-3232.8213147966276,-5277.772324216662,1091.1095673778998,car,0 days 01:49:20.780000
2024-05-19 13:57:01.006,0 days 01:49:21.020000,0 days 00:00:56.345000,7062,125,4,0,True,0,car,3517.2547222222215,0.722234251109551,-3165.8628892527063,-5301.9079325932835,1093.3147246780175,car,0 days 01:49:21.020000
2024-05-19 13:57:01.246,0 days 01:49:21.260000,0 days 00:00:56.585000,6878,115,4,0,True,0,car,3524.921388888888,0.7238085269854273,-3101.0913070686347,-5353.449546869187,1095.2091513853118,car,0 days 01:49:21.260000
2024-05-19 13:57:01.486,0 days 01:49:21.500000,0 days 00:00:56.825000,6770,109,4,0,False,0,car,3532.188055555555,0.7253006667286492,-3034.8209260243684,-5423.835332947168,1096.0500950278872,car,0 days 01:49:21.500000
2024-05-19 13:57:01.806,0 days 01:49:21.820000,0 days 00:00:57.145000,7380,104,3,2,True,0,car,3541.4324999999994,0.7271989240166624,-2981.401454653449,-5478.693897678768,1095.9908889645858,car,0 days 01:49:21.820000
2024-05-19 13:57:01.966,0 days 01:49:21.980000,0 days 00:00:57.305000,7380,97,3,1,True,0,car,3545.7436111111106,0.7280841690019378,-2945.2671468798894,-5508.819130360522,1095.9989160214163,car,0 days 01:49:21.980000
2024-05-19 13:57:02.126,0 days 01:49:22.140000,0 days 00:00:57.465000,7063,103,3,4,True,0,car,3550.3213888888886,0.7290241714089829,-2908.098184169255,-5531.973612323,1095.9932446294372,car,0 days 01:49:22.140000
2024-05-19 13:57:02.326,0 days 01:49:22.340000,0 days 00:00:57.665000,7093,102,3,3,False,0,car,3555.988055555555,0.7301877666215871,-2858.7824879462814,-5552.159411369745,1095.9734867940413,car,0 days 01:49:22.340000
2024-05-19 13:57:02.526,0 days 01:49:22.540000,0 days 00:00:57.865000,7192,98,3,6,False,0,car,3561.4324999999994,0.7313057306493833,-2816.9424425570073,-5564.362870749636,1094.9703020999348,car,0 days 01:49:22.540000
2024-05-19 13:57:02.807,0 days 01:49:22.821000,0 days 00:00:58.146000,7402,97,3,29,False,0,car,3569.0038888888885,0.7328604421547732,-2693.9176045763074,-5548.377329085657,1092.0418700355115,car,0 days 01:49:22.821000
2024-05-19 13:57:02.967,0 days 01:49:22.981000,0 days 00:00:58.306000,7572,99,3,39,False,0,car,3573.4038888888886,0.7337639396139718,-2659.388182384474,-5540.590915001791,1091.3347642715808,car,0 days 01:49:22.981000
2024-05-19 13:57:03.167,0 days 01:49:23.181000,0 days 00:00:58.506000,7824,101,3,51,False,0,car,3579.015,0.7349161270303741,-2635.0101447266043,-5531.67191870344,1090.841527681798,car,0 days 01:49:23.181000
2024-05-19 13:57:03.487,0 days 01:49:23.501000,0 days 00:00:58.826000,8758,111,3,60,False,0,car,3588.8816666666667,0.7369421516358498,-2540.7415518672374,-5500.00353317896,1088.631063224515,car,0 days 01:49:23.501000
2024-05-19 13:57:03.886,0 days 01:49:23.900000,0 days 00:00:59.225000,9818,125,3,80,False,0,car,3602.735833333333,0.7397869708137241,-2416.6224216835794,-5448.52398108183,1086.3014035285196,car,0 days 01:49:23.900000
2024-05-19 13:57:04.326,0 days 01:49:24.340000,0 days 00:00:59.665000,11585,145,3,100,False,0,car,3620.4580555555553,0.7434260578021629,-2263.8055865712904,-5374.966006594071,1082.0079323180644,car,0 days 01:49:24.340000
2024-05-19 13:57:04.646,0 days 01:49:24.660000,0 days 00:00:59.985000,10209,164,4,100,False,0,car,3635.0358333333334,0.7464194635255683,-2137.5539388330535,-5308.723752944175,1079.4040199975927,car,0 days 01:49:24.660000
2024-05-19 13:57:04.886,0 days 01:49:24.900000,0 days 00:01:00.225000,11058,169,4,100,False,0,car,3646.3025000000002,0.7487329645953344,-2015.2520662891573,-5243.975421809554,1077.2506329821995,car,0 days 01:49:24.900000
2024-05-19 13:57:05.086,0 days 01:49:25.100000,0 days 00:01:00.425000,11331,182,4,100,False,0,car,3656.413611111111,0.7508091835040989,-1942.610884660121,-5205.3907265223625,1075.1500224036788,car,0 days 01:49:25.100000
2024-05-19 13:57:05.366,0 days 01:49:25.380000,0 days 00:01:00.705000,11735,189,4,100,False,0,car,3671.1136111111114,0.7538276863791488,-1823.3363565697098,-5142.692573839708,1072.2199506840702,car,0 days 01:49:25.380000
2024-05-19 13:57:05.606,0 days 01:49:25.620000,0 days 00:01:00.945000,10480,199,4,100,False,0,car,3684.3802777777782,0.756551868112187,-1711.1274020206567,-5084.6735381470935,1070.71295023979,car,0 days 01:49:25.620000
2024-05-19 13:57:05.966,0 days 01:49:25.980000,0 days 00:01:01.305000,11185,213,5,100,False,0,car,3705.6802777777784,0.7609256171760348,-1398.280021685865,-4936.081252640957,1064.74359561643,car,0 days 01:49:25.980000
2024-05-19 13:57:06.166,0 days 01:49:26.180000,0 days 00:01:01.505000,11323,219,5,100,False,0,car,3717.8469444444454,0.7634239245442733,-1289.2678116993661,-4886.244936219081,1062.9109964871682,car,0 days 01:49:26.180000
2024-05-19 13:57:06.606,0 days 01:49:26.620000,0 days 00:01:01.945000,11683,230,5,100,False,0,car,3745.9580555555563,0.7691962694224865,-1116.997175537582,-4804.089116402648,1059.9036431518416,car,0 days 01:49:26.620000
2024-05-19 13:57:06.926,0 days 01:49:26.940000,0 days 00:01:02.265000,10770,237,6,100,False,0,car,3767.024722222223,0.7735221057422859,-939.3842341798412,-4705.979969690549,1056.0961233028538,car,0 days 01:49:26.940000
2024-05-19 13:57:07.086,0 days 01:49:27.100000,0 days 00:01:02.425000,10900,242,6,100,False,0,car,3777.7802777777783,0.7757306550869935,-847.8266263105841,-4650.446098285516,1053.1215982384879,car,0 days 01:49:27.100000
2024-05-19 13:57:07.246,0 days 01:49:27.260000,0 days 00:01:02.585000,11059,246,6,100,False,0,car,3788.7136111111117,0.7779757093795475,-731.3551627920529,-4572.727014946243,1049.720704816376,car,0 days 01:49:27.260000
2024-05-19 13:57:07.446,0 days 01:49:27.460000,0 days 00:01:02.785000,11227,250,6,100,False,0,car,3802.6025000000004,0.7808276584300481,-588.9735711843738,-4473.339453526078,1045.764127993867,car,0 days 01:49:27.460000
2024-05-19 13:57:07.846,0 days 01:49:27.860000,0 days 00:01:03.185000,11502,257,6,100,False,0,car,3831.1580555555565,0.7866912656778775,-419.91227356031476,-4349.457404246085,1040.5143471346241,car,0 days 01:49:27.860000
2024-05-19 13:57:08.246,0 days 01:49:28.260000,0 days 00:01:03.585000,11742,263,6,100,False,0,car,3860.3802777777787,0.7926917664801307,-190.4250394467289,-4170.461023983418,1034.0993338163858,car,0 days 01:49:28.260000
2024-05-19 13:57:08.486,0 days 01:49:28.500000,0 days 00:01:03.825000,10631,266,6,100,False,0,car,3878.1136111111123,0.79633313502781,-55.310998430531484,-4055.9635713769258,1030.0971331788526,car,0 days 01:49:28.500000
2024-05-19 13:57:08.766,0 days 01:49:28.780000,0 days 00:01:04.105000,10771,270,7,100,False,0,car,3899.1136111111123,0.8006452819921669,95.76005144005211,-3913.1961947504196,1026.065976938781,car,0 days 01:49:28.780000
2024-05-19 13:57:08.966,0 days 01:49:28.980000,0 days 00:01:04.305000,10896,271,7,100,False,0,car,3914.169166666668,0.8037367947629095,202.4959841757576,-3805.577729047354,1024.066041485447,car,0 days 01:49:28.980000
2024-05-19 13:57:09.166,0 days 01:49:29.180000,0 days 00:01:04.505000,10996,274,7,100,False,0,car,3929.391388888889,0.806862530922258,300.54678157677284,-3702.1437341509222,1020.2891369565222,car,0 days 01:49:29.180000
2024-05-19 13:57:09.326,0 days 01:49:29.340000,0 days 00:01:04.665000,10996,276,7,100,False,0,car,3941.6580555555565,0.8093813723236603,421.33050843519675,-3568.9445297983657,1015.0400354427193,car,0 days 01:49:29.340000
2024-05-19 13:57:09.647,0 days 01:49:29.661000,0 days 00:01:04.986000,11130,281,7,100,False,0,car,3966.71388888889,0.8145263454497443,601.6721851758674,-3368.321588530939,1006.9705225136784,car,0 days 01:49:29.661000
2024-05-19 13:57:09.847,0 days 01:49:29.861000,0 days 00:01:05.186000,11247,281,7,100,False,0,car,3982.325000000001,0.8177319361825071,658.6162399571541,-3305.6950844358507,1003.6094096495538,car,0 days 01:49:29.861000
2024-05-19 13:57:10.087,0 days 01:49:30.101000,0 days 00:01:05.426000,11296,281,7,100,False,0,car,4001.0583333333343,0.8215786450618223,786.5496771506471,-3163.549176779795,995.860194768548,car,0 days 01:49:30.101000
2024-05-19 13:57:10.367,0 days 01:49:30.381000,0 days 00:01:05.706000,11390,288,7,100,False,0,car,4023.4583333333344,0.8261782684904697,923.9262767671513,-3011.055793780514,986.0340851191877,car,0 days 01:49:30.381000
2024-05-19 13:57:10.606,0 days 01:49:30.620000,0 days 00:01:05.945000,11373,289,7,100,False,0,car,4042.6447222222223,0.830118007947812,1077.2541823847566,-2841.825383872876,973.208161386118,car,0 days 01:49:30.620000
2024-05-19 13:57:10.766,0 days 01:49:30.780000,0 days 00:01:06.105000,11373,290,7,100,False,0,car,4055.533611111112,0.8327646166666767,1193.7967571118597,-2712.8679553448,963.0778972332096,car,0 days 01:49:30.780000
2024-05-19 13:57:11.086,0 days 01:49:31.100000,0 days 00:01:06.425000,11607,292,7,100,False,0,car,4081.4891666666667,0.8380943390522521,1325.418784956536,-2569.905071297061,950.9369675069383,car,0 days 01:49:31.100000
2024-05-19 13:57:11.246,0 days 01:49:31.260000,0 days 00:01:06.585000,11675,293,7,100,False,0,car,4094.5113888888886,0.8407683264820014,1411.497886704103,-2484.0348686284447,943.3281665064039,car,0 days 01:49:31.260000
2024-05-19 13:57:11.486,0 days 01:49:31.500000,0 days 00:01:06.825000,11656,293,7,100,False,0,car,4114.044722222223,0.8447793076266257,1565.3004051989594,-2347.847110714591,930.5249252619303,car,0 days 01:49:31.500000
2024-05-19 13:57:11.646,0 days 01:49:31.660000,0 days 00:01:06.985000,11624,294,7,100,False,0,car,4127.111388888889,0.8474624212933366,1703.5876811910925,-2246.041920457027,919.547645433042,car,0 days 01:49:31.660000
2024-05-19 13:57:11.886,0 days 01:49:31.900000,0 days 00:01:07.225000,11720,297,7,100,False,8,car,4146.911388888889,0.8515281598597301,1874.6153140621211,-2149.186004066715,905.8002714630512,car,0 days 01:49:31.900000
2024-05-19 13:57:12.046,0 days 01:49:32.060000,0 days 00:01:07.385000,11345,296,7,0,True,8,car,4160.066944444445,0.8542295260003644,2046.2637007337569,-2075.81244952117,892.0285709865726,car,0 days 01:49:32.060000
2024-05-19 13:57:12.206,0 days 01:49:32.220000,0 days 00:01:07.545000,11057,290,7,0,True,8,car,4172.955833333333,0.8568761347192289,2184.918318767526,-2019.464904131863,881.3548841299039,car,0 days 01:49:32.220000
2024-05-19 13:57:12.446,0 days 01:49:32.460000,0 days 00:01:07.785000,10225,282,7,0,True,8,car,4191.755833333333,0.8607365329539863,2292.3767511192136,-1976.3991823329775,874.1479738682381,car,0 days 01:49:32.460000
2024-05-19 13:57:12.806,0 days 01:49:32.820000,0 days 00:01:08.145000,10225,233,7,0,True,8,car,4215.055833333333,0.8655209626811062,2600.1449773984755,-1851.2288927342177,850.151684576393,car,0 days 01:49:32.820000
2024-05-19 13:57:13.006,0 days 01:49:33.020000,0 days 00:01:08.345000,10165,213,7,0,True,8,car,4226.889166666667,0.8679508232721328,2642.1069848158295,-1834.0192554998484,847.1583564537394,car,0 days 01:49:33.020000
2024-05-19 13:57:13.406,0 days 01:49:33.420000,0 days 00:01:08.745000,10088,177,5,0,True,8,car,4246.555833333334,0.8719891831276417,2826.187573150397,-1758.879178858896,832.8757882454056,car,0 days 01:49:33.420000
2024-05-19 13:57:13.646,0 days 01:49:33.660000,0 days 00:01:08.985000,9872,153,4,0,True,8,car,4256.755833333334,0.8740836545103293,2922.945652190892,-1716.35322628461,826.957852363041,car,0 days 01:49:33.660000
2024-05-19 13:57:13.806,0 days 01:49:33.820000,0 days 00:01:09.145000,10047,148,4,0,True,8,car,4263.333611111111,0.8754343375806464,2979.9611028723825,-1686.0952691222203,823.6897071716458,car,0 days 01:49:33.820000
2024-05-19 13:57:14.726,0 days 01:49:34.740000,0 days 00:01:10.065000,8192,117,3,0,False,8,car,4293.233611111111,0.8815740134965641,3178.276614242581,-1454.8994702111047,808.5487417176319,car,0 days 01:49:34.740000
2024-05-19 13:57:15.126,0 days 01:49:35.140000,0 days 00:01:10.465000,7864,115,3,0,False,8,car,4306.011388888889,0.8841978066230247,3185.3209138043185,-1304.8870737399275,801.6699359079556,car,0 days 01:49:35.140000
2024-05-19 13:57:15.286,0 days 01:49:35.300000,0 days 00:01:10.625000,8001,109,3,15,False,8,car,4310.855833333333,0.8851925664518392,3181.258016999167,-1260.4231081884705,800.0845425925833,car,0 days 01:49:35.300000
2024-05-19 13:57:15.606,0 days 01:49:35.620000,0 days 00:01:10.945000,8429,111,3,46,False,8,car,4320.7225,0.8872185910573148,3158.8368705411976,-1174.1941270154634,798.4504429989145,car,0 days 01:49:35.620000
2024-05-19 13:57:15.806,0 days 01:49:35.820000,0 days 00:01:11.145000,8928,115,3,56,False,8,car,4327.1113888888885,0.8885304876205451,3127.2027675689365,-1067.477363410669,794.9580184528447,car,0 days 01:49:35.820000
2024-05-19 13:57:16.167,0 days 01:49:36.181000,0 days 00:01:11.506000,9800,128,3,79,False,8,car,4339.946944444444,0.8911661448550557,3103.936822072454,-1001.2410954100301,793.987446122829,car,0 days 01:49:36.181000
2024-05-19 13:57:16.367,0 days 01:49:36.381000,0 days 00:01:11.706000,10500,136,3,98,False,8,car,4347.5025,0.892717605138528,3079.430061541451,-933.285971165813,793.7677239081283,car,0 days 01:49:36.381000
2024-05-19 13:57:16.567,0 days 01:49:36.581000,0 days 00:01:11.906000,10854,146,3,100,False,8,car,4355.613611111111,0.8943831433840205,3049.4816989006586,-855.376509638739,792.4445190563479,car,0 days 01:49:36.581000
2024-05-19 13:57:16.847,0 days 01:49:36.861000,0 days 00:01:12.186000,10107,159,3,56,False,8,car,4367.980277777778,0.8969225188185862,2991.555929188795,-733.5827836029554,791.4967159705546,car,0 days 01:49:36.861000
2024-05-19 13:57:17.007,0 days 01:49:37.021000,0 days 00:01:12.346000,9305,159,4,31,True,8,car,4375.046944444444,0.8983735904954809,2954.485501365632,-665.4206358220908,791.2349278084567,car,0 days 01:49:37.021000
2024-05-19 13:57:17.206,0 days 01:49:37.220000,0 days 00:01:12.545000,9092,156,4,0,True,8,car,4383.670277777777,0.9001443086219556,2916.1089344385737,-601.5684502141311,790.2781892289312,car,0 days 01:49:37.220000
2024-05-19 13:57:17.406,0 days 01:49:37.420000,0 days 00:01:12.745000,8720,151,4,0,True,8,car,4392.059166666666,0.901866885848458,2874.367813094795,-548.4809838798727,789.0250679238623,car,0 days 01:49:37.420000
2024-05-19 13:57:17.646,0 days 01:49:37.660000,0 days 00:01:12.985000,8611,144,4,0,True,8,car,4401.659166666665,0.9038381530321639,2795.136139124471,-472.7554433959316,788.137131382564,car,0 days 01:49:37.660000
2024-05-19 13:57:18.086,0 days 01:49:38.100000,0 days 00:01:13.425000,8147,138,4,1,False,8,car,4418.525833333332,0.9073015599590918,2656.1357857214507,-396.8941991874788,786.720255667475,car,0 days 01:49:38.100000
2024-05-19 13:57:18.286,0 days 01:49:38.300000,0 days 00:01:13.625000,8001,134,4,8,False,8,car,4425.970277777777,0.9088302046501602,2553.97193268537,-369.56681837554004,786.0134469908735,car,0 days 01:49:38.300000
2024-05-19 13:57:18.686,0 days 01:49:38.700000,0 days 00:01:14.025000,8234,132,4,30,False,8,car,4440.6369444444435,0.9118418628474888,2394.1823036139185,-359.0302133647756,786.0510577374503,car,0 days 01:49:38.700000
2024-05-19 13:57:19.126,0 days 01:49:39.140000,0 days 00:01:14.465000,8552,136,4,61,False,8,car,4457.259166666666,0.9152550754711279,2278.7975477734058,-372.7897178776218,784.3868117753166,car,0 days 01:49:39.140000
2024-05-19 13:57:19.286,0 days 01:49:39.300000,0 days 00:01:14.625000,9019,142,4,75,False,8,car,4463.570277777777,0.9165510011196755,2216.642964162425,-387.141666875345,783.9558657195363,car,0 days 01:49:39.300000
2024-05-19 13:57:19.446,0 days 01:49:39.460000,0 days 00:01:14.785000,9287,148,4,82,False,8,car,4470.1480555555545,0.9179016841899925,2155.347041964963,-406.7000882283861,783.7900456376301,car,0 days 01:49:39.460000
2024-05-19 13:57:19.686,0 days 01:49:39.700000,0 days 00:01:15.025000,9882,155,4,93,False,8,car,4480.481388888888,0.9200235342835651,2060.232147717559,-444.5686835061925,782.1470321455458,car,0 days 01:49:39.700000
2024-05-19 13:57:20.046,0 days 01:49:40.060000,0 days 00:01:15.385000,10616,172,4,100,False,8,car,4497.681388888888,0.923555387987705,1899.236014207821,-518.964859084501,780.5216405241074,car,0 days 01:49:40.060000
2024-05-19 13:57:20.206,0 days 01:49:40.220000,0 days 00:01:15.545000,11284,176,4,100,False,8,car,4505.50361111111,0.9251616056929469,1821.974652225658,-555.2654424519352,779.8005294977625,car,0 days 01:49:40.220000
2024-05-19 13:57:20.446,0 days 01:49:40.460000,0 days 00:01:15.785000,11773,187,4,100,False,8,car,4517.970277777777,0.9277215151606761,1750.367181547259,-587.5208046503751,779.2493035899929,car,0 days 01:49:40.460000
2024-05-19 13:57:20.766,0 days 01:49:40.780000,0 days 00:01:16.105000,10240,198,4,100,False,8,car,4535.570277777777,0.9313355049974705,1530.1325211430312,-687.1732370786859,777.8330179257155,car,0 days 01:49:40.780000
2024-05-19 13:57:21.046,0 days 01:49:41.060000,0 days 00:01:16.385000,10725,208,5,100,False,8,car,4551.748055555555,0.9346574552514937,1371.3565235930066,-759.3393460250558,777.8873871851807,car,0 days 01:49:41.060000
2024-05-19 13:57:21.286,0 days 01:49:41.300000,0 days 00:01:16.625000,11231,214,5,100,False,8,car,4566.014722222221,0.9375869773161679,1239.8833214646459,-819.194795838559,778.0525549498664,car,0 days 01:49:41.300000
2024-05-19 13:57:21.526,0 days 01:49:41.540000,0 days 00:01:16.865000,11500,220,5,100,False,8,car,4580.681388888887,0.9405986355134964,1113.0956794110946,-876.9452199590182,778.0145905697644,car,0 days 01:49:41.540000
2024-05-19 13:57:21.686,0 days 01:49:41.700000,0 days 00:01:17.025000,11710,225,5,100,False,8,car,4590.681388888888,0.942652038829857,1053.963072053297,-903.8866613504289,777.8930233875408,car,0 days 01:49:41.700000
2024-05-19 13:57:21.966,0 days 01:49:41.980000,0 days 00:01:17.305000,11346,230,5,100,False,8,car,4608.570277777777,0.9463253492069017,938.3266957383028,-955.5685583990069,778.363819304649,car,0 days 01:49:41.980000
2024-05-19 13:57:22.206,0 days 01:49:42.220000,0 days 00:01:17.545000,10838,238,6,100,False,8,car,4624.436944444443,0.9495834158021935,767.4150038681939,-1029.0837437755947,779.493069155172,car,0 days 01:49:42.220000
2024-05-19 13:57:22.486,0 days 01:49:42.500000,0 days 00:01:17.825000,11073,244,6,100,False,8,car,4643.414722222221,0.9534803189847976,571.2031582200724,-1111.179705497284,780.0341479458224,car,0 days 01:49:42.500000
2024-05-19 13:57:22.687,0 days 01:49:42.701000,0 days 00:01:18.026000,11236,248,6,100,False,8,car,4657.261388888887,0.9563235981101846,473.5886283204336,-1151.956789282399,780.021423382602,car,0 days 01:49:42.701000
2024-05-19 13:57:23.007,0 days 01:49:43.021000,0 days 00:01:18.346000,11526,252,6,100,False,8,car,4679.661388888888,0.960923221538832,226.16662615647354,-1256.6521950011715,780.9910288759605,car,0 days 01:49:43.021000
2024-05-19 13:57:23.447,0 days 01:49:43.461000,0 days 00:01:18.786000,11182,263,6,100,False,8,car,4711.805833333332,0.9675237724213106,-24.96443255379803,-1361.303195642125,780.7232420160835,car,0 days 01:49:43.461000
2024-05-19 13:57:23.647,0 days 01:49:43.661000,0 days 00:01:18.986000,10656,266,6,100,False,8,car,4726.58361111111,0.9705582462110434,-162.39044209511087,-1415.6597031275512,781.9609317688835,car,0 days 01:49:43.661000
2024-05-19 13:57:23.807,0 days 01:49:43.821000,0 days 00:01:19.146000,10812,268,7,100,False,8,car,4738.494722222221,0.9730040777167526,-290.4777288980954,-1459.6285450231314,782.7794632608444,car,0 days 01:49:43.821000
2024-05-19 13:57:24.006,0 days 01:49:44.020000,0 days 00:01:19.345000,10879,271,7,100,False,8,car,4753.4749999999985,0.9760801329236415,-459.3253100607486,-1509.9422614311213,782.9848815146895,car,0 days 01:49:44.020000
2024-05-19 13:57:24.166,0 days 01:49:44.180000,0 days 00:01:19.505000,10976,273,7,100,False,8,car,4765.608333333332,0.9785715956141587,-568.4879626506738,-1537.2806142846493,783.0495992227438,car,0 days 01:49:44.180000
2024-05-19 13:57:24.566,0 days 01:49:44.580000,0 days 00:01:19.905000,11188,279,7,100,False,8,car,4796.608333333332,0.9849371458948761,-833.9093360408896,-1574.89054876018,782.9266093865688,car,0 days 01:49:44.580000
2024-05-19 13:57:24.926,0 days 01:49:44.940000,0 days 00:01:20.265000,11248,282,7,100,False,14,car,4824.808333333332,0.9907277432470125,-1186.044141179472,-1591.904485316565,784.4625825413829,car,0 days 01:49:44.940000
2024-05-19 13:57:25.246,0 days 01:49:45.260000,0 days 00:01:20.585000,11428,289,7,100,False,12,car,4850.4972222222195,0.9960027082108183,-1595.979829832279,-1610.5082001832934,786.3413496414386,car,0 days 01:49:45.260000
