Date_x,SessionTime_x,Time,RPM_x,Speed_x,nGear_x,Throttle_x,Brake_x,DRS_x,Source_x,Distance,RelativeDistance,X,Y,Z,Source_y,SessionTime_y
2024-05-19 14:18:53.251,0 days 02:11:13.265000,0 days 00:00:00.194000,11422,289,7,100,False,0,car,15.713888888888885,0.0032281934448556136,-1735.9871040060727,-1618.8339745200474,786.7136179820031,car,0 days 02:11:13.265000
2024-05-19 14:18:53.411,0 days 02:11:13.425000,0 days 00:00:00.354000,11490,290,7,100,False,0,car,28.602777777777774,0.005876031094516221,-1864.873089607764,-1626.0199100249906,787.277034495361,car,0 days 02:11:13.425000
2024-05-19 14:18:53.611,0 days 02:11:13.625000,0 days 00:00:00.554000,10629,292,7,100,False,0,car,44.825,0.009208654343226985,-1956.396729356874,-1630.3574483182178,787.899884523311,car,0 days 02:11:13.625000
2024-05-19 14:18:53.891,0 days 02:11:13.905000,0 days 00:00:00.834000,10508,293,8,100,False,0,car,67.61388888888888,0.013890305222066555,-2166.4285316620935,-1642.9290772636502,788.2557770668228,car,0 days 02:11:13.905000
2024-05-19 14:18:54.291,0 days 02:11:14.305000,0 days 00:00:01.234000,10647,297,8,100,False,0,car,100.61388888888888,0.02066968265266311,-2493.321999002665,-1661.6136322598577,789.9073497041303,car,0 days 02:11:14.305000
2024-05-19 14:18:54.491,0 days 02:11:14.505000,0 days 00:00:01.434000,10681,297,8,100,False,0,car,117.11388888888888,0.024059371367961383,-2658.8677343315367,-1668.8567012769895,790.8051947438757,car,0 days 02:11:14.505000
2024-05-19 14:18:54.771,0 days 02:11:14.785000,0 days 00:00:01.714000,10763,300,8,100,False,0,car,140.44722222222222,0.028852870561312485,-2891.4832471465415,-1675.9103878223023,791.2607297396644,car,0 days 02:11:14.785000
2024-05-19 14:18:55.091,0 days 02:11:15.105000,0 days 00:00:02.034000,10778,302,8,100,False,0,car,167.29166666666666,0.03436767725232975,-3159.3536256513694,-1684.9339837737239,792.9960424689764,car,0 days 02:11:15.105000
2024-05-19 14:18:55.291,0 days 02:11:15.305000,0 days 00:00:02.234000,10839,303,8,100,False,0,car,184.125,0.03782584452753304,-3326.6879245013624,-1691.522774845502,792.9498748408485,car,0 days 02:11:15.305000
2024-05-19 14:18:55.490,0 days 02:11:15.504000,0 days 00:00:02.433000,10841,304,8,100,False,0,car,200.92944444444444,0.04127807699421123,-3546.552886432658,-1694.0645823517348,794.2813509187225,car,0 days 02:11:15.504000
2024-05-19 14:18:55.850,0 days 02:11:15.864000,0 days 00:00:02.793000,10896,306,8,100,False,0,car,231.52944444444447,0.04756440879349168,-3804.396174553867,-1690.6555580954505,795.3444039659211,car,0 days 02:11:15.864000
2024-05-19 14:18:56.170,0 days 02:11:16.184000,0 days 00:00:03.113000,10962,308,8,100,False,0,car,258.90722222222223,0.05318878118035696,-4134.509505160681,-1636.065992531841,797.1708646526141,car,0 days 02:11:16.184000
2024-05-19 14:18:56.330,0 days 02:11:16.344000,0 days 00:00:03.273000,10956,307,8,100,False,0,car,272.5516666666667,0.0559918368991356,-4297.312270131994,-1605.1298460462672,798.1712719957654,car,0 days 02:11:16.344000
2024-05-19 14:18:56.650,0 days 02:11:16.664000,0 days 00:00:03.593000,11028,308,8,100,False,0,car,299.92944444444447,0.061616209286000895,-4469.544526775875,-1565.197878179664,798.4568941913464,car,0 days 02:11:16.664000
2024-05-19 14:18:57.090,0 days 02:11:17.104000,0 days 00:00:04.033000,11051,309,8,100,False,0,car,337.6961111111112,0.06937483012323918,-4918.481741020054,-1455.474864331738,802.874190196185,car,0 days 02:11:17.104000
2024-05-19 14:18:57.450,0 days 02:11:17.464000,0 days 00:00:04.393000,11042,311,8,100,False,0,car,368.79611111111114,0.07576387976237714,-5184.447493821545,-1390.9247748680705,804.7444477639442,car,0 days 02:11:17.464000
2024-05-19 14:18:57.850,0 days 02:11:17.864000,0 days 00:00:04.793000,11082,312,8,100,False,0,car,403.46277777777783,0.08288564999249877,-5473.076999719621,-1324.0746228298574,806.7794421525265,car,0 days 02:11:17.864000
2024-05-19 14:18:58.010,0 days 02:11:18.024000,0 days 00:00:04.953000,11109,312,8,100,False,0,car,417.3294444444445,0.08573435808454742,-5700.433478019865,-1284.933043337383,808.7021765819097,car,0 days 02:11:18.024000
2024-05-19 14:18:58.330,0 days 02:11:18.344000,0 days 00:00:05.273000,11154,313,8,100,False,0,car,445.1516666666667,0.09145003521795272,-5962.735677620974,-1248.933621291566,810.7079888793297,car,0 days 02:11:18.344000
2024-05-19 14:18:58.531,0 days 02:11:18.545000,0 days 00:00:05.474000,11205,312,8,100,False,0,car,462.5716666666667,0.09502872475858885,-6099.463131415649,-1241.1416354215967,812.1814390262243,car,0 days 02:11:18.545000
2024-05-19 14:18:58.771,0 days 02:11:18.785000,0 days 00:00:05.714000,11128,313,8,100,False,0,car,483.4383333333334,0.09931548260864284,-6323.266600845216,-1231.5801439339016,814.0297408892757,car,0 days 02:11:18.785000
2024-05-19 14:18:58.971,0 days 02:11:18.985000,0 days 00:00:05.914000,11175,314,8,100,False,0,car,500.8827777777778,0.10289919391033865,-6510.177723717812,-1229.7379327244655,814.2986669502782,car,0 days 02:11:18.985000
2024-05-19 14:18:59.331,0 days 02:11:19.345000,0 days 00:00:06.274000,11145,314,8,100,False,0,car,532.2827777777778,0.10934987425339113,-6857.242596362861,-1231.6561324806635,816.8560537779874,car,0 days 02:11:19.345000
2024-05-19 14:18:59.651,0 days 02:11:19.665000,0 days 00:00:06.594000,11171,315,8,100,False,0,car,560.2827777777778,0.11510207328541244,-7087.295090499323,-1238.9103159726465,816.837806501528,car,0 days 02:11:19.665000
2024-05-19 14:18:59.851,0 days 02:11:19.865000,0 days 00:00:06.794000,11145,314,8,100,False,0,car,577.7272222222222,0.11868578458710825,-7266.048639948253,-1248.3359061486453,817.6401294852399,car,0 days 02:11:19.865000
2024-05-19 14:19:00.131,0 days 02:11:20.145000,0 days 00:00:07.074000,11103,315,8,100,False,0,car,602.2272222222222,0.12371895874012691,-7499.991498945095,-1267.0625212444395,818.0545777567676,car,0 days 02:11:20.145000
2024-05-19 14:19:00.371,0 days 02:11:20.385000,0 days 00:00:07.314000,11193,313,8,100,False,0,car,623.0938888888888,0.1280057165901809,-7766.392721905477,-1294.7174327552752,818.0014158149686,car,0 days 02:11:20.385000
2024-05-19 14:19:00.611,0 days 02:11:20.625000,0 days 00:00:07.554000,11102,313,8,100,False,0,car,643.9605555555555,0.13229247444023487,-7935.18877262742,-1314.7749780470956,817.9298880672023,car,0 days 02:11:20.625000
2024-05-19 14:19:00.971,0 days 02:11:20.985000,0 days 00:00:07.914000,11114,312,8,100,False,0,car,675.1605555555554,0.13870206764734433,-8233.575481437178,-1353.3579402843084,818.9518378861751,car,0 days 02:11:20.985000
2024-05-19 14:19:01.131,0 days 02:11:21.145000,0 days 00:00:08.074000,11038,311,8,100,False,0,car,688.9827777777776,0.14154164526473897,-8369.052450449473,-1371.357952740553,818.9950732932658,car,0 days 02:11:21.145000
2024-05-19 14:19:01.571,0 days 02:11:21.585000,0 days 00:00:08.514000,10929,309,8,100,False,0,car,726.7494444444443,0.14930026610197725,-8744.154552547583,-1422.5202042310043,819.0001131787096,car,0 days 02:11:21.585000
2024-05-19 14:19:01.891,0 days 02:11:21.905000,0 days 00:00:08.834000,10801,307,8,100,False,0,car,754.0383333333332,0.15490637753953454,-9015.491155177548,-1463.0370377574116,818.9998093436604,car,0 days 02:11:21.905000
2024-05-19 14:19:02.210,0 days 02:11:22.224000,0 days 00:00:09.153000,10431,303,8,0,True,0,car,780.8874999999999,0.1604221543434838,-9280.086454994394,-1513.4405303192611,818.9900079101997,car,0 days 02:11:22.224000
2024-05-19 14:19:02.650,0 days 02:11:22.664000,0 days 00:00:09.593000,9114,257,8,0,True,0,car,812.298611111111,0.16687511730519977,-9606.313480449233,-1608.781450289147,819.0032909116879,car,0 days 02:11:22.664000
2024-05-19 14:19:02.850,0 days 02:11:22.864000,0 days 00:00:09.793000,8884,231,7,0,True,0,car,825.1319444444442,0.16951154186154285,-9736.837820238594,-1650.425915445364,817.9393434488334,car,0 days 02:11:22.864000
2024-05-19 14:19:03.050,0 days 02:11:23.064000,0 days 00:00:09.993000,9357,208,7,0,True,0,car,836.6874999999999,0.1718854652715834,-9852.047309046577,-1686.4717637086592,818.0560706102074,car,0 days 02:11:23.064000
2024-05-19 14:19:03.370,0 days 02:11:23.384000,0 days 00:00:10.313000,9064,182,6,0,True,0,car,852.8652777777777,0.17520895804564018,-10051.609663698104,-1749.511243465112,819.0510413140828,car,0 days 02:11:23.384000
2024-05-19 14:19:03.570,0 days 02:11:23.584000,0 days 00:00:10.513000,9441,171,5,0,True,0,car,862.3652777777777,0.17716059700293313,-10144.412673558085,-1778.9657791928378,818.3598419214431,car,0 days 02:11:23.584000
2024-05-19 14:19:03.730,0 days 02:11:23.744000,0 days 00:00:10.673000,9409,166,5,0,True,0,car,869.7430555555554,0.17867625579549745,-10200.915663475116,-1800.5225550924304,817.9750450004055,car,0 days 02:11:23.744000
2024-05-19 14:19:04.050,0 days 02:11:24.064000,0 days 00:00:10.993000,9038,159,4,1,False,0,car,883.8763888888888,0.18157974673547012,-10284.879171460281,-1854.8405001098508,818.0214444929338,car,0 days 02:11:24.064000
2024-05-19 14:19:04.410,0 days 02:11:24.424000,0 days 00:00:11.353000,8867,148,4,4,False,0,car,898.6763888888887,0.18462019479525282,-10369.183565795822,-1975.2459499483814,817.9039270248389,car,0 days 02:11:24.424000
2024-05-19 14:19:04.730,0 days 02:11:24.744000,0 days 00:00:11.673000,8898,144,4,36,False,0,car,911.4763888888888,0.18724977149560543,-10408.64399344785,-2102.7588374360475,818.9960634671957,car,0 days 02:11:24.744000
2024-05-19 14:19:05.131,0 days 02:11:25.145000,0 days 00:00:12.074000,9566,152,4,86,False,0,car,928.4074999999999,0.19072802581504752,-10460.19179467823,-2267.2257280628182,819.0602273672812,car,0 days 02:11:25.145000
2024-05-19 14:19:05.531,0 days 02:11:25.545000,0 days 00:00:12.474000,9880,164,4,45,False,0,car,946.6297222222222,0.1944715204231884,-10584.607202340365,-2446.039839299022,817.9641120561549,car,0 days 02:11:25.545000
2024-05-19 14:19:05.691,0 days 02:11:25.705000,0 days 00:00:12.634000,10026,163,4,46,False,0,car,953.8741666666666,0.19595978779179074,-10626.955761726203,-2487.8566421665455,818.3001316286523,car,0 days 02:11:25.705000
2024-05-19 14:19:05.931,0 days 02:11:25.945000,0 days 00:00:12.874000,10422,167,4,69,False,0,car,965.0074999999999,0.19824697169261826,-10694.400550964667,-2532.045014205322,818.9862424471324,car,0 days 02:11:25.945000
2024-05-19 14:19:06.371,0 days 02:11:26.385000,0 days 00:00:13.314000,11173,176,4,100,False,0,car,986.518611111111,0.20266612142515525,-10876.059227077758,-2644.7854814585135,820.1163821031182,car,0 days 02:11:26.385000
2024-05-19 14:19:06.611,0 days 02:11:26.625000,0 days 00:00:13.554000,11622,184,4,100,False,0,car,998.7852777777777,0.20518613242965983,-10981.489921882123,-2706.451082276325,820.9865658410974,car,0 days 02:11:26.625000
2024-05-19 14:19:06.971,0 days 02:11:26.985000,0 days 00:00:13.914000,10476,197,5,100,False,0,car,1018.4852777777776,0.20923321532004624,-11148.955950833544,-2803.341932322255,822.4795986437699,car,0 days 02:11:26.985000
2024-05-19 14:19:07.131,0 days 02:11:27.145000,0 days 00:00:14.074000,10690,200,5,100,False,0,car,1027.3741666666665,0.21105931025084668,-11225.725778408749,-2848.1700846021376,823.1070054717622,car,0 days 02:11:27.145000
2024-05-19 14:19:07.571,0 days 02:11:27.585000,0 days 00:00:14.514000,11418,217,5,100,False,0,car,1053.8963888888886,0.2165079210006224,-11442.57175876229,-2985.8102155495353,824.2613191031064,car,0 days 02:11:27.585000
2024-05-19 14:19:07.851,0 days 02:11:27.865000,0 days 00:00:14.794000,11651,223,5,100,False,0,car,1071.240833333333,0.22007108873434672,-11598.681206207544,-3135.464481648314,825.2172426532011,car,0 days 02:11:27.865000
2024-05-19 14:19:08.131,0 days 02:11:28.145000,0 days 00:00:15.074000,10510,225,5,100,False,0,car,1088.740833333333,0.22366621312936003,-11703.79975257067,-3262.297990209603,824.8831338227162,car,0 days 02:11:28.145000
2024-05-19 14:19:08.291,0 days 02:11:28.305000,0 days 00:00:15.234000,10676,232,6,100,False,0,car,1099.0519444444442,0.22578448324908854,-11730.886012947887,-3321.224088113267,825.1273190516293,car,0 days 02:11:28.305000
2024-05-19 14:19:08.491,0 days 02:11:28.505000,0 days 00:00:15.434000,10736,235,6,100,False,0,car,1112.1074999999996,0.22846656017870162,-11812.300293680686,-3508.748524711329,826.4011100868727,car,0 days 02:11:28.505000
2024-05-19 14:19:08.731,0 days 02:11:28.745000,0 days 00:00:15.674000,10975,237,6,100,False,0,car,1127.9074999999996,0.23171244391819934,-11880.09641231508,-3672.136253766711,827.5775326390556,car,0 days 02:11:28.745000
2024-05-19 14:19:08.891,0 days 02:11:28.905000,0 days 00:00:15.834000,11072,242,6,100,False,0,car,1138.663055555555,0.23392201878446783,-11897.151261449784,-3720.914482534025,827.8923356259791,car,0 days 02:11:28.905000
2024-05-19 14:19:09.090,0 days 02:11:29.104000,0 days 00:00:16.033000,11205,246,6,100,False,0,car,1152.2613888888884,0.23671560163579297,-11939.713251762896,-3837.3205646953193,828.0048789619703,car,0 days 02:11:29.104000
2024-05-19 14:19:09.450,0 days 02:11:29.464000,0 days 00:00:16.393000,11412,253,6,100,False,0,car,1177.5613888888884,0.24191312433258363,-12038.357277977182,-4100.578343655941,828.3165995306581,car,0 days 02:11:29.464000
2024-05-19 14:19:09.650,0 days 02:11:29.664000,0 days 00:00:16.593000,11546,257,6,100,False,0,car,1191.8391666666662,0.24484628931518182,-12076.334260124604,-4202.5005090762,828.9300335447648,car,0 days 02:11:29.664000
2024-05-19 14:19:10.690,0 days 02:11:30.704000,0 days 00:00:17.633000,10855,270,7,100,False,0,car,1269.8391666666662,0.2608702723329555,-12374.683568266802,-4997.274054584815,831.9516876018964,car,0 days 02:11:30.704000
2024-05-19 14:19:10.850,0 days 02:11:30.864000,0 days 00:00:17.793000,10938,274,7,100,False,0,car,1282.0169444444439,0.26337202238815205,-12419.634031802774,-5116.2033681545645,832.0079452272364,car,0 days 02:11:30.864000
2024-05-19 14:19:11.010,0 days 02:11:31.024000,0 days 00:00:17.953000,10987,275,7,100,False,0,car,1294.239166666666,0.2658829029180026,-12462.804004195788,-5230.2311788881025,831.9571088242124,car,0 days 02:11:31.024000
2024-05-19 14:19:11.290,0 days 02:11:31.304000,0 days 00:00:18.233000,11115,278,7,100,False,0,car,1315.8613888888883,0.27032487883717465,-12541.213440683347,-5438.3800015439265,832.37734220187,car,0 days 02:11:31.304000
2024-05-19 14:19:11.450,0 days 02:11:31.464000,0 days 00:00:18.393000,11133,280,7,100,False,0,car,1328.3058333333327,0.27288141174029523,-12587.424049561805,-5561.638456517919,832.821710387709,car,0 days 02:11:31.464000
2024-05-19 14:19:11.731,0 days 02:11:31.745000,0 days 00:00:18.674000,11332,283,7,100,False,0,car,1350.395555555555,0.27741942883973403,-12666.117832333312,-5772.022176233136,833.0069441519084,car,0 days 02:11:31.745000
2024-05-19 14:19:12.011,0 days 02:11:32.025000,0 days 00:00:18.954000,11240,284,7,100,False,0,car,1372.4844444444439,0.28195727474277305,-12732.18454923242,-5947.693053975244,833.1223087729896,car,0 days 02:11:32.025000
2024-05-19 14:19:12.171,0 days 02:11:32.185000,0 days 00:00:19.114000,11324,285,7,100,False,0,car,1385.1511111111106,0.28455946001916366,-12760.083414884668,-6020.34777098857,833.5746155130287,car,0 days 02:11:32.185000
2024-05-19 14:19:12.531,0 days 02:11:32.545000,0 days 00:00:19.474000,11250,286,7,100,False,0,car,1413.7511111111105,0.290434920459014,-12847.702060078247,-6243.690659378639,834.882768698939,car,0 days 02:11:32.545000
2024-05-19 14:19:12.691,0 days 02:11:32.705000,0 days 00:00:19.634000,11273,285,7,100,False,0,car,1426.4177777777772,0.2930371057354046,-12920.467694026704,-6419.238967943784,835.0431639599005,car,0 days 02:11:32.705000
2024-05-19 14:19:12.891,0 days 02:11:32.905000,0 days 00:00:19.834000,11273,285,7,100,False,0,car,1442.2511111111105,0.29628983733089287,-13008.43820717981,-6626.080069295331,835.0414384452375,car,0 days 02:11:32.905000
2024-05-19 14:19:13.171,0 days 02:11:33.185000,0 days 00:00:20.114000,11168,284,7,41,True,0,car,1464.3399999999995,0.3008276832339319,-13051.834474744377,-6726.591626179303,835.738436781035,car,0 days 02:11:33.185000
2024-05-19 14:19:13.371,0 days 02:11:33.385000,0 days 00:00:20.314000,10771,275,7,0,True,0,car,1479.6177777777773,0.30396628389624514,-13120.020267142076,-6915.417756628722,836.7224634698972,car,0 days 02:11:33.385000
2024-05-19 14:19:13.531,0 days 02:11:33.545000,0 days 00:00:20.474000,10141,269,7,0,True,0,car,1491.5733333333328,0.3064223815781717,-13161.13971961152,-7070.142537904303,837.3233515348207,car,0 days 02:11:33.545000
2024-05-19 14:19:13.691,0 days 02:11:33.705000,0 days 00:00:20.634000,9744,256,7,0,True,0,car,1502.9511111111105,0.30875978308959623,-13166.762336338106,-7178.546632183639,837.5369469198085,car,0 days 02:11:33.705000
2024-05-19 14:19:13.971,0 days 02:11:33.985000,0 days 00:00:20.914000,9531,237,7,0,True,0,car,1521.384444444444,0.31254664745234356,-13153.49616377856,-7326.5392811119455,838.463537198782,car,0 days 02:11:33.985000
2024-05-19 14:19:14.131,0 days 02:11:34.145000,0 days 00:00:21.074000,9778,232,6,0,True,0,car,1531.695555555555,0.3146649175720721,-13142.305166080185,-7399.373713460177,839.487272074181,car,0 days 02:11:34.145000
2024-05-19 14:19:14.451,0 days 02:11:34.465000,0 days 00:00:21.394000,9371,215,6,0,True,0,car,1550.806666666666,0.31859102167329295,-13102.52871907568,-7573.974549386928,840.0534714984365,car,0 days 02:11:34.465000
2024-05-19 14:19:14.731,0 days 02:11:34.745000,0 days 00:00:21.674000,9497,197,6,0,True,0,car,1566.1288888888882,0.32173875281026015,-13056.678046336583,-7767.820013649683,842.3934060355444,car,0 days 02:11:34.745000
2024-05-19 14:19:15.051,0 days 02:11:35.065000,0 days 00:00:21.994000,9917,179,4,0,True,0,car,1582.0399999999993,0.3250074627363929,-13025.424659203973,-7919.566042718313,842.8030427186654,car,0 days 02:11:35.065000
2024-05-19 14:19:15.411,0 days 02:11:35.425000,0 days 00:00:22.354000,9780,166,4,6,False,0,car,1598.6399999999992,0.32841769501966267,-13026.813217355933,-8044.136786194306,844.1499775339308,car,0 days 02:11:35.425000
2024-05-19 14:19:15.571,0 days 02:11:35.585000,0 days 00:00:22.514000,9745,163,4,16,False,0,car,1605.8844444444437,0.32990596238826503,-13042.883018176322,-8107.813066870423,843.9592204315425,car,0 days 02:11:35.585000
2024-05-19 14:19:15.850,0 days 02:11:35.864000,0 days 00:00:22.793000,9920,160,4,54,False,0,car,1618.2844444444438,0.3324533648167316,-13102.652163032173,-8212.546783297545,845.8317489750293,car,0 days 02:11:35.864000
2024-05-19 14:19:16.010,0 days 02:11:36.024000,0 days 00:00:22.953000,10083,160,4,59,False,0,car,1625.395555555555,0.33391424076137194,-13152.846633365876,-8266.18656021748,846.9418752057704,car,0 days 02:11:36.024000
2024-05-19 14:19:16.290,0 days 02:11:36.304000,0 days 00:00:23.233000,10270,164,4,73,False,0,car,1638.1511111111106,0.33653468698707056,-13253.540073709799,-8355.002106644923,847.2948426383435,car,0 days 02:11:36.304000
2024-05-19 14:19:16.450,0 days 02:11:36.464000,0 days 00:00:23.393000,10494,170,4,85,False,0,car,1645.7066666666663,0.33808686767825097,-13311.573642270101,-8405.686721376685,848.0744065866777,car,0 days 02:11:36.464000
2024-05-19 14:19:16.650,0 days 02:11:36.664000,0 days 00:00:23.593000,11240,178,4,100,False,0,car,1655.5955555555552,0.34011839828876644,-13385.663027978855,-8468.940005629363,848.8603508706409,car,0 days 02:11:36.664000
2024-05-19 14:19:16.850,0 days 02:11:36.864000,0 days 00:00:23.793000,11240,185,4,100,False,0,car,1665.873333333333,0.34222982055250445,-13463.064378415562,-8534.21922369797,850.5865208600165,car,0 days 02:11:36.864000
2024-05-19 14:19:17.010,0 days 02:11:37.024000,0 days 00:00:23.953000,10260,188,4,100,False,0,car,1674.2288888888886,0.3439463497874568,-13528.04207524503,-8589.101512243564,850.9859821891814,car,0 days 02:11:37.024000
2024-05-19 14:19:17.250,0 days 02:11:37.264000,0 days 00:00:24.193000,10308,193,5,100,False,0,car,1687.0955555555554,0.34658962219979045,-13623.134916140156,-8669.528830427356,852.376602211442,car,0 days 02:11:37.264000
2024-05-19 14:19:17.450,0 days 02:11:37.464000,0 days 00:00:24.393000,10622,204,5,100,False,0,car,1698.4288888888887,0.34891789323656097,-13732.106209386815,-8762.122593858225,854.0917288788141,car,0 days 02:11:37.464000
2024-05-19 14:19:17.730,0 days 02:11:37.744000,0 days 00:00:24.673000,11085,209,5,100,False,0,car,1714.6844444444441,0.3522573643412622,-13882.152565286038,-8888.929097892831,856.450076553004,car,0 days 02:11:37.744000
2024-05-19 14:19:17.890,0 days 02:11:37.904000,0 days 00:00:24.833000,11193,215,5,100,False,0,car,1724.2399999999998,0.3542204163918727,-13945.274556156839,-8942.375957761076,857.9821042801242,car,0 days 02:11:37.904000
2024-05-19 14:19:18.050,0 days 02:11:38.064000,0 days 00:00:24.993000,11340,218,5,100,False,0,car,1733.9288888888887,0.35621085986644513,-13998.342599265077,-8988.857360690194,859.3156499111137,car,0 days 02:11:38.064000
2024-05-19 14:19:18.211,0 days 02:11:38.225000,0 days 00:00:25.154000,11495,218,5,100,False,0,car,1743.6783333333333,0.3582137436127337,-14046.171034159386,-9032.887040746702,860.6226411587741,car,0 days 02:11:38.225000
2024-05-19 14:19:18.571,0 days 02:11:38.585000,0 days 00:00:25.514000,11548,225,5,100,False,0,car,1766.1783333333333,0.3628360464063223,-14195.646656303205,-9179.65290951183,865.6653037900362,car,0 days 02:11:38.585000
2024-05-19 14:19:19.011,0 days 02:11:39.025000,0 days 00:00:25.954000,10108,228,6,98,False,0,car,1794.045,0.3685608540143816,-14437.963120197815,-9419.80321283002,877.4029670732183,car,0 days 02:11:39.025000
2024-05-19 14:19:19.171,0 days 02:11:39.185000,0 days 00:00:26.114000,9661,230,6,0,True,0,car,1804.2672222222222,0.37066086318480207,-14483.100439404758,-9463.454210067805,879.5023957251691,car,0 days 02:11:39.185000
2024-05-19 14:19:19.331,0 days 02:11:39.345000,0 days 00:00:26.274000,9111,215,6,0,True,0,car,1813.822777777778,0.37262391523541255,-14532.575185184349,-9509.464305649763,881.6381690836545,car,0 days 02:11:39.345000
2024-05-19 14:19:19.611,0 days 02:11:39.625000,0 days 00:00:26.554000,9491,188,6,0,True,0,car,1828.445,0.3756278413965792,-14665.945258546872,-9635.620606915985,887.5485111370796,car,0 days 02:11:39.625000
2024-05-19 14:19:19.931,0 days 02:11:39.945000,0 days 00:00:26.874000,9702,165,5,0,True,0,car,1843.1116666666667,0.3786408980323999,-14792.97661015967,-9768.307104629404,893.6523643819797,car,0 days 02:11:39.945000
2024-05-19 14:19:20.211,0 days 02:11:40.225000,0 days 00:00:27.154000,10447,149,4,0,True,0,car,1854.7005555555556,0.38102166929843095,-14847.832476349984,-9845.718315780457,896.989505084217,car,0 days 02:11:40.225000
2024-05-19 14:19:20.411,0 days 02:11:40.425000,0 days 00:00:27.354000,9539,139,3,0,True,0,car,1862.4227777777778,0.3826080892695638,-14877.980190931605,-9903.50225702889,898.9064682988264,car,0 days 02:11:40.425000
2024-05-19 14:19:20.611,0 days 02:11:40.625000,0 days 00:00:27.554000,8923,132,3,0,True,0,car,1869.756111111111,0.38411461758747417,-14900.490091164727,-9959.562558701191,900.6360414707914,car,0 days 02:11:40.625000
2024-05-19 14:19:20.771,0 days 02:11:40.785000,0 days 00:00:27.714000,8621,124,3,0,True,0,car,1875.2672222222222,0.38524679644457044,-14912.053983649024,-9998.236225463734,902.0754480969609,car,0 days 02:11:40.785000
2024-05-19 14:19:20.931,0 days 02:11:40.945000,0 days 00:00:27.874000,7986,119,3,0,True,0,car,1880.5561111111112,0.38633332292839667,-14915.02289213552,-10046.590602222761,903.9844820340322,car,0 days 02:11:40.945000
2024-05-19 14:19:21.251,0 days 02:11:41.265000,0 days 00:00:28.194000,7410,106,3,0,True,0,car,1889.9783333333335,0.38826898355504513,-14894.431596121698,-10185.209655690549,909.4017796946728,car,0 days 02:11:41.265000
2024-05-19 14:19:21.411,0 days 02:11:41.425000,0 days 00:00:28.354000,7069,103,3,0,True,0,car,1894.5561111111112,0.38920942244440737,-14885.59919899682,-10206.942814272514,910.8445377962054,car,0 days 02:11:41.425000
2024-05-19 14:19:21.571,0 days 02:11:41.585000,0 days 00:00:28.514000,7069,101,3,0,True,0,car,1899.045,0.39013160038446154,-14867.707240900241,-10223.738558463981,912.6036788937541,car,0 days 02:11:41.585000
2024-05-19 14:19:21.811,0 days 02:11:41.825000,0 days 00:00:28.754000,6612,96,3,0,False,0,car,1905.4450000000002,0.3914463887346379,-14809.524338014846,-10284.629173610114,917.5721800191643,car,0 days 02:11:41.825000
2024-05-19 14:19:21.971,0 days 02:11:41.985000,0 days 00:00:28.914000,6728,91,3,5,False,0,car,1909.4894444444446,0.39227726192815204,-14770.934974487427,-10317.987056282635,920.2610178138625,car,0 days 02:11:41.985000
2024-05-19 14:19:22.131,0 days 02:11:42.145000,0 days 00:00:29.074000,6660,91,3,5,False,0,car,1913.5338888888891,0.39310813512166626,-14739.769328757995,-10335.45002073175,921.7554056224586,car,0 days 02:11:42.145000
2024-05-19 14:19:22.331,0 days 02:11:42.345000,0 days 00:00:29.274000,6937,90,3,25,False,0,car,1918.5338888888891,0.3941353135202415,-14704.013581107523,-10352.177708008696,923.3037818969838,car,0 days 02:11:42.345000
2024-05-19 14:19:22.690,0 days 02:11:42.704000,0 days 00:00:29.633000,7140,94,3,35,False,0,car,1927.907777777778,0.3960610447557037,-14632.420150449401,-10377.965161663338,927.0923882840965,car,0 days 02:11:42.704000
2024-05-19 14:19:23.050,0 days 02:11:43.064000,0 days 00:00:29.993000,7687,102,3,50,False,0,car,1938.107777777778,0.3981564886887972,-14510.789739125265,-10393.819004633287,933.0771169762155,car,0 days 02:11:43.064000
2024-05-19 14:19:23.290,0 days 02:11:43.304000,0 days 00:00:30.233000,8305,104,3,59,False,0,car,1945.0411111111114,0.39958084273482153,-14449.127076294555,-10395.851464925265,936.0977278993079,car,0 days 02:11:43.304000
2024-05-19 14:19:23.450,0 days 02:11:43.464000,0 days 00:00:30.393000,8828,113,3,69,False,0,car,1950.0633333333335,0.4006125863707237,-14412.550054241106,-10394.034671037305,937.9728013969975,car,0 days 02:11:43.464000
2024-05-19 14:19:23.890,0 days 02:11:43.904000,0 days 00:00:30.833000,10175,129,3,88,False,0,car,1965.8300000000002,0.403851622254231,-14241.313511391258,-10374.616345239101,946.5034401986566,car,0 days 02:11:43.904000
2024-05-19 14:19:24.250,0 days 02:11:44.264000,0 days 00:00:31.193000,11314,149,3,100,False,0,car,1980.7300000000002,0.4069126138819852,-14055.02828791311,-10342.330562082145,954.5775344939751,car,0 days 02:11:44.264000
2024-05-19 14:19:24.450,0 days 02:11:44.464000,0 days 00:00:31.393000,10288,158,3,100,False,0,car,1989.507777777778,0.4087158826261506,-14002.224723554165,-10332.340910865658,956.8168369227474,car,0 days 02:11:44.464000
2024-05-19 14:19:24.691,0 days 02:11:44.705000,0 days 00:00:31.634000,10475,166,4,100,False,0,car,2000.620555555556,0.4109988436824507,-13940.060207862152,-10319.280169443578,959.7165342426258,car,0 days 02:11:44.705000
2024-05-19 14:19:24.931,0 days 02:11:44.945000,0 days 00:00:31.874000,10754,171,4,100,False,0,car,2012.0205555555558,0.4133408104312022,-13816.462690874943,-10293.73884604441,965.3856453121438,car,0 days 02:11:44.945000
2024-05-19 14:19:25.691,0 days 02:11:45.705000,0 days 00:00:32.634000,10631,203,5,100,False,0,car,2054.8761111111116,0.4221448706163238,-13420.557350852474,-10217.099150104532,981.9792536313944,car,0 days 02:11:45.705000
2024-05-19 14:19:25.851,0 days 02:11:45.865000,0 days 00:00:32.794000,10904,210,5,100,False,0,car,2064.2094444444447,0.42406227029366417,-13329.760325946512,-10201.221918194542,985.2781560471773,car,0 days 02:11:45.865000
2024-05-19 14:19:26.131,0 days 02:11:46.145000,0 days 00:00:33.074000,11308,215,5,100,False,0,car,2080.931666666667,0.4274976113822324,-13166.262138332148,-10172.09118620515,991.3870746346721,car,0 days 02:11:46.145000
2024-05-19 14:19:26.531,0 days 02:11:46.545000,0 days 00:00:33.474000,11262,226,5,100,False,0,car,2106.0427777777777,0.43265632956174355,-12920.682335575968,-10131.262855618303,998.7523614627456,car,0 days 02:11:46.545000
2024-05-19 14:19:26.811,0 days 02:11:46.825000,0 days 00:00:33.754000,10661,234,6,100,False,0,car,2124.242777777778,0.4363952589325575,-12711.139467405274,-10098.785411681807,1005.998000938054,car,0 days 02:11:46.825000
2024-05-19 14:19:27.131,0 days 02:11:47.145000,0 days 00:00:34.074000,10930,240,6,100,False,0,car,2145.5761111111115,0.4407778867664785,-12497.641567286073,-10067.591423037271,1013.1137685172173,car,0 days 02:11:47.145000
2024-05-19 14:19:27.331,0 days 02:11:47.345000,0 days 00:00:34.274000,11073,244,6,100,False,0,car,2159.131666666667,0.4435626815359492,-12405.640261375695,-10054.734942154884,1016.758864160122,car,0 days 02:11:47.345000
2024-05-19 14:19:27.491,0 days 02:11:47.505000,0 days 00:00:34.434000,11213,246,6,100,False,0,car,2170.065,0.4458087783008336,-12288.581253291095,-10038.219904979578,1021.9196068170045,car,0 days 02:11:47.505000
2024-05-19 14:19:27.651,0 days 02:11:47.665000,0 days 00:00:34.594000,11288,250,6,100,False,0,car,2181.1761111111114,0.44809139696433414,-12153.828772160929,-10019.740402983123,1029.6163147695045,car,0 days 02:11:47.665000
2024-05-19 14:19:27.971,0 days 02:11:47.985000,0 days 00:00:34.914000,11460,257,6,100,False,0,car,2204.020555555556,0.4527844609364912,-11922.831953273848,-9988.374063728772,1044.7517150795873,car,0 days 02:11:47.985000
2024-05-19 14:19:28.251,0 days 02:11:48.265000,0 days 00:00:35.194000,11653,260,6,100,False,0,car,2224.242777777778,0.4569388269040622,-11725.663938828506,-9964.266067817809,1057.0649502674087,car,0 days 02:11:48.265000
2024-05-19 14:19:28.611,0 days 02:11:48.625000,0 days 00:00:35.554000,10496,264,7,100,False,0,car,2250.642777777778,0.46236232884853945,-11468.115688661099,-9938.647101570139,1074.3624643681292,car,0 days 02:11:48.625000
2024-05-19 14:19:28.811,0 days 02:11:48.825000,0 days 00:00:35.754000,10606,266,7,100,False,0,car,2265.4205555555554,0.46539821167099504,-11320.262195001473,-9927.09526924438,1083.6301069993024,car,0 days 02:11:48.825000
2024-05-19 14:19:29.011,0 days 02:11:49.025000,0 days 00:00:35.954000,10740,269,7,100,False,0,car,2280.3650000000002,0.46846833377340336,-11063.9643634036,-9918.45245096531,1098.3581669294342,car,0 days 02:11:49.025000
2024-05-19 14:19:29.450,0 days 02:11:49.464000,0 days 00:00:36.393000,10839,273,7,100,False,0,car,2313.6558333333337,0.47530745874751706,-10740.307297205918,-9922.127942990863,1115.4525466710377,car,0 days 02:11:49.464000
2024-05-19 14:19:29.730,0 days 02:11:49.744000,0 days 00:00:36.673000,10924,273,7,100,False,0,car,2334.8891666666673,0.4796695430134666,-10609.100457307588,-9929.71137882755,1120.184259980798,car,0 days 02:11:49.744000
2024-05-19 14:19:30.090,0 days 02:11:50.104000,0 days 00:00:37.033000,11050,275,7,100,False,0,car,2362.3891666666673,0.4853190242056304,-10345.943783119224,-9954.930366799324,1122.1482601940413,car,0 days 02:11:50.104000
2024-05-19 14:19:30.250,0 days 02:11:50.264000,0 days 00:00:37.193000,10922,275,7,100,False,0,car,2374.6113888888895,0.48782990473548093,-10225.394456767137,-9968.565777409498,1121.9632154122532,car,0 days 02:11:50.264000
2024-05-19 14:19:30.690,0 days 02:11:50.704000,0 days 00:00:37.633000,10981,276,7,100,False,0,car,2408.344722222223,0.4947599349978686,-9891.899610308428,-10006.862800945835,1119.6852264908475,car,0 days 02:11:50.704000
2024-05-19 14:19:30.930,0 days 02:11:50.944000,0 days 00:00:37.873000,10850,276,7,100,False,0,car,2426.7447222222227,0.4985399515046254,-9672.695726308892,-10032.257645159609,1117.6675635334457,car,0 days 02:11:50.944000
2024-05-19 14:19:31.170,0 days 02:11:51.184000,0 days 00:00:38.113000,10560,270,7,0,True,0,car,2444.7447222222227,0.5022377937394962,-9455.749184921584,-10056.444105586092,1115.4506510879053,car,0 days 02:11:51.184000
2024-05-19 14:19:31.491,0 days 02:11:51.505000,0 days 00:00:38.434000,9952,244,7,0,True,0,car,2466.5013888888893,0.5067073893444966,-9304.769398091757,-10068.1839221053,1114.6262788163203,car,0 days 02:11:51.505000
2024-05-19 14:19:31.691,0 days 02:11:51.705000,0 days 00:00:38.634000,10338,229,6,0,True,0,car,2479.223611111112,0.5093209877142048,-9174.279011492896,-10070.499186440742,1113.935526102445,car,0 days 02:11:51.705000
2024-05-19 14:19:32.131,0 days 02:11:52.145000,0 days 00:00:39.074000,10232,211,5,2,True,0,car,2505.0125000000007,0.5146189456321895,-8880.940249963898,-9997.170748959792,1113.007833464358,car,0 days 02:11:52.145000
2024-05-19 14:19:32.491,0 days 02:11:52.505000,0 days 00:00:39.434000,10420,205,5,43,False,0,car,2525.5125000000007,0.5188303770663479,-8726.797310767019,-9909.766999256633,1110.412534112137,car,0 days 02:11:52.505000
2024-05-19 14:19:32.851,0 days 02:11:52.865000,0 days 00:00:39.794000,10843,204,5,100,False,0,car,2545.912500000001,0.5230212649325349,-8619.340297257324,-9775.498654009201,1106.0132450080284,car,0 days 02:11:52.865000
2024-05-19 14:19:33.011,0 days 02:11:53.025000,0 days 00:00:39.954000,11064,204,5,100,False,0,car,2554.979166666668,0.5248838817619514,-8570.274079204733,-9694.487126177186,1104.0124413611618,car,0 days 02:11:53.025000
2024-05-19 14:19:33.211,0 days 02:11:53.225000,0 days 00:00:40.154000,11203,210,5,100,False,0,car,2566.645833333335,0.527280631358627,-8521.436495058402,-9601.735028358324,1101.3349515369468,car,0 days 02:11:53.225000
2024-05-19 14:19:33.451,0 days 02:11:53.465000,0 days 00:00:40.394000,11363,219,5,100,False,0,car,2581.2458333333348,0.5302799922824667,-8425.277708602847,-9405.237477743342,1094.3123020796972,car,0 days 02:11:53.465000
2024-05-19 14:19:33.691,0 days 02:11:53.705000,0 days 00:00:40.634000,11694,224,5,100,False,0,car,2596.179166666668,0.5333478317662114,-8355.481800874377,-9251.133217100582,1088.9470302991301,car,0 days 02:11:53.705000
2024-05-19 14:19:33.971,0 days 02:11:53.985000,0 days 00:00:40.914000,11776,230,5,100,False,0,car,2614.0680555555573,0.5370228478144473,-8318.356429449701,-9141.271587341902,1085.3911873667591,car,0 days 02:11:53.985000
2024-05-19 14:19:34.251,0 days 02:11:54.265000,0 days 00:00:41.194000,10792,236,6,100,False,0,car,2632.423611111113,0.5407937338465503,-8275.969119229581,-8985.967881243734,1079.6085514713545,car,0 days 02:11:54.265000
2024-05-19 14:19:34.411,0 days 02:11:54.425000,0 days 00:00:41.354000,10841,238,6,100,False,0,car,2643.0013888888907,0.5429667868142026,-8256.195910691808,-8867.075537958415,1074.609281388431,car,0 days 02:11:54.425000
2024-05-19 14:19:34.611,0 days 02:11:54.625000,0 days 00:00:41.554000,10948,242,6,100,False,0,car,2656.4458333333355,0.5457287553970384,-8239.809027218358,-8723.453867092685,1067.7582980302593,car,0 days 02:11:54.625000
2024-05-19 14:19:34.931,0 days 02:11:54.945000,0 days 00:00:41.874000,11209,249,6,100,False,0,car,2678.5791666666687,0.5502757317747314,-8240.005185850248,-8520.620203836594,1054.6201214495118,car,0 days 02:11:54.945000
2024-05-19 14:19:35.091,0 days 02:11:55.105000,0 days 00:00:42.034000,11392,251,6,100,False,0,car,2689.734722222224,0.5525674809128859,-8252.742231089123,-8348.856533094515,1042.8942584125928,car,0 days 02:11:55.105000
2024-05-19 14:19:35.411,0 days 02:11:55.425000,0 days 00:00:42.354000,11653,258,6,100,False,0,car,2712.668055555557,0.557278805834351,-8267.952147483182,-8198.55873963807,1028.2150009749744,car,0 days 02:11:55.425000
2024-05-19 14:19:35.771,0 days 02:11:55.785000,0 days 00:00:42.714000,10622,261,7,100,False,0,car,2738.768055555557,0.5626406770749136,-8317.861923731702,-7918.742593720196,1004.0620759921151,car,0 days 02:11:55.785000
2024-05-19 14:19:36.170,0 days 02:11:56.184000,0 days 00:00:43.113000,10673,269,7,100,False,0,car,2768.5822222222237,0.568765570669218,-8373.036726149403,-7665.0204012560735,983.4576631597164,car,0 days 02:11:56.184000
2024-05-19 14:19:36.490,0 days 02:11:56.504000,0 days 00:00:43.433000,10845,271,7,100,False,0,car,2792.6711111111126,0.5737142879316871,-8439.157344445872,-7378.228457940025,964.2629543243283,car,0 days 02:11:56.504000
2024-05-19 14:19:36.650,0 days 02:11:56.664000,0 days 00:00:43.593000,10890,273,7,100,False,0,car,2804.8044444444463,0.5762069075122298,-8452.872855783742,-7319.553580458174,961.0309090316423,car,0 days 02:11:56.664000
2024-05-19 14:19:36.970,0 days 02:11:56.984000,0 days 00:00:43.913000,10958,275,7,100,False,0,car,2829.24888888889,0.5812286685719308,-8506.594641816393,-7081.810027095212,948.2405270080199,car,0 days 02:11:56.984000
2024-05-19 14:19:37.130,0 days 02:11:57.144000,0 days 00:00:44.073000,11018,276,7,100,False,0,car,2841.515555555557,0.5837486795764354,-8533.018278729649,-6963.5997802260135,942.2894718484266,car,0 days 02:11:57.144000
2024-05-19 14:19:37.290,0 days 02:11:57.304000,0 days 00:00:44.233000,10959,277,7,100,False,0,car,2853.8266666666677,0.5862778210555939,-8560.333017390101,-6843.4647647620695,935.5796696978769,car,0 days 02:11:57.304000
2024-05-19 14:19:37.490,0 days 02:11:57.504000,0 days 00:00:44.433000,10998,276,7,100,False,0,car,2869.160000000001,0.5894278348112246,-8594.693418022423,-6694.2548999446135,927.4868318985058,car,0 days 02:11:57.504000
2024-05-19 14:19:37.730,0 days 02:11:57.744000,0 days 00:00:44.673000,10972,276,7,100,False,0,car,2887.5600000000013,0.5932078513179816,-8632.14746660934,-6514.425532715997,917.8042141345865,car,0 days 02:11:57.744000
2024-05-19 14:19:37.891,0 days 02:11:57.905000,0 days 00:00:44.834000,10840,276,7,82,False,0,car,2899.9033333333346,0.5957436123912643,-8649.603664073382,-6396.7168515297935,912.3783524265338,car,0 days 02:11:57.905000
2024-05-19 14:19:38.171,0 days 02:11:58.185000,0 days 00:00:45.114000,10186,269,7,0,True,0,car,2920.8255555555565,0.6000417833346356,-8647.843926347521,-6203.344910918828,903.5447890208478,car,0 days 02:11:58.185000
2024-05-19 14:19:38.451,0 days 02:11:58.465000,0 days 00:00:45.394000,10647,247,7,0,True,0,car,2940.0366666666678,0.6039884310038282,-8570.471250947152,-5952.450401200686,898.2997873487484,car,0 days 02:11:58.465000
2024-05-19 14:19:38.611,0 days 02:11:58.625000,0 days 00:00:45.554000,10541,238,6,0,True,0,car,2950.614444444446,0.6061614839714806,-8537.66044828949,-5884.990575482952,897.4615678564062,car,0 days 02:11:58.625000
2024-05-19 14:19:38.971,0 days 02:11:58.985000,0 days 00:00:45.914000,9920,198,5,0,True,0,car,2970.414444444446,0.6102291104298386,-8443.077055329788,-5716.486243866383,895.9598417777978,car,0 days 02:11:58.985000
2024-05-19 14:19:39.171,0 days 02:11:59.185000,0 days 00:00:46.114000,10521,180,5,0,True,0,car,2980.414444444446,0.6122834672269891,-8376.503002253367,-5605.7630091696665,897.0568765808426,car,0 days 02:11:59.185000
2024-05-19 14:19:39.411,0 days 02:11:59.425000,0 days 00:00:46.354000,9541,164,4,0,True,0,car,2991.3477777777794,0.6145295639918736,-8313.753886227732,-5511.19982736163,899.2088290226754,car,0 days 02:11:59.425000
2024-05-19 14:19:39.611,0 days 02:11:59.625000,0 days 00:00:46.554000,8952,153,4,0,True,0,car,2999.8477777777794,0.6162757672694515,-8273.239388600405,-5462.268446925867,900.9900987734143,car,0 days 02:11:59.625000
2024-05-19 14:19:39.771,0 days 02:11:59.785000,0 days 00:00:46.714000,8409,145,4,0,True,0,car,3006.2922222222237,0.6175996860942818,-8229.06122715734,-5416.890312324742,902.734663938167,car,0 days 02:11:59.785000
2024-05-19 14:19:40.051,0 days 02:12:00.065000,0 days 00:00:46.994000,7901,135,4,1,True,0,car,3016.7922222222237,0.6197567607312898,-8114.812689623584,-5346.792855645182,906.9874024191641,car,0 days 02:12:00.065000
2024-05-19 14:19:40.331,0 days 02:12:00.345000,0 days 00:00:47.274000,7671,132,4,2,False,0,car,3027.0588888888906,0.6218659003763644,-8039.678901975744,-5323.507527944831,911.6570607242237,car,0 days 02:12:00.345000
2024-05-19 14:19:40.731,0 days 02:12:00.745000,0 days 00:00:47.674000,7592,123,4,18,False,0,car,3040.725555555557,0.62467352133247,-7910.448016003809,-5337.026597681794,920.1023291138313,car,0 days 02:12:00.745000
2024-05-19 14:19:41.091,0 days 02:12:01.105000,0 days 00:00:48.034000,8074,124,4,56,False,0,car,3053.125555555557,0.6272209237609365,-7787.16091703959,-5367.481563940462,931.0829401246323,car,0 days 02:12:01.105000
2024-05-19 14:19:41.411,0 days 02:12:01.425000,0 days 00:00:48.354000,8629,130,4,94,False,0,car,3064.681111111113,0.6295948471709771,-7675.4907511737965,-5396.934930115447,940.9152906844115,car,0 days 02:12:01.425000
2024-05-19 14:19:41.731,0 days 02:12:01.745000,0 days 00:00:48.674000,9213,140,4,100,False,0,car,3077.125555555557,0.6321513800740977,-7552.570312391701,-5420.680985928018,953.8569343162338,car,0 days 02:12:01.745000
2024-05-19 14:19:41.971,0 days 02:12:01.985000,0 days 00:00:48.914000,9997,157,4,100,False,0,car,3087.592222222224,0.6343016068551152,-7451.375522058765,-5433.621662734134,962.0628795721548,car,0 days 02:12:01.985000
2024-05-19 14:19:42.251,0 days 02:12:02.265000,0 days 00:00:49.194000,10817,166,4,100,False,0,car,3100.503333333335,0.6369540097421028,-7325.620007114687,-5441.609846045407,973.0189360758441,car,0 days 02:12:02.265000
2024-05-19 14:19:42.411,0 days 02:12:02.425000,0 days 00:00:49.354000,11258,171,4,100,False,0,car,3108.103333333335,0.6385153209079372,-7251.053154310659,-5443.188257581738,979.5314126217455,car,0 days 02:12:02.425000
2024-05-19 14:19:42.650,0 days 02:12:02.664000,0 days 00:00:49.593000,11295,182,4,100,False,0,car,3120.186111111113,0.6409975545735608,-7134.128138811458,-5443.026518286868,988.1400468099798,car,0 days 02:12:02.664000
2024-05-19 14:19:43.010,0 days 02:12:03.024000,0 days 00:00:49.953000,11099,192,4,100,False,0,car,3139.3861111111128,0.6449419196240896,-6947.48246355328,-5441.599416773897,1001.3708025105769,car,0 days 02:12:03.024000
2024-05-19 14:19:43.170,0 days 02:12:03.184000,0 days 00:00:50.113000,10400,195,5,100,False,0,car,3148.0527777777793,0.64672236218162,-6858.369441162596,-5441.013462754597,1006.9207450105046,car,0 days 02:12:03.184000
2024-05-19 14:19:43.410,0 days 02:12:03.424000,0 days 00:00:50.353000,10857,202,5,100,False,0,car,3161.519444444446,0.6494888960017827,-6679.333173638275,-5438.878242882413,1016.5214274164475,car,0 days 02:12:03.424000
2024-05-19 14:19:43.770,0 days 02:12:03.784000,0 days 00:00:50.713000,11277,218,5,100,False,0,car,3183.319444444446,0.6539673938195708,-6516.559051119508,-5437.597470589761,1023.6522930083618,car,0 days 02:12:03.784000
2024-05-19 14:19:44.130,0 days 02:12:04.144000,0 days 00:00:51.073000,11707,225,5,100,False,0,car,3205.819444444446,0.6585896966131594,-6290.194629997888,-5435.819599164563,1030.748909411292,car,0 days 02:12:04.144000
2024-05-19 14:19:44.330,0 days 02:12:04.344000,0 days 00:00:51.273000,10587,228,5,100,False,0,car,3218.486111111113,0.66119188188955,-6162.847934725521,-5434.9142014858735,1035.358138739938,car,0 days 02:12:04.344000
2024-05-19 14:19:44.491,0 days 02:12:04.505000,0 days 00:00:51.434000,10689,234,6,100,False,0,car,3228.951111111113,0.6633417662777679,-6059.546961333267,-5434.128312362121,1037.6956777211378,car,0 days 02:12:04.505000
2024-05-19 14:19:44.771,0 days 02:12:04.785000,0 days 00:00:51.714000,10784,234,6,100,False,0,car,3247.151111111113,0.6670806956485819,-5876.868637068936,-5432.133509252344,1042.570528011074,car,0 days 02:12:04.785000
2024-05-19 14:19:45.011,0 days 02:12:05.025000,0 days 00:00:51.954000,11133,245,6,100,False,0,car,3263.4844444444466,0.6704361450839276,-5717.055936738915,-5431.512948999327,1047.563235135973,car,0 days 02:12:05.025000
2024-05-19 14:19:45.331,0 days 02:12:05.345000,0 days 00:00:52.274000,11364,251,6,100,False,0,car,3285.7955555555577,0.6750196433602367,-5453.694974769279,-5428.721409050199,1054.8227151376236,car,0 days 02:12:05.345000
2024-05-19 14:19:45.651,0 days 02:12:05.665000,0 days 00:00:52.594000,11453,256,6,100,False,0,car,3308.551111111113,0.6796944463830857,-5163.023810694816,-5417.959946918159,1063.4606665635636,car,0 days 02:12:05.665000
2024-05-19 14:19:45.851,0 days 02:12:05.865000,0 days 00:00:52.794000,11525,257,6,100,False,0,car,3322.8288888888906,0.6826276113656838,-5020.769689285183,-5409.697140700511,1067.6848766355688,car,0 days 02:12:05.865000
2024-05-19 14:19:46.251,0 days 02:12:06.265000,0 days 00:00:53.194000,11670,261,6,100,False,0,car,3351.828888888891,0.6885852460774202,-4846.10565479744,-5394.137110891175,1072.3973055300198,car,0 days 02:12:06.265000
2024-05-19 14:19:46.531,0 days 02:12:06.545000,0 days 00:00:53.474000,11337,262,6,100,False,0,car,3372.2066666666683,0.6927715687062801,-4533.2779685999185,-5365.725125798822,1080.4428647781017,car,0 days 02:12:06.545000
2024-05-19 14:19:46.811,0 days 02:12:06.825000,0 days 00:00:53.754000,10477,263,7,100,False,0,car,3392.662222222224,0.6969738696657847,-4446.220668223808,-5358.580675349262,1081.1948847102658,car,0 days 02:12:06.825000
2024-05-19 14:19:46.971,0 days 02:12:06.985000,0 days 00:00:53.914000,10576,263,7,100,False,0,car,3404.3511111111134,0.6993751844997873,-4325.947874626288,-5348.773544703605,1082.082136119523,car,0 days 02:12:06.985000
2024-05-19 14:19:47.251,0 days 02:12:07.265000,0 days 00:00:54.194000,10231,264,7,46,False,0,car,3424.8844444444467,0.7035934637899363,-4112.618913690782,-5331.61345946822,1084.2810833553385,car,0 days 02:12:07.265000
2024-05-19 14:19:47.491,0 days 02:12:07.505000,0 days 00:00:54.434000,9645,248,7,0,True,0,car,3441.4177777777795,0.706990000361225,-3943.3711532395005,-5317.315513168773,1085.5957076715836,car,0 days 02:12:07.505000
2024-05-19 14:19:47.651,0 days 02:12:07.665000,0 days 00:00:54.594000,9745,224,7,0,True,0,car,3451.3733333333353,0.7090352266837214,-3840.507251207012,-5308.909987585072,1086.4169392840258,car,0 days 02:12:07.665000
2024-05-19 14:19:47.851,0 days 02:12:07.865000,0 days 00:00:54.794000,10181,202,6,0,True,0,car,3462.5955555555574,0.7113406715338569,-3725.4362302118566,-5299.311921852337,1087.0610420868738,car,0 days 02:12:07.865000
2024-05-19 14:19:48.051,0 days 02:12:08.065000,0 days 00:00:54.994000,10119,193,6,0,True,0,car,3473.3177777777796,0.713543398544135,-3612.811726562699,-5290.141976620363,1087.0589249301681,car,0 days 02:12:08.065000
2024-05-19 14:19:48.331,0 days 02:12:08.345000,0 days 00:00:55.274000,9374,167,5,0,True,0,car,3486.3066666666687,0.7162117797617671,-3438.6551823789823,-5277.3609142053565,1088.1141690032805,car,0 days 02:12:08.345000
2024-05-19 14:19:48.731,0 days 02:12:08.745000,0 days 00:00:55.674000,9673,143,4,0,True,0,car,3502.1955555555573,0.7194759244505727,-3263.2994728670096,-5273.992592628624,1090.9943015180042,car,0 days 02:12:08.745000
2024-05-19 14:19:49.011,0 days 02:12:09.025000,0 days 00:00:55.954000,8857,129,3,0,True,0,car,3512.2288888888907,0.7215371291037137,-3204.7246175391406,-5280.146072870015,1092.1380582033094,car,0 days 02:12:09.025000
2024-05-19 14:19:49.210,0 days 02:12:09.224000,0 days 00:00:56.153000,8270,124,3,0,True,0,car,3519.083333333335,0.7229452765572272,-3156.2667183307153,-5308.288579300654,1093.505625269178,car,0 days 02:12:09.224000
2024-05-19 14:19:49.570,0 days 02:12:09.584000,0 days 00:00:56.513000,8058,114,3,0,False,0,car,3530.483333333335,0.7252872433059787,-3063.534474655435,-5391.966676849338,1095.8912584363648,car,0 days 02:12:09.584000
2024-05-19 14:19:49.730,0 days 02:12:09.744000,0 days 00:00:56.673000,7472,109,3,0,True,0,car,3535.3277777777794,0.726282465043265,-3030.587996396904,-5428.549715533003,1096.0382134668866,car,0 days 02:12:09.744000
2024-05-19 14:19:49.930,0 days 02:12:09.944000,0 days 00:00:56.873000,7260,109,3,0,True,0,car,3541.3833333333346,0.7275264922148726,-2992.2863633322377,-5470.092911722537,1095.9841630015592,car,0 days 02:12:09.944000
2024-05-19 14:19:50.170,0 days 02:12:10.184000,0 days 00:00:57.113000,6584,96,3,0,True,0,car,3547.7833333333347,0.7288412805650489,-2930.7171081869183,-5515.9908745027715,1096.0244421756192,car,0 days 02:12:10.184000
2024-05-19 14:19:50.410,0 days 02:12:10.424000,0 days 00:00:57.353000,6996,99,3,0,False,0,car,3554.3833333333346,0.7301971560511683,-2850.1831651236735,-5556.2317196860695,1095.9090194116748,car,0 days 02:12:10.424000
2024-05-19 14:19:50.690,0 days 02:12:10.704000,0 days 00:00:57.633000,6937,95,3,7,False,0,car,3561.7722222222237,0.7317150974623962,-2813.380434622287,-5561.999196132509,1095.0076061807113,car,0 days 02:12:10.704000
2024-05-19 14:19:51.051,0 days 02:12:11.065000,0 days 00:00:57.994000,7174,94,3,31,False,0,car,3571.1983333333346,0.7336515570055768,-2720.966574952797,-5553.5501744223175,1092.94925064939,car,0 days 02:12:11.065000
2024-05-19 14:19:51.331,0 days 02:12:11.345000,0 days 00:00:58.274000,7803,98,3,47,False,0,car,3578.820555555557,0.7352174334087381,-2646.286467718175,-5535.080640572785,1091.005886758766,car,0 days 02:12:11.345000
2024-05-19 14:19:51.531,0 days 02:12:11.545000,0 days 00:00:58.474000,8173,103,3,51,False,0,car,3584.542777777779,0.7363929820204409,-2583.4027800834847,-5515.272752693585,1089.8509884648333,car,0 days 02:12:11.545000
2024-05-19 14:19:51.811,0 days 02:12:11.825000,0 days 00:00:58.754000,8826,109,3,65,False,0,car,3593.0205555555567,0.7381346200606917,-2502.6401650134817,-5484.989839766202,1087.5626989197797,car,0 days 02:12:11.825000
2024-05-19 14:19:52.091,0 days 02:12:12.105000,0 days 00:00:59.034000,9517,124,3,74,False,0,car,3602.6650000000013,0.7401159330606103,-2424.4823748742206,-5451.740284604143,1086.0167017877232,car,0 days 02:12:12.105000
2024-05-19 14:19:52.451,0 days 02:12:12.465000,0 days 00:00:59.394000,10483,141,3,91,False,0,car,3616.7650000000012,0.7430125761445924,-2304.7716039868997,-5395.286340870405,1083.4250372747997,car,0 days 02:12:12.465000
2024-05-19 14:19:52.851,0 days 02:12:12.865000,0 days 00:00:59.794000,10395,160,3,100,False,0,car,3634.542777777779,0.7466647660061932,-2138.390625832214,-5309.2036804443205,1080.0108817642167,car,0 days 02:12:12.865000
2024-05-19 14:19:53.211,0 days 02:12:13.225000,0 days 00:01:00.154000,11037,174,4,100,False,0,car,3651.942777777779,0.7502393468332351,-2007.1404054815011,-5240.123553066603,1076.333062598737,car,0 days 02:12:13.225000
2024-05-19 14:19:53.371,0 days 02:12:13.385000,0 days 00:01:00.314000,11219,178,4,100,False,0,car,3659.85388888889,0.7518645713216474,-1936.0017273203507,-5202.321160077563,1075.16798476233,car,0 days 02:12:13.385000
2024-05-19 14:19:53.651,0 days 02:12:13.665000,0 days 00:01:00.594000,11133,193,4,100,False,0,car,3674.865000000001,0.7549483891360367,-1806.0143017865641,-5133.680172599725,1072.522265738177,car,0 days 02:12:13.665000
2024-05-19 14:19:53.971,0 days 02:12:13.985000,0 days 00:01:00.914000,10593,203,5,100,False,0,car,3692.9094444444454,0.7586553618455615,-1650.0063683730807,-5054.516084357441,1069.8804432871282,car,0 days 02:12:13.985000
2024-05-19 14:19:54.291,0 days 02:12:14.305000,0 days 00:01:01.234000,11074,213,5,100,False,0,car,3711.842777777779,0.7625449440481663,-1463.7882275667841,-4965.362128702195,1066.0166199763078,car,0 days 02:12:14.305000
2024-05-19 14:19:54.651,0 days 02:12:14.665000,0 days 00:01:01.594000,11413,225,5,100,False,0,car,3734.342777777779,0.7671672468417549,-1217.8337361257572,-4853.697662248091,1061.3784577712931,car,0 days 02:12:14.665000
2024-05-19 14:19:54.851,0 days 02:12:14.865000,0 days 00:01:01.794000,11441,230,5,100,False,0,car,3747.120555555556,0.7697922583047804,-1155.4038231774311,-4822.78076896605,1060.5372452071308,car,0 days 02:12:14.865000
2024-05-19 14:19:55.011,0 days 02:12:15.025000,0 days 00:01:01.954000,10573,232,5,100,False,0,car,3757.4316666666673,0.7719105284245089,-1057.8733849828996,-4773.356696446495,1058.5566796201704,car,0 days 02:12:15.025000
2024-05-19 14:19:55.171,0 days 02:12:15.185000,0 days 00:01:02.114000,10668,237,6,100,False,0,car,3767.9650000000006,0.7740744509175074,-964.6352842250056,-4721.095800439919,1056.3427468225195,car,0 days 02:12:15.185000
2024-05-19 14:19:55.411,0 days 02:12:15.425000,0 days 00:01:02.354000,10984,241,6,100,False,0,car,3784.031666666667,0.7773751175049292,-828.437339033924,-4637.355164122144,1053.2897955845235,car,0 days 02:12:15.425000
2024-05-19 14:19:55.731,0 days 02:12:15.745000,0 days 00:01:02.674000,11218,248,6,100,False,0,car,3806.0761111111115,0.7819038329333141,-647.8266309423702,-4515.275501445097,1047.6506250602645,car,0 days 02:12:15.745000
2024-05-19 14:19:55.970,0 days 02:12:15.984000,0 days 00:01:02.913000,11342,253,6,100,False,0,car,3822.8725,0.7853544105014613,-511.442282211085,-4417.184584151466,1043.6836614641259,car,0 days 02:12:15.984000
2024-05-19 14:19:56.170,0 days 02:12:16.184000,0 days 00:01:03.113000,11447,257,6,100,False,0,car,3837.150277777778,0.7882875754840594,-398.89287959565195,-4334.293538050023,1040.3976004940487,car,0 days 02:12:16.184000
2024-05-19 14:19:56.330,0 days 02:12:16.344000,0 days 00:01:03.273000,11626,259,6,100,False,0,car,3848.661388888889,0.790652368419446,-301.1284419638897,-4259.320940568603,1037.5467845104258,car,0 days 02:12:16.344000
2024-05-19 14:19:56.570,0 days 02:12:16.584000,0 days 00:01:03.513000,10989,263,6,100,False,0,car,3866.194722222222,0.7942543406704498,-147.55587485360329,-4135.464401408009,1033.0169540149327,car,0 days 02:12:16.584000
2024-05-19 14:19:56.770,0 days 02:12:16.784000,0 days 00:01:03.713000,10677,266,7,100,False,0,car,3880.9725,0.7972902234929055,-51.41283819244934,-4052.026085918337,1030.015398152041,car,0 days 02:12:16.784000
2024-05-19 14:19:57.090,0 days 02:12:17.104000,0 days 00:01:04.033000,10794,270,7,100,False,0,car,3904.9725,0.8022206798060666,114.32973721263912,-3895.66859623077,1026.0182792832961,car,0 days 02:12:17.104000
2024-05-19 14:19:57.290,0 days 02:12:17.304000,0 days 00:01:04.233000,10898,273,7,100,False,0,car,3920.139166666667,0.8053364542817448,258.478049961246,-3747.9976402115703,1021.6326561296463,car,0 days 02:12:17.304000
2024-05-19 14:19:57.450,0 days 02:12:17.464000,0 days 00:01:04.393000,10884,275,7,100,False,0,car,3932.361388888889,0.8078473348115954,338.17499949229574,-3662.288037686438,1018.9547600647303,car,0 days 02:12:17.464000
2024-05-19 14:19:57.651,0 days 02:12:17.665000,0 days 00:01:04.594000,11010,277,7,100,False,0,car,3947.8272222222217,0.8110245687947882,450.9460728492145,-3536.4525744764733,1014.3170154520665,car,0 days 02:12:17.665000
2024-05-19 14:19:57.931,0 days 02:12:17.945000,0 days 00:01:04.874000,11143,279,7,100,False,0,car,3969.527222222222,0.8154825230446048,601.5360998813487,-3367.7182091144437,1007.1571351244357,car,0 days 02:12:17.945000
2024-05-19 14:19:58.131,0 days 02:12:18.145000,0 days 00:01:05.074000,11259,280,7,100,False,0,car,3985.0827777777777,0.8186781891735055,687.6836275297007,-3272.1772689972922,1002.1469344626765,car,0 days 02:12:18.145000
2024-05-19 14:19:58.331,0 days 02:12:18.345000,0 days 00:01:05.274000,11263,284,7,100,False,0,car,4000.8605555555555,0.8219195076756763,797.754014047857,-3150.9326894208334,995.1359914595507,car,0 days 02:12:18.345000
2024-05-19 14:19:58.611,0 days 02:12:18.625000,0 days 00:01:05.554000,11391,284,7,100,False,0,car,4022.9494444444445,0.8264573535787154,942.8919232351309,-2990.7865129289557,983.7765942908002,car,0 days 02:12:18.625000
2024-05-19 14:19:58.811,0 days 02:12:18.825000,0 days 00:01:05.754000,11299,288,7,100,False,0,car,4038.9494444444445,0.8297443244541561,1056.3202107380052,-2865.0756123175856,973.9811775269102,car,0 days 02:12:18.825000
2024-05-19 14:19:58.971,0 days 02:12:18.985000,0 days 00:01:05.914000,11474,288,7,100,False,0,car,4051.749444444444,0.8323739011545087,1167.7669960632172,-2741.885478369851,965.0065652797354,car,0 days 02:12:18.985000
2024-05-19 14:19:59.131,0 days 02:12:19.145000,0 days 00:01:06.074000,11469,289,7,100,False,0,car,4064.593888888888,0.8350126083295152,1250.8831873380627,-2650.6807964558247,957.887094587041,car,0 days 02:12:19.145000
2024-05-19 14:19:59.451,0 days 02:12:19.465000,0 days 00:01:06.394000,11478,290,7,100,False,0,car,4090.3716666666664,0.8403082836288365,1400.4730249158272,-2494.7806578114296,944.0959307914491,car,0 days 02:12:19.465000
2024-05-19 14:19:59.691,0 days 02:12:19.705000,0 days 00:01:06.634000,11511,290,7,100,False,0,car,4109.704999999999,0.8442800401033272,1537.8835350851728,-2368.2902074695603,932.5880866185722,car,0 days 02:12:19.705000
2024-05-19 14:19:59.971,0 days 02:12:19.985000,0 days 00:01:06.914000,11421,289,7,100,False,0,car,4132.182777777777,0.8488977776595888,1746.2422052143304,-2219.4725561618,915.0604779416153,car,0 days 02:12:19.985000
2024-05-19 14:20:00.291,0 days 02:12:20.305000,0 days 00:01:07.234000,11363,288,7,100,False,0,car,4157.782777777777,0.854156931060294,1964.5855281909876,-2109.161448874121,898.8630279220712,car,0 days 02:12:20.305000
2024-05-19 14:20:00.611,0 days 02:12:20.625000,0 days 00:01:07.554000,10887,288,7,34,True,0,car,4183.382777777777,0.8594160844609993,2206.792607127706,-2010.784413709713,880.0413106207424,car,0 days 02:12:20.625000
2024-05-19 14:20:00.931,0 days 02:12:20.945000,0 days 00:01:07.874000,9795,264,7,0,True,0,car,4206.849444444443,0.8642369750783123,2434.0868837764947,-1919.0255519004816,861.6400734885816,car,0 days 02:12:20.945000
2024-05-19 14:20:01.331,0 days 02:12:21.345000,0 days 00:01:08.274000,10408,218,6,0,True,0,car,4231.071666666666,0.8692130837647435,2681.3559057487564,-1818.654158516979,843.0250712678828,car,0 days 02:12:21.345000
2024-05-19 14:20:01.691,0 days 02:12:21.705000,0 days 00:01:08.634000,10221,178,5,0,True,0,car,4248.871666666666,0.8728698388636714,2873.185781666618,-1738.4974258990599,829.8426173763514,car,0 days 02:12:21.705000
2024-05-19 14:20:01.851,0 days 02:12:21.865000,0 days 00:01:08.794000,9178,161,4,0,True,0,car,4256.027222222221,0.8743398452829656,2950.412315065618,-1704.7798526990127,824.7704587369742,car,0 days 02:12:21.865000
2024-05-19 14:20:02.131,0 days 02:12:22.145000,0 days 00:01:09.074000,8225,148,4,0,True,0,car,4267.538333333332,0.8767046382183521,3030.6370755048215,-1659.621585343025,819.778763728145,car,0 days 02:12:22.145000
2024-05-19 14:20:02.331,0 days 02:12:22.345000,0 days 00:01:09.274000,7829,138,4,0,True,0,car,4275.204999999999,0.8782796450961675,3088.552688434449,-1602.620481822244,815.5760504310771,car,0 days 02:12:22.345000
2024-05-19 14:20:02.770,0 days 02:12:22.784000,0 days 00:01:09.713000,7186,125,4,0,True,0,car,4290.448055555555,0.8814111125751574,3171.355319149822,-1486.5972935472098,808.811147352012,car,0 days 02:12:22.784000
2024-05-19 14:20:02.970,0 days 02:12:22.984000,0 days 00:01:09.913000,7094,125,4,0,False,0,car,4297.392499999999,0.8828377492398451,3181.5782743175496,-1440.683774738087,807.2022000477069,car,0 days 02:12:22.984000
2024-05-19 14:20:03.210,0 days 02:12:23.224000,0 days 00:01:10.153000,7151,116,4,2,False,0,car,4305.125833333333,0.8844264518296415,3190.870828103356,-1357.567900892097,803.7915727147797,car,0 days 02:12:23.224000
2024-05-19 14:20:03.490,0 days 02:12:23.504000,0 days 00:01:10.433000,7278,115,4,20,False,0,car,4314.070277777777,0.8862639598537595,3180.9773958939722,-1267.088995686146,800.5474923495537,car,0 days 02:12:23.504000
2024-05-19 14:20:03.810,0 days 02:12:23.824000,0 days 00:01:10.753000,7505,119,4,44,False,0,car,4324.6480555555545,0.888437012821412,3156.349679175392,-1163.143885218632,797.8126022356032,car,0 days 02:12:23.824000
2024-05-19 14:20:03.970,0 days 02:12:23.984000,0 days 00:01:10.913000,7687,122,4,55,False,0,car,4330.070277777777,0.8895509307292002,3140.6375515084997,-1111.523896882196,796.4734237504736,car,0 days 02:12:23.984000
2024-05-19 14:20:04.130,0 days 02:12:24.144000,0 days 00:01:11.073000,8108,125,4,61,False,0,car,4335.625833333333,0.8906922400609505,3122.8833233129494,-1057.599532209662,795.2529177071144,car,0 days 02:12:24.144000
2024-05-19 14:20:04.411,0 days 02:12:24.425000,0 days 00:01:11.354000,8880,134,4,75,False,0,car,4346.085277777777,0.8928409831398367,3088.243708966032,-957.0217084832865,794.5623888370785,car,0 days 02:12:24.425000
2024-05-19 14:20:04.691,0 days 02:12:24.705000,0 days 00:01:11.634000,9308,144,4,100,False,0,car,4357.285277777777,0.8951418627526453,3044.0760835603014,-843.7746502821011,792.820544719823,car,0 days 02:12:24.705000
2024-05-19 14:20:05.011,0 days 02:12:25.025000,0 days 00:01:11.954000,9681,157,4,100,False,0,car,4371.240833333332,0.8980088317940018,2993.4437864542256,-736.0924751179778,791.9555276471699,car,0 days 02:12:25.025000
2024-05-19 14:20:05.211,0 days 02:12:25.225000,0 days 00:01:12.154000,8990,160,4,0,True,0,car,4380.129722222221,0.8998349267248023,2951.056166738936,-658.3547694072199,791.3731594464234,car,0 days 02:12:25.225000
2024-05-19 14:20:05.411,0 days 02:12:25.425000,0 days 00:01:12.354000,8983,159,4,0,True,0,car,4388.963055555554,0.901649608562285,2903.1282915351253,-584.2751113852786,789.8560496257744,car,0 days 02:12:25.425000
2024-05-19 14:20:05.691,0 days 02:12:25.705000,0 days 00:01:12.634000,8714,152,4,0,True,0,car,4400.785277777776,0.9040783148202496,2826.5677162046713,-496.8786769158932,788.3324233741421,car,0 days 02:12:25.705000
2024-05-19 14:20:06.091,0 days 02:12:26.105000,0 days 00:01:13.034000,8735,145,4,9,False,0,car,4416.8963888888875,0.9073881118823254,2669.622460703553,-399.90122529071726,786.936112356349,car,0 days 02:12:26.105000
2024-05-19 14:20:06.251,0 days 02:12:26.265000,0 days 00:01:13.194000,8683,142,4,11,False,0,car,4423.207499999999,0.9086846392831938,2628.331427419358,-382.60934441119025,786.371061671094,car,0 days 02:12:26.265000
2024-05-19 14:20:06.411,0 days 02:12:26.425000,0 days 00:01:13.354000,8712,142,4,12,False,0,car,4429.51861111111,0.909981166684062,2570.038641892885,-372.13387915522844,786.0021081317868,car,0 days 02:12:26.425000
2024-05-19 14:20:06.731,0 days 02:12:26.745000,0 days 00:01:13.674000,8708,139,4,30,False,0,car,4441.874166666666,0.9125194386378747,2379.173987132001,-357.4028970124459,785.9321458878854,car,0 days 02:12:26.745000
2024-05-19 14:20:07.131,0 days 02:12:27.145000,0 days 00:01:14.074000,9207,144,4,61,False,0,car,4457.874166666666,0.9158064095133154,2265.6191869745244,-375.21430584424917,784.9328767881639,car,0 days 02:12:27.145000
2024-05-19 14:20:07.371,0 days 02:12:27.385000,0 days 00:01:14.314000,9351,150,4,71,False,0,car,4467.874166666666,0.9178607663104659,2191.3323145834056,-393.8997049070567,784.0036345092138,car,0 days 02:12:27.385000
2024-05-19 14:20:07.771,0 days 02:12:27.785000,0 days 00:01:14.714000,10569,164,4,100,False,0,car,4486.096388888888,0.9216042609186068,1982.431404246923,-480.2060298380543,781.6127360861472,car,0 days 02:12:27.785000
2024-05-19 14:20:07.971,0 days 02:12:27.985000,0 days 00:01:14.914000,11203,172,4,100,False,0,car,4495.651944444444,0.9235673129692173,1888.2152233123957,-523.8223271422921,780.4962160996242,car,0 days 02:12:27.985000
2024-05-19 14:20:08.371,0 days 02:12:28.385000,0 days 00:01:15.314000,10615,188,4,100,False,0,car,4516.540833333333,0.9278586360565982,1766.979446688768,-580.4546616599014,779.1259999837448,car,0 days 02:12:28.385000
2024-05-19 14:20:08.531,0 days 02:12:28.545000,0 days 00:01:15.474000,10250,191,4,100,False,0,car,4525.029722222222,0.9296025567155126,1673.4820273013793,-623.254713683458,778.0777518854876,car,0 days 02:12:28.545000
2024-05-19 14:20:08.891,0 days 02:12:28.905000,0 days 00:01:15.834000,10768,205,5,100,False,0,car,4545.529722222222,0.9338139881496711,1509.494054344719,-696.7723992211754,777.999597496011,car,0 days 02:12:28.905000
2024-05-19 14:20:09.091,0 days 02:12:29.105000,0 days 00:01:16.034000,11133,211,5,100,False,0,car,4557.251944444444,0.9362221508396643,1403.4074967933789,-745.8507821749397,777.9973723558114,car,0 days 02:12:29.105000
2024-05-19 14:20:09.331,0 days 02:12:29.345000,0 days 00:01:16.274000,11406,217,5,100,False,0,car,4571.7186111111105,0.9391941203395419,1272.3142206592538,-804.5568961477077,778.0071131582972,car,0 days 02:12:29.345000
2024-05-19 14:20:09.610,0 days 02:12:29.624000,0 days 00:01:16.553000,11748,226,5,100,False,0,car,4589.23361111111,0.9427923262697508,1113.3384531353545,-876.3038157669057,777.9722606771652,car,0 days 02:12:29.624000
2024-05-19 14:20:09.970,0 days 02:12:29.984000,0 days 00:01:16.913000,10625,235,6,100,False,0,car,4612.73361111111,0.9476200647430544,913.6310192442922,-967.091691271831,778.9166033395047,car,0 days 02:12:29.984000
2024-05-19 14:20:10.130,0 days 02:12:30.144000,0 days 00:01:17.073000,10800,238,6,100,False,0,car,4623.311388888887,0.9497931177107068,757.9698934327735,-1033.0473061405855,778.9880363948514,car,0 days 02:12:30.144000
2024-05-19 14:20:10.410,0 days 02:12:30.424000,0 days 00:01:17.353000,11048,244,6,100,False,0,car,4642.289166666666,0.9536918303879658,604.5835508469406,-1097.9532253332434,779.753528060019,car,0 days 02:12:30.424000
2024-05-19 14:20:10.650,0 days 02:12:30.664000,0 days 00:01:17.593000,11256,248,6,100,False,0,car,4658.822499999999,0.9570883669592547,478.59661885362885,-1150.374716072195,779.9120461520428,car,0 days 02:12:30.664000
2024-05-19 14:20:10.811,0 days 02:12:30.825000,0 days 00:01:17.754000,11381,252,6,100,False,0,car,4670.0925,0.9594036270696433,371.8432511066666,-1194.755246031872,780.4041308181654,car,0 days 02:12:30.825000
2024-05-19 14:20:11.051,0 days 02:12:31.065000,0 days 00:01:17.994000,11511,257,6,100,False,0,car,4687.225833333333,0.9629234250487612,216.2454030340657,-1260.4676066860306,781.1632924083037,car,0 days 02:12:31.065000
2024-05-19 14:20:11.291,0 days 02:12:31.305000,0 days 00:01:18.234000,11721,260,6,100,False,0,car,4704.559166666666,0.9664843101638219,57.205713752314345,-1327.6635788894253,780.9660382871137,car,0 days 02:12:31.305000
2024-05-19 14:20:12.131,0 days 02:12:32.145000,0 days 00:01:19.074000,10860,271,7,100,False,0,car,4767.7925,0.9794746929778034,-526.9980716407939,-1527.0446359276382,783.0168471699318,car,0 days 02:12:32.145000
2024-05-19 14:20:12.411,0 days 02:12:32.425000,0 days 00:01:19.354000,11015,275,7,100,False,0,car,4789.181388888888,0.9838687339050419,-735.0043868102027,-1564.790357339173,782.9917850215828,car,0 days 02:12:32.425000
2024-05-19 14:20:12.691,0 days 02:12:32.705000,0 days 00:01:19.634000,11133,279,7,100,False,0,car,4810.881388888888,0.9883266881548584,-945.1383757077531,-1582.4225788099072,783.348847047157,car,0 days 02:12:32.705000
2024-05-19 14:20:13.091,0 days 02:12:33.105000,0 days 00:01:20.034000,11225,283,7,100,False,0,car,4842.325833333333,0.994786498972565,-1387.914517020225,-1596.4969913111363,785.1476796767928,car,0 days 02:12:33.105000
2024-05-19 14:20:13.251,0 days 02:12:33.265000,0 days 00:01:20.194000,11322,285,7,100,False,0,car,4854.992499999999,0.9973886842489554,-1532.3821031127702,-1602.8520405434174,785.6315066241447,car,0 days 02:12:33.265000
