Date_x,SessionTime_x,Time,RPM_x,Speed_x,nGear_x,Throttle_x,Brake_x,DRS_x,Source_x,Distance,RelativeDistance,X,Y,Z,Source_y,SessionTime_y
2024-08-31 15:04:10.009,0 days 01:15:12.240000,0 days 00:00:00.166000,11289,319,8,100,False,8,car,14.83944444444445,0.0026273823285890272,-1364.4007947232087,-557.0763354302369,1872.1624173308978,car,0 days 01:15:12.240000
2024-08-31 15:04:10.169,0 days 01:15:12.400000,0 days 00:00:00.326000,11278,320,8,100,False,8,car,29.06166666666667,0.005145483021632308,-1352.341806693349,-418.6706377563467,1872.8874389958341,car,0 days 01:15:12.400000
2024-08-31 15:04:10.369,0 days 01:15:12.600000,0 days 00:00:00.526000,11321,321,8,100,False,8,car,46.89500000000001,0.00830294521876861,-1324.8223995039048,-121.22437736175577,1874.103779193156,car,0 days 01:15:12.600000
2024-08-31 15:04:10.569,0 days 01:15:12.800000,0 days 00:00:00.726000,11353,322,8,100,False,8,car,64.7838888888889,0.011470243746737111,-1315.9154865363528,-15.822436004123986,1874.7548362174982,car,0 days 01:15:12.800000
2024-08-31 15:04:10.728,0 days 01:15:12.959000,0 days 00:00:00.885000,11431,323,8,100,False,8,car,79.04972222222223,0.01399606595948367,-1308.4357371482517,73.4310979598109,1875.1511739343543,car,0 days 01:15:12.959000
2024-08-31 15:04:11.008,0 days 01:15:13.239000,0 days 00:00:01.165000,11344,322,8,99,False,8,car,104.09416666666668,0.01843028389863957,-1285.2716236335218,335.48835905883504,1876.4185732540313,car,0 days 01:15:13.239000
2024-08-31 15:04:11.208,0 days 01:15:13.439000,0 days 00:00:01.365000,11330,322,8,99,False,8,car,121.98305555555557,0.021597582426608072,-1269.9523998698483,512.539114232629,1877.4881775659196,car,0 days 01:15:13.439000
2024-08-31 15:04:11.368,0 days 01:15:13.599000,0 days 00:00:01.525000,11334,322,8,99,False,8,car,136.29416666666668,0.024131421248982876,-1257.6769064576104,655.233416505841,1877.9040782523805,car,0 days 01:15:13.599000
2024-08-31 15:04:11.568,0 days 01:15:13.799000,0 days 00:00:01.725000,11325,322,8,99,False,8,car,154.1830555555556,0.02729871977695138,-1241.5189787334812,833.9061438030416,1879.1290824893408,car,0 days 01:15:13.799000
2024-08-31 15:04:11.849,0 days 01:15:14.080000,0 days 00:00:02.006000,11314,321,8,99,False,8,car,179.2388888888889,0.03173495416392788,-1220.6824775473135,1083.8564320121843,1880.335153414881,car,0 days 01:15:14.080000
2024-08-31 15:04:12.169,0 days 01:15:14.400000,0 days 00:00:02.326000,11320,321,8,100,False,8,car,207.77222222222227,0.03678689367934597,-1195.8394423403706,1367.3163296412372,1882.3023115158949,car,0 days 01:15:14.400000
2024-08-31 15:04:12.449,0 days 01:15:14.680000,0 days 00:00:02.606000,11321,321,8,99,False,8,car,232.7388888888889,0.04120734075533679,-1174.4770422031181,1616.4939354429268,1883.2458579130898,car,0 days 01:15:14.680000
2024-08-31 15:04:12.769,0 days 01:15:15,0 days 00:00:02.926000,11265,320,8,99,False,8,car,261.1833333333334,0.04624354214142336,-1150.4462262484158,1899.6782345673132,1885.1166991445346,car,0 days 01:15:15
2024-08-31 15:04:13.049,0 days 01:15:15.280000,0 days 00:00:03.206000,11272,320,8,99,False,8,car,286.07222222222225,0.05065021835424909,-1128.5875528665765,2148.077303316887,1885.9901409494614,car,0 days 01:15:15.280000
2024-08-31 15:04:13.249,0 days 01:15:15.480000,0 days 00:00:03.406000,11250,319,8,99,False,8,car,303.7944444444445,0.05378800788972099,-1114.0139513456163,2324.661014917336,1886.489848646509,car,0 days 01:15:15.480000
2024-08-31 15:04:13.409,0 days 01:15:15.640000,0 days 00:00:03.566000,11248,319,8,99,False,8,car,317.97222222222223,0.05629823951809851,-1101.563066775486,2466.253132929076,1887.9184337663135,car,0 days 01:15:15.640000
2024-08-31 15:04:13.689,0 days 01:15:15.920000,0 days 00:00:03.846000,11237,319,8,99,False,8,car,342.78333333333336,0.06069114486775917,-1079.6601272366029,2714.507873259958,1888.2494548012198,car,0 days 01:15:15.920000
2024-08-31 15:04:13.889,0 days 01:15:16.120000,0 days 00:00:04.046000,11237,319,8,99,False,8,car,360.5055555555556,0.06382893440323108,-1064.5399286631148,2891.041988758135,1889.2716380885404,car,0 days 01:15:16.120000
2024-08-31 15:04:14.209,0 days 01:15:16.440000,0 days 00:00:04.366000,11205,319,8,70,False,8,car,388.8611111111111,0.0688493976599861,-1040.3785983433506,3173.537151423361,1891.1303011903126,car,0 days 01:15:16.440000
2024-08-31 15:04:14.409,0 days 01:15:16.640000,0 days 00:00:04.566000,11116,317,8,20,False,8,car,406.47222222222223,0.07196751453379362,-1025.431499099029,3348.923015522097,1892.1073505361608,car,0 days 01:15:16.640000
2024-08-31 15:04:14.569,0 days 01:15:16.800000,0 days 00:00:04.726000,10835,313,8,0,False,8,car,420.3833333333333,0.07443053177417656,-1012.9139791894731,3488.9791109728717,1893.0057521529857,car,0 days 01:15:16.800000
2024-08-31 15:04:14.849,0 days 01:15:17.080000,0 days 00:00:05.006000,10702,305,8,0,False,8,car,444.10555555555555,0.0786306450395261,-985.9411918046161,3806.793243237999,1894.5997893196654,car,0 days 01:15:17.080000
2024-08-31 15:04:15.049,0 days 01:15:17.280000,0 days 00:00:05.206000,10525,303,8,0,False,8,car,460.9388888888889,0.0816110532816828,-973.9208841711229,3951.3124342616975,1895.5305849515648,car,0 days 01:15:17.280000
2024-08-31 15:04:15.329,0 days 01:15:17.560000,0 days 00:00:05.486000,10307,292,8,0,False,8,car,483.65,0.08563214532588628,-958.6377628804177,4121.335648330829,1895.9812304749964,car,0 days 01:15:17.560000
2024-08-31 15:04:15.489,0 days 01:15:17.720000,0 days 00:00:05.646000,10144,289,8,0,False,8,car,496.4944444444444,0.08790630501429099,-946.8528303268038,4253.246419322323,1896.2260819193252,car,0 days 01:15:17.720000
2024-08-31 15:04:15.689,0 days 01:15:17.920000,0 days 00:00:05.846000,9984,285,8,0,False,8,car,512.3277777777778,0.09070965930146808,-933.6682121724702,4409.732268879094,1897.0865917001356,car,0 days 01:15:17.920000
2024-08-31 15:04:15.969,0 days 01:15:18.200000,0 days 00:00:06.126000,10375,279,8,0,False,8,car,534.0277777777778,0.09455173012452554,-915.1751843505152,4627.043072701235,1898.2251359518514,car,0 days 01:15:18.200000
2024-08-31 15:04:16.249,0 days 01:15:18.480000,0 days 00:00:06.406000,10839,274,7,0,False,8,car,555.3388888888888,0.09832494663175757,-895.6659669613235,4853.037988202692,1899.4052455892106,car,0 days 01:15:18.480000
2024-08-31 15:04:16.529,0 days 01:15:18.760000,0 days 00:00:06.686000,10591,270,7,0,False,8,car,576.3388888888888,0.10204307968632928,-875.6600084050544,5079.01175021839,1900.4389250059594,car,0 days 01:15:18.760000
2024-08-31 15:04:16.689,0 days 01:15:18.920000,0 days 00:00:06.846000,10547,270,7,0,False,8,car,588.3388888888888,0.10416772714608455,-867.3144945365266,5176.100457474492,1900.7087512654707,car,0 days 01:15:18.920000
2024-08-31 15:04:17.009,0 days 01:15:19.240000,0 days 00:00:07.166000,10256,259,7,0,False,8,car,611.3611111111111,0.10824390264294836,-848.6284849953311,5402.518525441318,1902.0157004638793,car,0 days 01:15:19.240000
2024-08-31 15:04:17.368,0 days 01:15:19.599000,0 days 00:00:07.525000,11521,253,7,0,False,8,car,636.5908333333333,0.11271092474542965,-826.4557087727554,5660.293543287859,1903.5209771009124,car,0 days 01:15:19.599000
2024-08-31 15:04:17.688,0 days 01:15:19.919000,0 days 00:00:07.845000,11291,248,6,0,False,8,car,658.6352777777777,0.11661398081964673,-799.4113163342713,5972.059676822058,1905.9150845881256,car,0 days 01:15:19.919000
2024-08-31 15:04:17.848,0 days 01:15:20.079000,0 days 00:00:08.005000,10991,246,6,0,False,8,car,669.5686111111111,0.11854977072742376,-791.4925707958116,6061.649517387315,1906.1826482993813,car,0 days 01:15:20.079000
2024-08-31 15:04:18.128,0 days 01:15:20.359000,0 days 00:00:08.285000,10862,240,6,0,False,8,car,688.2352777777777,0.12185477788704306,-782.2543928600586,6172.8035307272,1906.1080151185893,car,0 days 01:15:20.359000
2024-08-31 15:04:18.409,0 days 01:15:20.640000,0 days 00:00:08.566000,10576,235,6,0,False,8,car,706.5783333333333,0.1251024884195648,-767.2034533833223,6359.603530867129,1907.302551691237,car,0 days 01:15:20.640000
2024-08-31 15:04:18.649,0 days 01:15:20.880000,0 days 00:00:08.806000,10531,233,6,0,False,8,car,722.1116666666665,0.12785272652024798,-755.5829895995818,6494.511514992181,1908.3668993993351,car,0 days 01:15:20.880000
2024-08-31 15:04:19.049,0 days 01:15:21.280000,0 days 00:00:09.206000,10210,226,6,0,False,8,pos,747.2227777777775,0.13229874805640252,-734.0,6752.0,1910.0,car,0 days 01:15:21.280000
2024-08-31 15:04:19.209,0 days 01:15:21.440000,0 days 00:00:09.366000,11050,223,6,0,True,8,car,757.1338888888887,0.13405354947686707,-725.5275448132678,6850.342916663938,1910.5089511073825,car,0 days 01:15:21.440000
2024-08-31 15:04:19.369,0 days 01:15:21.600000,0 days 00:00:09.526000,11409,220,6,0,True,8,car,766.9116666666665,0.13578474370333432,-716.8973615909067,6949.502011358107,1911.0484187687193,car,0 days 01:15:21.600000
2024-08-31 15:04:19.569,0 days 01:15:21.800000,0 days 00:00:09.726000,10888,213,5,0,True,8,pos,778.7449999999999,0.137879882170593,-707.0,7069.0,1911.0,car,0 days 01:15:21.800000
2024-08-31 15:04:19.769,0 days 01:15:22,0 days 00:00:09.926000,10465,204,5,0,True,8,car,790.0783333333331,0.13988649366036185,-698.1121878269043,7183.219827777283,1912.1138113041743,car,0 days 01:15:22
2024-08-31 15:04:19.929,0 days 01:15:22.160000,0 days 00:00:10.086000,11445,194,5,0,True,8,car,798.7005555555554,0.14141309220551934,-690.8573431519968,7271.383493831936,1912.8462765194015,car,0 days 01:15:22.160000
2024-08-31 15:04:20.289,0 days 01:15:22.520000,0 days 00:00:10.446000,10544,178,4,0,True,8,car,816.5005555555554,0.14456465260415632,-674.0664603929648,7460.736340529509,1913.2931111273433,car,0 days 01:15:22.520000
2024-08-31 15:04:20.489,0 days 01:15:22.720000,0 days 00:00:10.646000,9870,167,4,0,True,8,car,825.7783333333332,0.1462073198531338,-665.841785211079,7567.785968706965,1913.940046050929,car,0 days 01:15:22.720000
2024-08-31 15:04:20.889,0 days 01:15:23.120000,0 days 00:00:11.046000,10243,147,3,0,True,8,car,842.1116666666665,0.14909920111780067,-647.2071802930811,7773.546070203718,1915.1054063465108,car,0 days 01:15:23.120000
2024-08-31 15:04:21.049,0 days 01:15:23.280000,0 days 00:00:11.206000,9494,136,3,0,True,8,car,848.1561111111109,0.15016939391234407,-640.7100735930285,7838.409983884016,1915.480512083056,car,0 days 01:15:23.280000
2024-08-31 15:04:21.449,0 days 01:15:23.680000,0 days 00:00:11.606000,8789,117,3,0,True,8,car,861.1561111111109,0.15247109532707895,-628.2632199580239,7948.089915309955,1916.2558110321027,car,0 days 01:15:23.680000
2024-08-31 15:04:21.609,0 days 01:15:23.840000,0 days 00:00:11.766000,9461,108,2,0,True,8,car,865.9561111111109,0.15332095431098103,-623.5673199170553,7976.6827237715315,1916.6041553382206,car,0 days 01:15:23.840000
2024-08-31 15:04:21.769,0 days 01:15:24,0 days 00:00:11.926000,9019,104,2,0,True,8,car,870.5783333333331,0.15413933703622013,-613.5813129492135,8020.405324016303,1917.3098183089064,car,0 days 01:15:24
2024-08-31 15:04:22.129,0 days 01:15:24.360000,0 days 00:00:12.286000,7762,91,2,0,True,8,car,879.6783333333332,0.15575052802653452,-587.5539424505695,8108.150164857618,1918.0107218768092,car,0 days 01:15:24.360000
2024-08-31 15:04:22.289,0 days 01:15:24.520000,0 days 00:00:12.446000,7514,88,2,0,True,8,car,883.5894444444443,0.15644300571712144,-572.9550132481838,8142.132969081117,1917.9908248381205,car,0 days 01:15:24.520000
2024-08-31 15:04:22.569,0 days 01:15:24.800000,0 days 00:00:12.726000,6902,82,2,0,True,8,pos,889.9672222222222,0.15757221649665806,-541.0,8198.0,1918.0,car,0 days 01:15:24.800000
2024-08-31 15:04:22.809,0 days 01:15:25.040000,0 days 00:00:12.966000,6481,77,2,0,True,8,car,895.1005555555555,0.15848109346555336,-501.1338684469888,8243.648425841971,1918.5939686339225,car,0 days 01:15:25.040000
2024-08-31 15:04:23.009,0 days 01:15:25.240000,0 days 00:00:13.166000,6211,73,2,0,True,8,car,899.156111111111,0.15919914561630397,-468.7832481897548,8271.296425558388,1919.2645605916634,car,0 days 01:15:25.240000
2024-08-31 15:04:23.289,0 days 01:15:25.520000,0 days 00:00:13.446000,6110,72,2,0,False,8,car,904.7561111111111,0.1601906477641898,-429.1686893199937,8290.748476123319,1919.9813982397693,car,0 days 01:15:25.520000
2024-08-31 15:04:23.489,0 days 01:15:25.720000,0 days 00:00:13.646000,5826,67,2,0,False,8,pos,908.4783333333334,0.1608496819299472,-393.0,8303.0,1920.0,car,0 days 01:15:25.720000
2024-08-31 15:04:23.649,0 days 01:15:25.880000,0 days 00:00:13.806000,5743,66,2,0,False,8,car,911.4116666666666,0.16136904019788736,-351.25763776000827,8310.642406487284,1919.9978791601677,car,0 days 01:15:25.880000
2024-08-31 15:04:23.889,0 days 01:15:26.120000,0 days 00:00:14.046000,5495,64,2,0,False,8,car,915.6783333333333,0.16212447040580036,-307.573702717304,8318.590154891855,1919.998856699903,car,0 days 01:15:26.120000
2024-08-31 15:04:24.049,0 days 01:15:26.280000,0 days 00:00:14.206000,5407,62,2,0,False,8,car,918.4338888888889,0.1626123524150775,-289.99391190647896,8323.454993883619,1919.9971255070277,car,0 days 01:15:26.280000
2024-08-31 15:04:24.208,0 days 01:15:26.439000,0 days 00:00:14.365000,5349,61,2,0,False,8,car,921.1280555555555,0.16308936527878504,-267.0636491244309,8331.074776336009,1920.0090246565132,car,0 days 01:15:26.439000
2024-08-31 15:04:24.488,0 days 01:15:26.719000,0 days 00:00:14.645000,5084,60,2,0,False,8,car,925.7947222222222,0.16391561706868987,-226.07478115920208,8351.451376376543,1919.9730174913682,car,0 days 01:15:26.719000
2024-08-31 15:04:24.768,0 days 01:15:26.999000,0 days 00:00:14.925000,4927,57,2,0,False,8,car,930.2280555555556,0.16470055626909946,-182.13736738778272,8399.337556583163,1920.9551276896138,car,0 days 01:15:26.999000
2024-08-31 15:04:25.009,0 days 01:15:27.240000,0 days 00:00:15.166000,4774,55,2,0,False,8,car,933.91,0.16535245909500354,-171.84932246770202,8415.414053044358,1920.9513914344343,car,0 days 01:15:27.240000
2024-08-31 15:04:25.369,0 days 01:15:27.600000,0 days 00:00:15.526000,4636,54,2,0,False,8,pos,939.31,0.1663085504518934,-153.0,8473.0,1922.0,car,0 days 01:15:27.600000
2024-08-31 15:04:25.649,0 days 01:15:27.880000,0 days 00:00:15.806000,4621,52,2,7,False,8,car,943.3544444444444,0.1670246353364776,-147.26456285007453,8505.473373392824,1922.0122546097425,car,0 days 01:15:27.880000
2024-08-31 15:04:25.969,0 days 01:15:28.200000,0 days 00:00:16.126000,4906,54,2,16,False,8,car,948.1544444444445,0.1678744943203797,-143.02171860428837,8551.00648008717,1922.1914091836488,car,0 days 01:15:28.200000
2024-08-31 15:04:26.129,0 days 01:15:28.360000,0 days 00:00:16.286000,5014,56,2,18,False,8,car,950.6433333333334,0.1683151619416623,-141.67184731982633,8573.124404923221,1922.818433530675,car,0 days 01:15:28.360000
2024-08-31 15:04:26.369,0 days 01:15:28.600000,0 days 00:00:16.526000,5524,59,2,23,False,8,car,954.5766666666667,0.16901157416458207,-144.64347557915008,8629.521769089468,1923.0132949576794,car,0 days 01:15:28.600000
2024-08-31 15:04:26.649,0 days 01:15:28.880000,0 days 00:00:16.806000,5798,64,2,25,False,8,car,959.5544444444445,0.1698929094071472,-148.82478409432767,8668.816641431344,1922.7483701894416,car,0 days 01:15:28.880000
2024-08-31 15:04:26.849,0 days 01:15:29.080000,0 days 00:00:17.006000,6177,68,2,25,False,8,car,963.3322222222222,0.17056177990373683,-153.90263837835352,8697.478774333822,1923.2618919526967,car,0 days 01:15:29.080000
2024-08-31 15:04:27.129,0 days 01:15:29.360000,0 days 00:00:17.286000,6844,74,2,27,False,8,car,969.0877777777778,0.17158082377795278,-165.2086174726889,8752.27975059579,1924.0171668265093,car,0 days 01:15:29.360000
2024-08-31 15:04:27.289,0 days 01:15:29.520000,0 days 00:00:17.446000,7058,76,2,28,False,8,car,972.4655555555555,0.17217887269255056,-172.93071161574377,8785.282772080209,1924.0133282538575,car,0 days 01:15:29.520000
2024-08-31 15:04:27.569,0 days 01:15:29.800000,0 days 00:00:17.726000,7788,83,2,28,False,8,car,978.921111111111,0.1733218543352522,-188.43049229050143,8846.669933204466,1923.8123320982766,car,0 days 01:15:29.800000
2024-08-31 15:04:27.729,0 days 01:15:29.960000,0 days 00:00:17.886000,8060,88,2,28,False,8,car,982.8322222222222,0.17401433202583913,-198.3421323486203,8883.185680907685,1924.6782837826145,car,0 days 01:15:29.960000
2024-08-31 15:04:28.009,0 days 01:15:30.240000,0 days 00:00:18.166000,8211,95,2,28,False,8,car,990.2211111111111,0.17532256402652177,-215.75940313399147,8951.184428670864,1924.963184989801,car,0 days 01:15:30.240000
2024-08-31 15:04:28.369,0 days 01:15:30.600000,0 days 00:00:18.526000,9114,101,2,28,False,8,car,1000.3211111111111,0.1771108089718158,-241.95938286903277,9049.441525810056,1926.16920258306,car,0 days 01:15:30.600000
2024-08-31 15:04:28.569,0 days 01:15:30.800000,0 days 00:00:18.726000,9417,105,2,28,False,8,car,1006.1544444444444,0.1781436237091968,-260.7029272271816,9123.76090452488,1926.0666266056987,car,0 days 01:15:30.800000
2024-08-31 15:04:28.849,0 days 01:15:31.080000,0 days 00:00:19.006000,9963,111,2,28,False,8,car,1014.7877777777777,0.17967218952052075,-278.3850735692391,9189.148428524617,1925.983986234027,car,0 days 01:15:31.080000
2024-08-31 15:04:29.169,0 days 01:15:31.400000,0 days 00:00:19.326000,10455,116,2,28,False,8,car,1025.0988888888887,0.18149781252297711,-300.3527398720819,9281.267324203587,1926.026151945135,car,0 days 01:15:31.400000
2024-08-31 15:04:29.369,0 days 01:15:31.600000,0 days 00:00:19.526000,10674,120,2,28,False,8,car,1031.7655555555555,0.18267817222284116,-315.88893990901744,9346.009355083013,1925.9245002546015,car,0 days 01:15:31.600000
2024-08-31 15:04:29.649,0 days 01:15:31.880000,0 days 00:00:19.806000,11315,126,2,28,False,8,car,1041.5655555555554,0.1844133009816413,-337.70539803382707,9439.16381737355,1927.3831776277648,car,0 days 01:15:31.880000
2024-08-31 15:04:29.849,0 days 01:15:32.080000,0 days 00:00:20.006000,10989,127,2,32,False,8,car,1048.6211111111108,0.18566251499733072,-352.88731828529194,9508.118934255588,1928.1422876766642,car,0 days 01:15:32.080000
2024-08-31 15:04:30.329,0 days 01:15:32.560000,0 days 00:00:20.486000,10074,139,3,42,False,8,car,1067.1544444444442,0.18894391496295274,-384.42477990679834,9682.240425203143,1928.7425686326835,car,0 days 01:15:32.560000
2024-08-31 15:04:30.489,0 days 01:15:32.720000,0 days 00:00:20.646000,10256,141,3,43,False,8,car,1073.4211111111108,0.1900534530808249,-395.2854894404378,9760.330285314732,1929.5793388449333,car,0 days 01:15:32.720000
2024-08-31 15:04:30.729,0 days 01:15:32.960000,0 days 00:00:20.886000,10757,148,3,48,False,8,car,1083.2877777777774,0.19180038543662367,-410.27832801499994,9891.828937672735,1929.9964796501094,car,0 days 01:15:32.960000
2024-08-31 15:04:30.888,0 days 01:15:33.119000,0 days 00:00:21.045000,10942,150,3,50,False,8,car,1089.9127777777774,0.19297336788836356,-413.5401071332859,9930.415830895348,1929.9010535179043,car,0 days 01:15:33.119000
2024-08-31 15:04:31.048,0 days 01:15:33.279000,0 days 00:00:21.205000,11237,155,3,52,False,8,car,1096.801666666666,0.19419307291155638,-415.80792208375556,9971.579859963398,1930.131889835921,car,0 days 01:15:33.279000
2024-08-31 15:04:31.208,0 days 01:15:33.439000,0 days 00:00:21.365000,11498,159,3,54,False,8,car,1103.8683333333327,0.19544425419341224,-419.97741573203524,10043.537261373609,1930.9946776361971,car,0 days 01:15:33.439000
2024-08-31 15:04:31.488,0 days 01:15:33.719000,0 days 00:00:21.645000,10208,164,3,57,False,8,car,1116.6238888888884,0.19770267575248546,-424.22054045459714,10169.106836822866,1932.0161250501874,car,0 days 01:15:33.719000
2024-08-31 15:04:31.689,0 days 01:15:33.920000,0 days 00:00:21.846000,10267,168,4,57,False,8,car,1126.0038888888885,0.19936344185019417,-426.1477833475909,10262.370669803962,1932.0453410266482,car,0 days 01:15:33.920000
2024-08-31 15:04:31.969,0 days 01:15:34.200000,0 days 00:00:22.126000,10642,174,4,59,False,8,car,1139.5372222222218,0.20175957204091816,-426.9371697982279,10433.522065127943,1933.1084496522194,car,0 days 01:15:34.200000
2024-08-31 15:04:32.129,0 days 01:15:34.360000,0 days 00:00:22.286000,10945,178,4,62,False,8,car,1147.4483333333328,0.20316026555142347,-426.1308393245704,10487.608120263289,1932.9636921673016,car,0 days 01:15:34.360000
2024-08-31 15:04:32.569,0 days 01:15:34.800000,0 days 00:00:22.726000,11370,186,4,63,False,8,car,1170.181666666666,0.2071852921279598,-419.7019910510238,10695.450279562254,1934.2828352337895,car,0 days 01:15:34.800000
2024-08-31 15:04:32.929,0 days 01:15:35.160000,0 days 00:00:23.086000,10632,195,4,65,False,8,car,1189.681666666666,0.21063784425006213,-409.2566744507576,10884.932012908692,1935.1037406335454,car,0 days 01:15:35.160000
2024-08-31 15:04:33.089,0 days 01:15:35.320000,0 days 00:00:23.246000,10393,197,5,65,False,8,car,1198.4372222222214,0.21218804998921686,-402.17047995378914,10971.170555812609,1934.826090911222,car,0 days 01:15:35.320000
2024-08-31 15:04:33.329,0 days 01:15:35.560000,0 days 00:00:23.486000,10592,202,5,65,False,8,car,1211.903888888888,0.21457237658294223,-390.0941639224166,11103.539130650384,1936.2148849057378,car,0 days 01:15:35.560000
2024-08-31 15:04:33.489,0 days 01:15:35.720000,0 days 00:00:23.646000,10691,204,5,65,False,8,car,1220.9705555555547,0.21617766577475733,-380.9163957864665,11194.694620570657,1935.9984022116219,car,0 days 01:15:35.720000
2024-08-31 15:04:33.689,0 days 01:15:35.920000,0 days 00:00:23.846000,10850,207,5,65,False,8,car,1232.4705555555547,0.21821378625702278,-356.7577192022712,11369.306851576304,1935.9387169761333,car,0 days 01:15:35.920000
2024-08-31 15:04:33.929,0 days 01:15:36.160000,0 days 00:00:24.086000,11101,212,5,64,False,8,car,1246.603888888888,0.22071614882073454,-336.52081033838783,11502.868951831713,1936.0185489227838,car,0 days 01:15:36.160000
2024-08-31 15:04:34.089,0 days 01:15:36.320000,0 days 00:00:24.246000,11175,213,5,64,False,8,car,1256.0705555555546,0.22239225959454145,-329.93100351910624,11538.372043183243,1935.9996803674412,car,0 days 01:15:36.320000
2024-08-31 15:04:34.289,0 days 01:15:36.520000,0 days 00:00:24.446000,11237,216,5,64,False,8,car,1268.0705555555548,0.22451690705429678,-307.36512574979355,11652.484940652248,1935.9746606990227,car,0 days 01:15:36.520000
2024-08-31 15:04:34.489,0 days 01:15:36.720000,0 days 00:00:24.646000,11472,219,5,64,False,8,car,1280.2372222222214,0.22667106350654861,-260.5712829845373,11833.232455729527,1936.576000925903,car,0 days 01:15:36.720000
2024-08-31 15:04:34.849,0 days 01:15:37.080000,0 days 00:00:25.006000,10813,225,5,64,False,8,car,1302.7372222222214,0.23065477749358973,-216.42191216334723,11999.2700525391,1937.4214461521888,car,0 days 01:15:37.080000
2024-08-31 15:04:35.009,0 days 01:15:37.240000,0 days 00:00:25.166000,10327,225,5,64,False,8,car,1312.7372222222214,0.2324253170433858,-187.52187820640583,12075.390527359723,1937.0902651906977,car,0 days 01:15:37.240000
2024-08-31 15:04:35.289,0 days 01:15:37.520000,0 days 00:00:25.446000,10443,229,6,64,False,8,car,1330.5483333333325,0.2355788447081892,-83.01739026756798,12335.682942857926,1935.9125040733845,car,0 days 01:15:37.520000
2024-08-31 15:04:35.489,0 days 01:15:37.720000,0 days 00:00:25.646000,10564,231,6,65,False,8,car,1343.3816666666658,0.2378510371304275,-58.92372695320215,12385.111654721775,1936.7291473839691,car,0 days 01:15:37.720000
2024-08-31 15:04:35.809,0 days 01:15:38.040000,0 days 00:00:25.966000,10710,235,6,65,False,8,car,1364.2705555555547,0.2415494975233348,23.2898078783496,12546.862317730727,1937.003018964984,car,0 days 01:15:38.040000
2024-08-31 15:04:36.129,0 days 01:15:38.360000,0 days 00:00:26.286000,10835,236,6,65,False,8,car,1385.2483333333325,0.24526369604557366,129.25752513670275,12727.700297598878,1936.2585841957152,car,0 days 01:15:38.360000
2024-08-31 15:04:36.489,0 days 01:15:38.720000,0 days 00:00:26.646000,10981,240,6,65,False,8,car,1409.2483333333325,0.2495129909650842,264.9514573756964,12924.744234378499,1937.1077661090799,car,0 days 01:15:38.720000
2024-08-31 15:04:36.689,0 days 01:15:38.920000,0 days 00:00:26.846000,11034,242,6,67,False,8,car,1422.6927777777769,0.2518933830264767,346.96470687947163,13030.33186030784,1937.9240717684038,car,0 days 01:15:38.920000
2024-08-31 15:04:37.169,0 days 01:15:39.400000,0 days 00:00:27.326000,11207,246,6,67,False,8,car,1455.4927777777768,0.2577007527498077,569.392003660363,13268.034106190174,1938.0036884177014,car,0 days 01:15:39.400000
2024-08-31 15:04:37.489,0 days 01:15:39.720000,0 days 00:00:27.646000,11345,249,6,67,False,8,car,1477.6261111111103,0.2616195469533563,735.9262239794576,13416.799812104977,1938.0481694670825,car,0 days 01:15:39.720000
2024-08-31 15:04:37.648,0 days 01:15:39.879000,0 days 00:00:27.805000,11405,251,6,67,False,8,car,1488.7119444444436,0.26358233758926775,843.8206555582179,13501.474561767853,1938.4344190701083,car,0 days 01:15:39.879000
2024-08-31 15:04:37.968,0 days 01:15:40.199000,0 days 00:00:28.125000,11516,252,6,67,False,8,car,1511.1119444444437,0.2675483461808109,1011.6443007132602,13625.403921095221,1939.6399036522084,car,0 days 01:15:40.199000
2024-08-31 15:04:38.209,0 days 01:15:40.440000,0 days 00:00:28.366000,11586,255,6,67,False,8,car,1528.182777777777,0.27057080473727524,1154.5687091912175,13715.529197854657,1939.9969313336685,car,0 days 01:15:40.440000
2024-08-31 15:04:38.609,0 days 01:15:40.840000,0 days 00:00:28.766000,11552,258,6,67,False,8,car,1556.8494444444434,0.2756463514466906,1419.710257458376,13862.221281429247,1941.2514011310977,car,0 days 01:15:40.840000
2024-08-31 15:04:38.889,0 days 01:15:41.120000,0 days 00:00:29.046000,10262,259,7,68,False,8,car,1576.993888888888,0.27921300500644647,1612.5731585943058,13952.140998146855,1943.2526589942654,car,0 days 01:15:41.120000
2024-08-31 15:04:39.169,0 days 01:15:41.400000,0 days 00:00:29.326000,10411,260,7,69,False,8,car,1597.2161111111104,0.2827934294293674,1775.292124648292,14019.507958048345,1944.6786083667357,car,0 days 01:15:41.400000
2024-08-31 15:04:39.369,0 days 01:15:41.600000,0 days 00:00:29.526000,10374,261,7,69,False,8,car,1611.7161111111104,0.2853607117765717,1980.1632427066897,14088.299653056072,1945.80008446709,car,0 days 01:15:41.600000
2024-08-31 15:04:39.529,0 days 01:15:41.760000,0 days 00:00:29.686000,10447,262,7,69,False,8,car,1623.3605555555548,0.2874224067190009,2113.601963982715,14129.539681625287,1946.462784767613,car,0 days 01:15:41.760000
2024-08-31 15:04:39.769,0 days 01:15:42,0 days 00:00:29.926000,10497,263,7,67,False,8,car,1640.8938888888881,0.2905267527296433,2218.477629785314,14154.609267281208,1947.2006467459564,car,0 days 01:15:42
2024-08-31 15:04:40.009,0 days 01:15:42.240000,0 days 00:00:30.166000,10500,264,7,59,False,8,car,1658.4938888888883,0.29364290233728435,2374.9868103142117,14188.923626941005,1949.6229505789404,car,0 days 01:15:42.240000
2024-08-31 15:04:40.249,0 days 01:15:42.480000,0 days 00:00:30.406000,10484,263,7,18,False,8,car,1676.0272222222216,0.29674724834792676,2548.457115789741,14222.608962116268,1951.1029259759187,car,0 days 01:15:42.480000
2024-08-31 15:04:40.449,0 days 01:15:42.680000,0 days 00:00:30.606000,10458,261,7,0,False,8,car,1690.5272222222218,0.2993145306951311,2702.2363082931993,14247.858173932056,1952.2861073641789,car,0 days 01:15:42.680000
2024-08-31 15:04:40.609,0 days 01:15:42.840000,0 days 00:00:30.766000,10128,257,7,0,False,8,car,1701.9494444444438,0.30133688031423145,2878.260224456331,14273.329052182635,1953.569676765705,car,0 days 01:15:42.840000
2024-08-31 15:04:40.809,0 days 01:15:43.040000,0 days 00:00:30.966000,10347,253,7,0,False,8,car,1716.0049999999994,0.30382547201477816,3024.8858050136705,14293.361001526788,1954.8465472300472,car,0 days 01:15:43.040000
2024-08-31 15:04:40.969,0 days 01:15:43.200000,0 days 00:00:31.126000,11268,252,7,0,False,8,car,1727.2049999999995,0.30580847631054975,3081.9146547390947,14299.934196924549,1955.5631278693631,car,0 days 01:15:43.200000
2024-08-31 15:04:41.289,0 days 01:15:43.520000,0 days 00:00:31.446000,11052,246,6,0,False,8,pos,1749.0716666666663,0.3096800561261038,3278.0,14321.0,1957.0,car,0 days 01:15:43.520000
2024-08-31 15:04:41.729,0 days 01:15:43.960000,0 days 00:00:31.886000,10656,238,6,0,False,8,car,1778.160555555555,0.31483035894984385,3592.142633132888,14347.533349823389,1958.716341176479,car,0 days 01:15:43.960000
2024-08-31 15:04:41.929,0 days 01:15:44.160000,0 days 00:00:32.086000,10530,234,6,0,False,8,car,1791.160555555555,0.31713206036457875,3686.7936741756866,14354.954921280258,1959.9891239420217,car,0 days 01:15:44.160000
2024-08-31 15:04:42.329,0 days 01:15:44.560000,0 days 00:00:32.486000,10289,228,6,0,False,8,car,1816.4938888888883,0.32161742722406206,4031.594040245857,14384.930459879348,1962.240717515199,car,0 days 01:15:44.560000
2024-08-31 15:04:42.489,0 days 01:15:44.720000,0 days 00:00:32.646000,10196,227,6,0,False,8,car,1826.5827777777774,0.3234037049031897,4146.852586668867,14394.739634641934,1963.524252658508,car,0 days 01:15:44.720000
2024-08-31 15:04:42.849,0 days 01:15:45.080000,0 days 00:00:33.006000,9898,221,6,0,False,8,car,1848.6827777777773,0.327316597308239,4331.635480877774,14408.689359879478,1964.916707963886,car,0 days 01:15:45.080000
2024-08-31 15:04:43.169,0 days 01:15:45.400000,0 days 00:00:33.326000,9784,216,6,0,False,8,car,1867.8827777777774,0.3307160332438474,4476.637514468963,14418.975989295574,1965.2422881985447,car,0 days 01:15:45.400000
2024-08-31 15:04:43.449,0 days 01:15:45.680000,0 days 00:00:33.606000,9569,212,6,0,False,8,pos,1884.3716666666664,0.3336354562348445,4643.0,14430.0,1966.0,car,0 days 01:15:45.680000
2024-08-31 15:04:43.809,0 days 01:15:46.040000,0 days 00:00:33.966000,10296,207,6,0,False,8,car,1905.0716666666665,0.3373004731029223,4854.244345168525,14442.652399817256,1967.0684106761307,car,0 days 01:15:46.040000
2024-08-31 15:04:44.089,0 days 01:15:46.320000,0 days 00:00:34.246000,10619,205,5,0,False,8,car,1921.016111111111,0.34012350005176384,5000.488796614679,14450.303690831877,1966.9859679180474,car,0 days 01:15:46.320000
2024-08-31 15:04:44.328,0 days 01:15:46.559000,0 days 00:00:34.485000,10414,201,5,0,False,8,car,1934.3602777777776,0.34248613753600415,5192.842451649198,14459.406588839667,1967.0010702620432,car,0 days 01:15:46.559000
2024-08-31 15:04:44.809,0 days 01:15:47.040000,0 days 00:00:34.966000,10135,195,5,0,False,8,car,1960.4144444444444,0.34709913078803534,5458.444854950872,14469.705471337978,1966.999939061515,car,0 days 01:15:47.040000
2024-08-31 15:04:45.009,0 days 01:15:47.240000,0 days 00:00:35.166000,9962,192,5,0,False,8,car,1971.0811111111109,0.3489877063078178,5533.775836698264,14473.087591361545,1967.0003010129963,car,0 days 01:15:47.240000
2024-08-31 15:04:45.449,0 days 01:15:47.680000,0 days 00:00:35.606000,9632,187,5,0,True,8,car,1993.9366666666667,0.353034372812185,5751.880883901597,14482.756341309476,1967.0010483834735,car,0 days 01:15:47.680000
2024-08-31 15:04:45.849,0 days 01:15:48.080000,0 days 00:00:36.006000,10121,175,5,0,True,8,car,2013.381111111111,0.3564770886034551,5952.62774946189,14489.132141340931,1967.055618085295,car,0 days 01:15:48.080000
2024-08-31 15:04:46.289,0 days 01:15:48.520000,0 days 00:00:36.446000,10279,157,4,0,True,8,car,2032.57,0.35987455727289713,6163.697796726134,14496.123098959142,1965.7212845443407,car,0 days 01:15:48.520000
2024-08-31 15:04:46.489,0 days 01:15:48.720000,0 days 00:00:36.646000,10267,147,3,0,True,8,car,2040.7366666666667,0.3613204979052306,6261.096199323341,14500.548573083848,1966.0061972435826,car,0 days 01:15:48.720000
2024-08-31 15:04:46.649,0 days 01:15:48.880000,0 days 00:00:36.806000,9578,138,3,0,True,8,car,2046.87,0.36240642882910545,6328.007351119919,14504.201387100497,1965.7743579160572,car,0 days 01:15:48.880000
2024-08-31 15:04:46.809,0 days 01:15:49.040000,0 days 00:00:36.966000,9130,129,3,0,True,8,car,2052.6033333333335,0.3634215381709886,6383.913880179817,14507.800035658143,1965.242830765243,car,0 days 01:15:49.040000
2024-08-31 15:04:47.049,0 days 01:15:49.280000,0 days 00:00:37.206000,9399,120,3,0,True,8,car,2060.6033333333335,0.36483796981082545,6436.995090107632,14511.763042679395,1964.9313224764524,car,0 days 01:15:49.280000
2024-08-31 15:04:47.209,0 days 01:15:49.440000,0 days 00:00:37.366000,9859,114,2,0,True,8,car,2065.67,0.3657350431827221,6472.334878686729,14517.059668862334,1965.0004939254236,car,0 days 01:15:49.440000
2024-08-31 15:04:47.409,0 days 01:15:49.640000,0 days 00:00:37.566000,9239,107,2,0,True,8,car,2071.6144444444444,0.3667875305817675,6561.179481605616,14534.342666035729,1965.0671092235796,car,0 days 01:15:49.640000
2024-08-31 15:04:47.649,0 days 01:15:49.880000,0 days 00:00:37.806000,8714,102,2,0,True,8,car,2078.414444444444,0.36799149747562876,6616.625892962708,14547.972318258491,1964.4265609933848,car,0 days 01:15:49.880000
2024-08-31 15:04:47.929,0 days 01:15:50.160000,0 days 00:00:38.086000,8089,95,2,0,True,8,car,2085.8033333333333,0.36929972947631146,6661.507093879953,14562.894551372083,1964.0281711144944,car,0 days 01:15:50.160000
2024-08-31 15:04:48.329,0 days 01:15:50.560000,0 days 00:00:38.486000,7662,89,2,0,True,8,car,2095.692222222222,0.3710505963644431,6780.263105180375,14615.271291579276,1962.9644512661646,car,0 days 01:15:50.560000
2024-08-31 15:04:48.569,0 days 01:15:50.800000,0 days 00:00:38.726000,7481,87,2,0,False,8,car,2101.492222222222,0.37207750930332484,6808.325255717339,14633.905260302168,1963.0516281238074,car,0 days 01:15:50.800000
2024-08-31 15:04:48.769,0 days 01:15:51,0 days 00:00:38.926000,7416,84,2,0,False,8,car,2106.1588888888887,0.3729037610932296,6842.215397055896,14661.522116629256,1962.072274102023,car,0 days 01:15:51
2024-08-31 15:04:48.969,0 days 01:15:51.200000,0 days 00:00:39.126000,7257,83,2,0,False,8,car,2110.7699999999995,0.3737201765523022,6871.885283354502,14695.243347157582,1962.6407182453675,car,0 days 01:15:51.200000
2024-08-31 15:04:49.329,0 days 01:15:51.560000,0 days 00:00:39.486000,7118,82,2,0,False,8,car,2118.9699999999993,0.37517201898313496,6911.224432083132,14769.353117943474,1962.124858032044,car,0 days 01:15:51.560000
2024-08-31 15:04:49.529,0 days 01:15:51.760000,0 days 00:00:39.686000,7149,81,2,0,False,8,car,2123.4699999999993,0.37596876178054317,6930.435500953934,14810.718202104945,1962.0957366410698,car,0 days 01:15:51.760000
2024-08-31 15:04:49.689,0 days 01:15:51.920000,0 days 00:00:39.846000,7216,81,2,0,False,8,car,2127.0699999999993,0.37660615601846975,6954.459422652569,14853.253455463233,1961.4175032704945,car,0 days 01:15:51.920000
2024-08-31 15:04:50.009,0 days 01:15:52.240000,0 days 00:00:40.166000,7186,81,2,0,False,8,car,2134.269999999999,0.37788094449432286,6996.984401500516,14914.256616256027,1961.8935195125484,car,0 days 01:15:52.240000
2024-08-31 15:04:50.209,0 days 01:15:52.440000,0 days 00:00:40.366000,6801,80,2,0,False,8,car,2138.7144444444434,0.37866785096089883,7020.117975175587,14935.523510263198,1962.147550604823,car,0 days 01:15:52.440000
2024-08-31 15:04:50.649,0 days 01:15:52.880000,0 days 00:00:40.806000,7170,81,2,15,False,8,car,2148.6144444444435,0.380420685115197,7123.287634575801,15012.831121321762,1961.0895816500786,car,0 days 01:15:52.880000
2024-08-31 15:04:50.809,0 days 01:15:53.040000,0 days 00:00:40.966000,7670,84,2,21,False,8,car,2152.347777777777,0.3810816865471209,7137.431403251168,15021.952258105135,1961.0575978978227,car,0 days 01:15:53.040000
2024-08-31 15:04:51.128,0 days 01:15:53.359000,0 days 00:00:41.285000,8233,89,2,28,False,8,car,2160.2341666666657,0.38247800289040584,7193.765106558094,15049.892796592061,1960.999598858027,car,0 days 01:15:53.359000
2024-08-31 15:04:51.409,0 days 01:15:53.640000,0 days 00:00:41.566000,8762,96,2,32,False,8,car,2167.727499999999,0.38380472719305303,7261.038532260009,15076.955000245096,1961.1346698187667,car,0 days 01:15:53.640000
2024-08-31 15:04:51.609,0 days 01:15:53.840000,0 days 00:00:41.766000,9035,101,2,32,False,8,car,2173.33861111111,0.3847981966071052,7307.826076455987,15093.129905626853,1960.3484579918893,car,0 days 01:15:53.840000
2024-08-31 15:04:51.769,0 days 01:15:54,0 days 00:00:41.926000,9296,103,2,32,False,8,car,2177.916388888888,0.38560871026767857,7374.509323958399,15111.33639778445,1959.3897803352233,car,0 days 01:15:54
2024-08-31 15:04:51.929,0 days 01:15:54.160000,0 days 00:00:42.086000,9720,107,2,34,False,8,car,2182.6719444444434,0.38645070018691485,7445.043752836823,15128.639527488518,1958.7895676424794,car,0 days 01:15:54.160000
2024-08-31 15:04:52.329,0 days 01:15:54.560000,0 days 00:00:42.486000,10554,118,2,40,False,8,car,2195.7830555555543,0.3887720742633141,7545.626980978729,15147.692229824539,1958.944261879487,car,0 days 01:15:54.560000
2024-08-31 15:04:52.569,0 days 01:15:54.800000,0 days 00:00:42.726000,11102,123,2,45,False,8,car,2203.9830555555545,0.3902239166941469,7607.238851566215,15158.52200639335,1958.188750790892,car,0 days 01:15:54.800000
2024-08-31 15:04:52.929,0 days 01:15:55.160000,0 days 00:00:43.086000,9689,133,2,52,False,8,car,2217.2830555555547,0.3925787342953757,7729.029654709369,15180.465766769405,1957.7422871376048,car,0 days 01:15:55.160000
2024-08-31 15:04:53.329,0 days 01:15:55.560000,0 days 00:00:43.486000,10442,144,3,57,False,8,car,2233.2830555555547,0.3954115975750494,7895.3299365248,15217.792078215212,1956.3996320043261,car,0 days 01:15:55.560000
2024-08-31 15:04:53.609,0 days 01:15:55.840000,0 days 00:00:43.766000,11006,152,3,58,False,8,car,2245.105277777777,0.3975047687761416,8045.91892970758,15261.07824352436,1955.2008465086155,car,0 days 01:15:55.840000
2024-08-31 15:04:53.889,0 days 01:15:56.120000,0 days 00:00:44.046000,11468,157,3,62,False,8,car,2257.316388888888,0.39966679429305924,8151.166540021459,15293.127772467778,1955.0471751841933,car,0 days 01:15:56.120000
2024-08-31 15:04:54.129,0 days 01:15:56.360000,0 days 00:00:44.286000,10765,166,3,67,False,8,car,2268.3830555555546,0.4016261913948335,8232.40020716061,15317.373174655426,1955.1295294834495,car,0 days 01:15:56.360000
2024-08-31 15:04:54.289,0 days 01:15:56.520000,0 days 00:00:44.446000,10300,168,4,67,False,8,car,2275.8497222222213,0.4029481942586813,8334.925509435641,15349.03571361281,1954.346193149305,car,0 days 01:15:56.520000
2024-08-31 15:04:54.489,0 days 01:15:56.720000,0 days 00:00:44.646000,10621,170,4,67,False,8,car,2285.294166666666,0.40462037050015537,8417.553862310822,15375.297787255062,1953.3350417421266,car,0 days 01:15:56.720000
2024-08-31 15:04:54.689,0 days 01:15:56.920000,0 days 00:00:44.846000,10872,178,4,68,False,8,car,2295.183055555555,0.406371237388287,8485.99483236562,15398.575353814893,1952.9310152802805,car,0 days 01:15:56.920000
2024-08-31 15:04:55.049,0 days 01:15:57.280000,0 days 00:00:45.206000,11461,188,4,70,False,8,car,2313.983055555555,0.4096998517419036,8655.882216750646,15461.420430776176,1953.1237383486314,car,0 days 01:15:57.280000
2024-08-31 15:04:55.369,0 days 01:15:57.600000,0 days 00:00:45.526000,10443,195,4,68,False,8,pos,2331.3163888888885,0.41276878696155017,8862.0,15541.0,1952.0,car,0 days 01:15:57.600000
2024-08-31 15:04:55.649,0 days 01:15:57.880000,0 days 00:00:45.806000,10298,198,5,10,False,8,car,2346.716388888888,0.415495417868236,8962.882311605386,15580.895688445598,1951.0731092033213,car,0 days 01:15:57.880000
2024-08-31 15:04:55.849,0 days 01:15:58.080000,0 days 00:00:46.006000,10270,196,5,0,False,8,car,2357.6052777777772,0.4174233387113473,9115.343488744222,15635.654387179062,1950.2555517353974,car,0 days 01:15:58.080000
2024-08-31 15:04:56.129,0 days 01:15:58.360000,0 days 00:00:46.286000,9996,192,5,0,False,8,car,2372.5386111111106,0.42006734443904276,9301.099581525797,15699.597552024252,1949.7777690760313,car,0 days 01:15:58.360000
2024-08-31 15:04:56.289,0 days 01:15:58.520000,0 days 00:00:46.446000,9798,191,5,0,False,8,car,2381.0274999999992,0.4215703357902029,9366.839066788023,15721.01116420083,1949.9075500765634,car,0 days 01:15:58.520000
2024-08-31 15:04:56.489,0 days 01:15:58.720000,0 days 00:00:46.646000,9740,189,5,0,False,8,car,2391.5274999999992,0.42342940231748877,9427.221534517876,15741.218717417667,1950.0980728653292,car,0 days 01:15:58.720000
2024-08-31 15:04:56.689,0 days 01:15:58.920000,0 days 00:00:46.846000,9703,187,5,0,False,8,car,2401.916388888888,0.4252687961831102,9487.026146977065,15761.723154890593,1949.9339134311472,car,0 days 01:15:58.920000
2024-08-31 15:04:57.049,0 days 01:15:59.280000,0 days 00:00:47.206000,9490,183,5,0,False,8,car,2420.216388888888,0.42850888355923705,9665.718819047164,15818.241967368955,1949.3779464622198,car,0 days 01:15:59.280000
2024-08-31 15:04:57.329,0 days 01:15:59.560000,0 days 00:00:47.486000,10389,179,5,0,True,8,car,2434.13861111111,0.4309738680657864,9802.312234032404,15856.618216033412,1943.4281903656797,car,0 days 01:15:59.560000
2024-08-31 15:04:57.649,0 days 01:15:59.880000,0 days 00:00:47.806000,10467,175,4,0,False,8,car,2449.6941666666658,0.4337280406988025,9990.136326256825,15882.600531643235,1944.126048514002,car,0 days 01:15:59.880000
2024-08-31 15:04:57.849,0 days 01:16:00.080000,0 days 00:00:48.006000,10359,173,4,0,False,8,car,2459.305277777777,0.4354297259327732,10058.424222091759,15884.011572362078,1942.6845351763536,car,0 days 01:16:00.080000
2024-08-31 15:04:58.209,0 days 01:16:00.440000,0 days 00:00:48.366000,10084,168,4,0,False,8,car,2476.1052777777772,0.4384042323764306,10194.193961133036,15869.26168648718,1941.0880507011457,car,0 days 01:16:00.440000
2024-08-31 15:04:58.369,0 days 01:16:00.600000,0 days 00:00:48.526000,9939,167,4,0,False,8,car,2483.5274999999997,0.4397183661756126,10266.548737372595,15853.242936686174,1941.0967804905179,car,0 days 01:16:00.600000
2024-08-31 15:04:58.609,0 days 01:16:00.840000,0 days 00:00:48.766000,9807,164,4,0,False,8,car,2494.4608333333326,0.44165415608338954,10408.228133063874,15798.31512539116,1938.6254920509098,car,0 days 01:16:00.840000
2024-08-31 15:04:58.809,0 days 01:16:01.040000,0 days 00:00:48.966000,9622,161,4,0,False,8,car,2503.405277777777,0.4432378053473738,10474.067385669565,15765.880944255849,1937.8014294182235,car,0 days 01:16:01.040000
2024-08-31 15:04:59.049,0 days 01:16:01.280000,0 days 00:00:49.206000,9537,159,4,0,False,8,car,2514.005277777777,0.4451145772701576,10537.971569333731,15720.570919909636,1938.105251915376,car,0 days 01:16:01.280000
2024-08-31 15:04:59.209,0 days 01:16:01.440000,0 days 00:00:49.366000,9612,156,4,11,False,8,car,2520.9386111111103,0.4463421513580162,10596.692758591376,15674.31290585145,1937.892096251519,car,0 days 01:16:01.440000
2024-08-31 15:04:59.529,0 days 01:16:01.760000,0 days 00:00:49.686000,9472,156,4,28,False,8,car,2534.805277777777,0.44879729953373343,10689.883368784354,15574.233921892377,1937.002028676066,car,0 days 01:16:01.760000
2024-08-31 15:04:59.929,0 days 01:16:02.160000,0 days 00:00:50.086000,9747,159,4,43,False,8,car,2552.4719444444436,0.4519252527383731,10784.169555242072,15425.690356030327,1936.1034914042868,car,0 days 01:16:02.160000
2024-08-31 15:05:00.929,0 days 01:16:03.160000,0 days 00:00:51.086000,10537,173,4,51,False,8,car,2600.5274999999992,0.4604336789082264,10910.26281383083,14983.674547902612,1936.5296513465935,car,0 days 01:16:03.160000
2024-08-31 15:05:01.209,0 days 01:16:03.440000,0 days 00:00:51.366000,10762,177,4,51,False,8,car,2614.294166666666,0.46287112168844563,10927.836457074884,14847.769628174981,1935.1143877737056,car,0 days 01:16:03.440000
2024-08-31 15:05:01.449,0 days 01:16:03.680000,0 days 00:00:51.606000,10916,180,4,47,False,8,car,2626.294166666666,0.4649957691482009,10940.556643903903,14722.380911353344,1934.9217912715203,car,0 days 01:16:03.680000
2024-08-31 15:05:01.729,0 days 01:16:03.960000,0 days 00:00:51.886000,11081,183,4,32,False,8,car,2640.5274999999997,0.4675158371074107,10958.709314603084,14517.158114636637,1933.6785258776108,car,0 days 01:16:03.960000
2024-08-31 15:05:01.969,0 days 01:16:04.200000,0 days 00:00:52.126000,11045,183,4,19,False,8,car,2652.7274999999995,0.46967589535816184,10963.163629448543,14457.500188725828,1933.0764670823298,car,0 days 01:16:04.200000
2024-08-31 15:05:02.249,0 days 01:16:04.480000,0 days 00:00:52.406000,10924,182,4,0,False,8,car,2666.883055555555,0.4721821924542065,10971.241984599725,14325.520362381005,1933.004201475428,car,0 days 01:16:04.480000
2024-08-31 15:05:02.449,0 days 01:16:04.680000,0 days 00:00:52.606000,10696,179,4,0,False,8,car,2676.8275,0.4739428956731704,10977.154766419395,14229.25921166473,1933.0022996583234,car,0 days 01:16:04.680000
2024-08-31 15:05:02.689,0 days 01:16:04.920000,0 days 00:00:52.846000,10589,177,4,0,False,8,car,2688.6274999999996,0.4760321323419297,10986.841395754891,14092.61640320343,1932.9992633420159,car,0 days 01:16:04.920000
2024-08-31 15:05:02.889,0 days 01:16:05.120000,0 days 00:00:53.046000,10453,175,4,0,False,8,car,2698.3497222222218,0.47775349023756475,10993.737251705566,13999.434981809452,1933.0018221955875,car,0 days 01:16:05.120000
2024-08-31 15:05:03.369,0 days 01:16:05.600000,0 days 00:00:53.526000,10248,170,4,0,False,8,car,2721.0163888888887,0.4817667132171025,11014.109900894367,13756.108591934728,1933.0148353088712,car,0 days 01:16:05.600000
2024-08-31 15:05:03.529,0 days 01:16:05.760000,0 days 00:00:53.686000,10007,168,4,0,False,8,car,2728.4830555555554,0.4830887160809503,11022.900284402922,13665.762374832859,1933.1213903894607,car,0 days 01:16:05.760000
2024-08-31 15:05:03.689,0 days 01:16:05.920000,0 days 00:00:53.846000,9974,167,4,0,False,8,car,2735.9052777777774,0.48440284988013216,11030.538303875739,13590.440317944933,1933.0725657715407,car,0 days 01:16:05.920000
2024-08-31 15:05:03.929,0 days 01:16:06.160000,0 days 00:00:54.086000,9915,164,4,0,False,8,car,2746.838611111111,0.4863386397879092,11036.793807965094,13528.283570260774,1932.3031199810591,car,0 days 01:16:06.160000
2024-08-31 15:05:04.089,0 days 01:16:06.320000,0 days 00:00:54.246000,9733,163,4,0,True,8,car,2754.0830555555553,0.4876212973284281,11041.399202912808,13478.660229560528,1931.9630984771643,car,0 days 01:16:06.320000
2024-08-31 15:05:04.409,0 days 01:16:06.640000,0 days 00:00:54.566000,9418,157,4,0,True,8,car,2768.038611111111,0.4900921836334769,11054.160084793344,13334.417627441468,1931.92581486001,car,0 days 01:16:06.640000
2024-08-31 15:05:04.729,0 days 01:16:06.960000,0 days 00:00:54.886000,9121,152,4,0,True,8,car,2781.549722222222,0.492484379291868,11064.22336493713,13197.085005949508,1932.8903130599535,car,0 days 01:16:06.960000
2024-08-31 15:05:05.009,0 days 01:16:07.240000,0 days 00:00:55.166000,8838,148,4,0,True,8,pos,2793.060833333333,0.49452246704029984,11067.0,13080.0,1933.0,car,0 days 01:16:07.240000
2024-08-31 15:05:05.289,0 days 01:16:07.520000,0 days 00:00:55.446000,8714,145,4,0,True,8,car,2804.338611111111,0.49651924219923654,11060.60122134467,12948.1599262322,1930.5328293170774,car,0 days 01:16:07.520000
2024-08-31 15:05:05.529,0 days 01:16:07.760000,0 days 00:00:55.686000,8457,141,4,0,True,8,car,2813.738611111111,0.49818354937604487,11047.607537063384,12837.964331738262,1927.868910135619,car,0 days 01:16:07.760000
2024-08-31 15:05:05.849,0 days 01:16:08.080000,0 days 00:00:56.006000,8221,136,4,0,True,8,pos,2825.8275,0.5003239349651316,11020.0,12758.0,1928.0,car,0 days 01:16:08.080000
2024-08-31 15:05:06.049,0 days 01:16:08.280000,0 days 00:00:56.206000,9341,136,4,0,False,8,car,2833.3830555555555,0.5016616759583109,10971.405576387326,12651.940332799393,1927.9735055705091,car,0 days 01:16:08.280000
2024-08-31 15:05:06.209,0 days 01:16:08.440000,0 days 00:00:56.366000,9385,132,3,0,False,8,car,2839.249722222222,0.5027003924941912,10936.980465133209,12595.73253769147,1927.7549943427452,car,0 days 01:16:08.440000
2024-08-31 15:05:06.409,0 days 01:16:08.640000,0 days 00:00:56.566000,9334,129,3,10,False,8,car,2846.416388888889,0.5039692791715451,10899.909798834557,12552.646369204062,1927.8418203009346,car,0 days 01:16:08.640000
2024-08-31 15:05:06.569,0 days 01:16:08.800000,0 days 00:00:56.726000,9441,130,3,12,False,8,car,2852.1941666666667,0.504992257578094,10872.210646537409,12522.761188900036,1928.7870370117982,car,0 days 01:16:08.800000
2024-08-31 15:05:06.889,0 days 01:16:09.120000,0 days 00:00:57.046000,9342,131,3,23,False,8,car,2863.8386111111113,0.5070539525205232,10798.416372440328,12456.026015560039,1930.1183584752494,car,0 days 01:16:09.120000
2024-08-31 15:05:07.169,0 days 01:16:09.400000,0 days 00:00:57.326000,9664,133,3,29,False,8,car,2874.1830555555557,0.5088854773214788,10721.724033194134,12398.11070144393,1930.1482376188435,car,0 days 01:16:09.400000
2024-08-31 15:05:07.489,0 days 01:16:09.720000,0 days 00:00:57.646000,9821,137,3,32,False,8,car,2886.3608333333336,0.5110416010398972,10568.820360114038,12306.688342292071,1928.8930776966827,car,0 days 01:16:09.720000
2024-08-31 15:05:07.689,0 days 01:16:09.920000,0 days 00:00:57.846000,10090,140,3,39,False,8,car,2894.1386111111115,0.5124186873564053,10521.528839712137,12280.336859306115,1928.3385590526136,car,0 days 01:16:09.920000
2024-08-31 15:05:08.049,0 days 01:16:10.280000,0 days 00:00:58.206000,10580,146,3,45,False,8,car,2908.738611111112,0.5150036750991076,10420.446914202344,12229.373154362196,1927.1263163818721,car,0 days 01:16:10.280000
2024-08-31 15:05:08.329,0 days 01:16:10.560000,0 days 00:00:58.486000,11010,152,3,52,False,8,car,2920.560833333334,0.5170968463001997,10288.767660659656,12162.877973481307,1926.9774724560036,car,0 days 01:16:10.560000
2024-08-31 15:05:08.489,0 days 01:16:10.720000,0 days 00:00:58.646000,11179,155,3,53,False,8,car,2927.449722222223,0.5183165513233926,10237.878744024574,12137.777278102314,1926.5061982016525,car,0 days 01:16:10.720000
2024-08-31 15:05:08.769,0 days 01:16:11,0 days 00:00:58.926000,11203,162,3,55,False,8,car,2940.049722222223,0.5205474311561357,10143.941035431837,12090.535921305802,1925.6243064060118,car,0 days 01:16:11
2024-08-31 15:05:08.929,0 days 01:16:11.160000,0 days 00:00:59.086000,10223,166,4,56,False,8,car,2947.4275000000007,0.5218536958906519,10076.709439266777,12055.745736248691,1925.1711322767947,car,0 days 01:16:11.160000
2024-08-31 15:05:09.089,0 days 01:16:11.320000,0 days 00:00:59.246000,10274,168,4,56,False,8,car,2954.8941666666674,0.5231756987544995,10010.242265340368,12020.717381537645,1924.3506176903568,car,0 days 01:16:11.320000
2024-08-31 15:05:09.289,0 days 01:16:11.520000,0 days 00:00:59.446000,10520,172,4,56,False,8,car,2964.4497222222226,0.524867547657638,9926.608426717836,11975.955245398867,1923.8151131792426,car,0 days 01:16:11.520000
2024-08-31 15:05:09.569,0 days 01:16:11.800000,0 days 00:00:59.726000,10870,178,4,56,False,8,car,2978.294166666667,0.5273187613010223,9805.766854076923,11910.760730226511,1924.9332789169384,car,0 days 01:16:11.800000
2024-08-31 15:05:09.809,0 days 01:16:12.040000,0 days 00:00:59.966000,11183,180,4,56,False,8,pos,2990.294166666667,0.5294434087607776,9700.0,11853.0,1925.0,car,0 days 01:16:12.040000
2024-08-31 15:05:10.169,0 days 01:16:12.400000,0 days 00:01:00.326000,11421,189,4,57,False,8,pos,3009.194166666667,0.5327897285098921,9505.0,11749.0,1925.0,car,0 days 01:16:12.400000
2024-08-31 15:05:10.409,0 days 01:16:12.640000,0 days 00:01:00.566000,11771,194,4,57,False,8,car,3022.1275000000005,0.5350796263276284,9376.432461909812,11679.512270895302,1924.632468264861,car,0 days 01:16:12.640000
2024-08-31 15:05:10.569,0 days 01:16:12.800000,0 days 00:01:00.726000,11914,196,4,57,False,8,car,3030.8386111111113,0.5366219630021173,9269.910705267388,11621.03036150554,1924.0182981754845,car,0 days 01:16:12.800000
2024-08-31 15:05:10.970,0 days 01:16:13.201000,0 days 00:01:01.127000,11690,200,4,49,False,8,car,3053.116388888889,0.5405663316658297,9122.787220071308,11537.53006896807,1925.0320704132123,car,0 days 01:16:13.201000
2024-08-31 15:05:11.209,0 days 01:16:13.440000,0 days 00:01:01.366000,10850,202,5,38,False,8,pos,3066.5269444444443,0.5429407235654145,9008.0,11471.0,1924.0,car,0 days 01:16:13.440000
2024-08-31 15:05:11.529,0 days 01:16:13.760000,0 days 00:01:01.686000,10641,204,5,43,False,8,car,3084.6602777777775,0.5461513019490446,8860.199562670343,11386.466105248835,1924.6104233132107,car,0 days 01:16:13.760000
2024-08-31 15:05:11.769,0 days 01:16:14,0 days 00:01:01.926000,10689,205,5,46,False,8,car,3098.3269444444445,0.5485710393337659,8699.921207414822,11296.082664454054,1925.0402489169176,car,0 days 01:16:14
2024-08-31 15:05:11.929,0 days 01:16:14.160000,0 days 00:01:02.086000,10762,206,5,48,False,8,car,3107.4825,0.5501920666549125,8604.98892503057,11243.180526659216,1924.9804211512946,car,0 days 01:16:14.160000
2024-08-31 15:05:12.249,0 days 01:16:14.480000,0 days 00:01:02.406000,10852,208,5,50,False,8,car,3125.971388888889,0.5534655975558688,8493.804507277586,11180.598135758815,1925.0050660650227,car,0 days 01:16:14.480000
2024-08-31 15:05:12.649,0 days 01:16:14.880000,0 days 00:01:02.806000,11028,211,5,51,False,8,car,3149.4158333333335,0.5576165291670573,8273.82331628901,11056.455830848481,1925.2297672749146,car,0 days 01:16:14.880000
2024-08-31 15:05:12.809,0 days 01:16:15.040000,0 days 00:01:02.966000,11082,212,5,53,False,8,car,3158.838055555556,0.5592847708761985,8150.511108425289,10986.125578943147,1925.9219500255076,car,0 days 01:16:15.040000
2024-08-31 15:05:13.009,0 days 01:16:15.240000,0 days 00:01:03.166000,11171,213,5,55,False,8,car,3170.671388888889,0.5613799093434572,8059.861408013023,10934.657616039796,1926.5737682502363,car,0 days 01:16:15.240000
2024-08-31 15:05:13.169,0 days 01:16:15.400000,0 days 00:01:03.326000,11197,215,5,57,False,8,car,3180.2269444444446,0.5630717582465956,8015.7175058023495,10909.303096577562,1926.5099847459346,car,0 days 01:16:15.400000
2024-08-31 15:05:13.369,0 days 01:16:15.600000,0 days 00:01:03.526000,11306,216,5,58,False,8,car,3192.2269444444446,0.5651964057063509,7920.468817931444,10852.681217682144,1924.9984464399695,car,0 days 01:16:15.600000
2024-08-31 15:05:13.649,0 days 01:16:15.880000,0 days 00:01:03.806000,11442,219,5,59,False,8,car,3209.2602777777774,0.5682122247395034,7776.512923509576,10764.693533046588,1928.001201178538,car,0 days 01:16:15.880000
2024-08-31 15:05:13.849,0 days 01:16:16.080000,0 days 00:01:04.006000,11558,220,5,59,False,8,car,3221.4824999999996,0.5703762175225875,7667.7332818156165,10693.72895730047,1926.8212805967735,car,0 days 01:16:16.080000
2024-08-31 15:05:14.129,0 days 01:16:16.360000,0 days 00:01:04.286000,11760,224,5,60,False,8,car,3238.904722222222,0.5734608908715656,7471.827739137492,10558.863765554344,1927.0576118639974,car,0 days 01:16:16.360000
2024-08-31 15:05:14.409,0 days 01:16:16.640000,0 days 00:01:04.566000,10325,227,5,60,False,8,car,3256.5602777777776,0.5765868768100388,7387.406387895852,10494.999925821328,1926.9764305414456,car,0 days 01:16:16.640000
2024-08-31 15:05:14.649,0 days 01:16:16.880000,0 days 00:01:04.806000,10426,229,6,61,False,8,car,3271.826944444444,0.5792899005227274,7268.011594967588,10399.258575796805,1926.4187613809938,car,0 days 01:16:16.880000
2024-08-31 15:05:14.929,0 days 01:16:17.160000,0 days 00:01:05.086000,10551,232,6,62,False,8,car,3289.8713888888888,0.5824847407770262,7126.275815886821,10282.679177728223,1924.3715697661244,car,0 days 01:16:17.160000
2024-08-31 15:05:15.089,0 days 01:16:17.320000,0 days 00:01:05.246000,10604,233,6,62,False,8,car,3300.226944444444,0.5843182328441482,7049.540944880053,10221.070805868783,1922.8206033199226,car,0 days 01:16:17.320000
2024-08-31 15:05:15.369,0 days 01:16:17.600000,0 days 00:01:05.526000,10726,236,6,62,False,8,car,3318.5825,0.5875681565511073,6862.332169870592,10066.461704676009,1917.609091431435,car,0 days 01:16:17.600000
2024-08-31 15:05:15.649,0 days 01:16:17.880000,0 days 00:01:05.806000,10871,238,6,62,False,8,car,3337.0936111111114,0.5908456219843965,6698.921151329227,9924.689008613717,1913.1612366271809,car,0 days 01:16:17.880000
2024-08-31 15:05:15.849,0 days 01:16:18.080000,0 days 00:01:06.006000,10936,240,6,62,False,8,car,3350.426944444445,0.5932063413841245,6621.983903293002,9857.236773673943,1911.0535436341534,car,0 days 01:16:18.080000
2024-08-31 15:05:16.089,0 days 01:16:18.320000,0 days 00:01:06.246000,10979,242,6,62,False,8,car,3366.560277777778,0.5960628118577955,6546.942942376213,9791.998928754063,1908.7377790397998,car,0 days 01:16:18.320000
2024-08-31 15:05:16.329,0 days 01:16:18.560000,0 days 00:01:06.486000,11038,244,6,48,False,8,car,3382.8269444444454,0.5989428895254639,6424.832377482691,9685.863624434374,1904.7130284408042,car,0 days 01:16:18.560000
2024-08-31 15:05:16.569,0 days 01:16:18.800000,0 days 00:01:06.726000,10956,244,6,13,False,8,car,3399.093611111112,0.6018229671931321,6282.929185949494,9562.309356891124,1900.4616269410355,car,0 days 01:16:18.800000
2024-08-31 15:05:16.729,0 days 01:16:18.960000,0 days 00:01:06.886000,10706,240,6,0,False,8,car,3409.7602777777784,0.6037115427129145,6199.268076705041,9489.311573539399,1897.4914869150307,car,0 days 01:16:18.960000
2024-08-31 15:05:16.929,0 days 01:16:19.160000,0 days 00:01:07.086000,10582,237,6,0,False,8,car,3422.9269444444453,0.6060427531201461,6114.061402539043,9414.839238261595,1893.822806133317,car,0 days 01:16:19.160000
2024-08-31 15:05:17.249,0 days 01:16:19.480000,0 days 00:01:07.406000,10509,233,6,0,False,8,pos,3443.638055555557,0.6097097372543905,5961.0,9282.0,1890.0,car,0 days 01:16:19.480000
2024-08-31 15:05:17.489,0 days 01:16:19.720000,0 days 00:01:07.646000,10458,230,6,0,False,8,car,3458.97138888889,0.6124245645640777,5785.705619503842,9130.450450342734,1884.358661859281,car,0 days 01:16:19.720000
2024-08-31 15:05:17.770,0 days 01:16:20.001000,0 days 00:01:07.927000,10191,226,6,0,False,8,car,3476.611944444446,0.6155478946932263,5716.224856512807,9069.940502302774,1882.6677951784277,car,0 days 01:16:20.001000
2024-08-31 15:05:18.089,0 days 01:16:20.320000,0 days 00:01:08.246000,9951,223,6,0,False,8,car,3496.372222222223,0.6190465300252773,5560.609604291955,8934.254393095081,1878.3972076002474,car,0 days 01:16:20.320000
2024-08-31 15:05:18.369,0 days 01:16:20.600000,0 days 00:01:08.526000,11478,218,6,0,False,8,pos,3513.327777777779,0.6220485781952649,5433.0,8823.0,1876.0,car,0 days 01:16:20.600000
2024-08-31 15:05:18.649,0 days 01:16:20.880000,0 days 00:01:08.806000,10958,213,5,0,False,8,car,3529.8944444444455,0.6249817720494271,5307.977166918481,8714.8303630494,1876.997079209742,car,0 days 01:16:20.880000
2024-08-31 15:05:18.849,0 days 01:16:21.080000,0 days 00:01:09.006000,11080,212,5,0,False,8,car,3541.6722222222234,0.6270670741858535,5218.578117320931,8637.19736758915,1876.0525978163396,car,0 days 01:16:21.080000
2024-08-31 15:05:19.129,0 days 01:16:21.360000,0 days 00:01:09.286000,10733,207,5,3,False,8,car,3557.7722222222233,0.6299176428610251,5053.821118717966,8493.802804738478,1876.0623595534485,car,0 days 01:16:21.360000
2024-08-31 15:05:19.289,0 days 01:16:21.520000,0 days 00:01:09.446000,10836,206,5,9,False,8,car,3566.927777777779,0.6315386701821718,4967.256254898457,8418.277899540084,1876.4431784810672,car,0 days 01:16:21.520000
2024-08-31 15:05:19.769,0 days 01:16:22,0 days 00:01:09.926000,10581,204,5,31,False,8,car,3594.127777777779,0.6363545377576171,4808.60170179952,8280.31699931395,1878.523960427906,car,0 days 01:16:22
2024-08-31 15:05:20.049,0 days 01:16:22.280000,0 days 00:01:10.206000,10613,204,5,37,False,8,car,3609.994444444446,0.6391637938432936,4701.868962607261,8188.053621263789,1879.8324579267774,car,0 days 01:16:22.280000
2024-08-31 15:05:20.249,0 days 01:16:22.480000,0 days 00:01:10.406000,10627,205,5,37,False,8,car,3621.383333333335,0.6411802416638946,4614.326454509651,8111.3818470385,1883.4124036253156,car,0 days 01:16:22.480000
2024-08-31 15:05:20.489,0 days 01:16:22.720000,0 days 00:01:10.646000,10635,205,5,38,False,8,car,3635.0500000000015,0.6435999790486159,4507.728818519343,8019.398860580703,1884.1644040364074,car,0 days 01:16:22.720000
2024-08-31 15:05:20.689,0 days 01:16:22.920000,0 days 00:01:10.846000,10691,205,5,37,False,8,car,3646.4388888888907,0.645616426869217,4369.2427257029985,7899.328920689483,1887.4208969550627,car,0 days 01:16:22.920000
2024-08-31 15:05:20.889,0 days 01:16:23.120000,0 days 00:01:11.046000,10694,206,5,14,False,8,car,3657.8833333333355,0.6476427110206503,4291.17111511488,7831.323614379572,1889.4280737637418,car,0 days 01:16:23.120000
2024-08-31 15:05:21.209,0 days 01:16:23.440000,0 days 00:01:11.366000,10342,201,5,0,False,8,car,3675.750000000002,0.650806075016286,4206.2845147158905,7757.178064014701,1892.4658650759418,car,0 days 01:16:23.440000
2024-08-31 15:05:21.409,0 days 01:16:23.640000,0 days 00:01:11.566000,10227,200,5,0,False,8,car,3686.861111111113,0.652773341182726,4123.668444050708,7685.130741908519,1894.2737324352263,car,0 days 01:16:23.640000
2024-08-31 15:05:21.689,0 days 01:16:23.920000,0 days 00:01:11.846000,10250,196,5,0,False,8,car,3702.1055555555577,0.6554724303630818,4001.53009476193,7579.281214216119,1897.0449648520917,car,0 days 01:16:23.920000
2024-08-31 15:05:22.049,0 days 01:16:24.280000,0 days 00:01:12.206000,9868,191,5,0,False,8,car,3721.2055555555576,0.6588541609031923,3856.0591425619823,7452.8423763090705,1896.0800159635148,car,0 days 01:16:24.280000
2024-08-31 15:05:22.249,0 days 01:16:24.480000,0 days 00:01:12.406000,9812,189,5,0,False,8,car,3731.7055555555576,0.6607132274304781,3780.936607028789,7386.949405358573,1898.0905320361785,car,0 days 01:16:24.480000
2024-08-31 15:05:22.409,0 days 01:16:24.640000,0 days 00:01:12.566000,9628,187,5,0,False,8,car,3740.0166666666687,0.6621847425229753,3717.6651803249015,7332.081404127495,1902.452335845044,car,0 days 01:16:24.640000
2024-08-31 15:05:22.649,0 days 01:16:24.880000,0 days 00:01:12.806000,9579,185,5,0,False,8,car,3752.3500000000017,0.6643684079677237,3624.3881494859743,7251.582746829641,1902.2175233917656,car,0 days 01:16:24.880000
2024-08-31 15:05:22.889,0 days 01:16:25.120000,0 days 00:01:13.046000,9513,182,5,0,False,8,car,3764.4833333333354,0.6665166626214762,3531.089486419604,7169.725640587656,1903.666976632025,car,0 days 01:16:25.120000
2024-08-31 15:05:23.209,0 days 01:16:25.440000,0 days 00:01:13.366000,9243,179,5,0,False,8,car,3780.394444444446,0.6693337877718184,3413.1763161052527,7067.773364391418,1905.9316071420255,car,0 days 01:16:25.440000
2024-08-31 15:05:23.369,0 days 01:16:25.600000,0 days 00:01:13.526000,9192,178,5,0,False,8,car,3788.305555555557,0.6707344812823237,3308.5149177871263,6976.566291060765,1905.970288880611,car,0 days 01:16:25.600000
2024-08-31 15:05:23.689,0 days 01:16:25.920000,0 days 00:01:13.846000,9037,174,5,0,False,8,car,3803.772222222224,0.6734729157860083,3221.493924836673,6900.928607231784,1907.699229436205,car,0 days 01:16:25.920000
2024-08-31 15:05:23.889,0 days 01:16:26.120000,0 days 00:01:14.046000,8933,171,5,0,True,8,car,3813.272222222224,0.6751549283583146,3163.3306488662843,6851.220932730653,1907.9872859586803,car,0 days 01:16:26.120000
2024-08-31 15:05:24.049,0 days 01:16:26.280000,0 days 00:01:14.206000,8700,168,5,0,True,8,car,3820.738888888891,0.6764769312221623,3103.3337987737686,6798.8656429288485,1908.1846926750645,car,0 days 01:16:26.280000
2024-08-31 15:05:24.330,0 days 01:16:26.561000,0 days 00:01:14.487000,8484,165,5,0,True,8,car,3833.618055555557,0.678757238617337,3007.313464356177,6713.648392397549,1909.0204638604469,car,0 days 01:16:26.561000
2024-08-31 15:05:24.490,0 days 01:16:26.721000,0 days 00:01:14.647000,8264,160,5,0,True,8,car,3840.729166666669,0.6800162889638588,2953.3668778043057,6666.1466719915325,1908.9750669164837,car,0 days 01:16:26.721000
2024-08-31 15:05:24.769,0 days 01:16:27,0 days 00:01:14.926000,9852,153,4,0,True,8,car,3852.586666666669,0.6821157062350295,2864.1088280993754,6584.8499866510065,1909.0028450652878,car,0 days 01:16:27
2024-08-31 15:05:25.169,0 days 01:16:27.400000,0 days 00:01:15.326000,10056,143,3,0,True,8,pos,3868.4755555555575,0.6849288968530388,2748.0,6471.0,1909.0,car,0 days 01:16:27.400000
2024-08-31 15:05:25.329,0 days 01:16:27.560000,0 days 00:01:15.486000,9822,139,3,0,True,8,car,3874.653333333336,0.6860226968415796,2708.286952092072,6429.790051369417,1908.9893319278508,car,0 days 01:16:27.560000
2024-08-31 15:05:25.489,0 days 01:16:27.720000,0 days 00:01:15.646000,9717,137,3,0,True,8,car,3880.742222222225,0.6871007587007887,2658.0453320641436,6362.58225835224,1909.0655175339618,car,0 days 01:16:27.720000
2024-08-31 15:05:25.649,0 days 01:16:27.880000,0 days 00:01:15.806000,9650,135,3,0,False,8,car,3886.742222222225,0.6881630824306664,2621.2845292546376,6308.735873250533,1908.632655044741,car,0 days 01:16:27.880000
2024-08-31 15:05:26.009,0 days 01:16:28.240000,0 days 00:01:16.166000,9301,132,3,0,False,8,car,3899.9422222222247,0.6905001946363971,2590.0181763661344,6238.431941097599,1906.8851477137373,car,0 days 01:16:28.240000
2024-08-31 15:05:26.289,0 days 01:16:28.520000,0 days 00:01:16.446000,9219,131,3,0,False,8,car,3910.1311111111136,0.6923041777110226,2561.5315742099388,6140.532919600597,1907.0769319120775,car,0 days 01:16:28.520000
2024-08-31 15:05:26.609,0 days 01:16:28.840000,0 days 00:01:16.766000,9286,128,3,16,False,8,car,3921.5088888888918,0.6943186582654574,2547.978896532766,6001.634476039692,1906.000361395166,car,0 days 01:16:28.840000
2024-08-31 15:05:26.769,0 days 01:16:29,0 days 00:01:16.926000,9179,129,3,18,False,8,car,3927.242222222225,0.6953337676073403,2546.2531510575795,5956.265956955611,1906.7037055314504,car,0 days 01:16:29
2024-08-31 15:05:27.249,0 days 01:16:29.480000,0 days 00:01:17.406000,9601,133,3,30,False,8,car,3944.9755555555585,0.6984735244089788,2546.0685410739297,5789.58068801493,1906.0109927658625,car,0 days 01:16:29.480000
2024-08-31 15:05:27.409,0 days 01:16:29.640000,0 days 00:01:17.566000,9771,135,3,30,False,8,car,3950.9755555555585,0.6995358481388564,2545.773373774359,5730.048373078341,1905.7956087521188,car,0 days 01:16:29.640000
2024-08-31 15:05:27.569,0 days 01:16:29.800000,0 days 00:01:17.726000,9896,137,3,30,False,8,car,3957.0644444444474,0.7006139099980656,2544.5830160355354,5669.263706567258,1905.093104140104,car,0 days 01:16:29.800000
2024-08-31 15:05:27.729,0 days 01:16:29.960000,0 days 00:01:17.886000,9991,140,3,30,False,8,car,3963.2866666666696,0.701715579051272,2541.526211855133,5608.087646749972,1904.9676031089712,car,0 days 01:16:29.960000
2024-08-31 15:05:28.009,0 days 01:16:30.240000,0 days 00:01:18.166000,10313,143,3,30,False,8,car,3974.408888888892,0.7036848124838785,2531.999881809576,5499.2632569173065,1904.9423588355426,car,0 days 01:16:30.240000
2024-08-31 15:05:28.169,0 days 01:16:30.400000,0 days 00:01:18.326000,10331,144,3,30,False,8,car,3980.8088888888915,0.704817957795748,2521.308231791444,5436.100768828525,1904.4450329458011,car,0 days 01:16:30.400000
2024-08-31 15:05:28.409,0 days 01:16:30.640000,0 days 00:01:18.566000,10576,147,3,30,False,8,car,3990.6088888888917,0.7065530865545481,2497.9402119042734,5342.2096926501345,1902.882110036705,car,0 days 01:16:30.640000
2024-08-31 15:05:28.689,0 days 01:16:30.920000,0 days 00:01:18.846000,10707,148,3,30,False,8,car,4002.1200000000026,0.7085911743029799,2439.886099467093,5180.82329779333,1901.936333947945,car,0 days 01:16:30.920000
2024-08-31 15:05:29.089,0 days 01:16:31.320000,0 days 00:01:19.246000,11068,153,3,35,False,8,car,4019.120000000002,0.7116010915376332,2392.8692995636843,5085.187146212966,1900.9951835473448,car,0 days 01:16:31.320000
2024-08-31 15:05:29.529,0 days 01:16:31.760000,0 days 00:01:19.686000,11354,158,3,43,False,8,car,4038.4311111111138,0.7150202001349061,2283.957089585873,4920.294480816696,1899.8103798272496,car,0 days 01:16:31.760000
2024-08-31 15:05:29.849,0 days 01:16:32.080000,0 days 00:01:20.006000,10619,163,3,45,False,8,car,4052.9200000000023,0.7175855152159438,2168.27096997833,4787.235845248463,1898.7395833095343,car,0 days 01:16:32.080000
2024-08-31 15:05:30.129,0 days 01:16:32.360000,0 days 00:01:20.286000,10172,167,4,45,False,8,car,4065.9088888888914,0.7198852493645124,2106.5862279890607,4726.725515781412,1899.1060324149587,car,0 days 01:16:32.360000
2024-08-31 15:05:30.289,0 days 01:16:32.520000,0 days 00:01:20.446000,10256,169,4,45,False,8,car,4073.4200000000023,0.7212151212930258,2052.962677491372,4672.754386018188,1899.5009718926883,car,0 days 01:16:32.520000
2024-08-31 15:05:30.449,0 days 01:16:32.680000,0 days 00:01:20.606000,10446,170,4,46,False,8,pos,4080.9755555555575,0.722552862286205,2003.0,4615.0,1898.0,car,0 days 01:16:32.680000
2024-08-31 15:05:30.689,0 days 01:16:32.920000,0 days 00:01:20.846000,10567,173,4,47,False,8,car,4092.5088888888913,0.7245948845669699,1936.635474418901,4524.335813806022,1897.7778374637298,car,0 days 01:16:32.920000
2024-08-31 15:05:31.010,0 days 01:16:33.241000,0 days 00:01:21.167000,10834,178,4,51,False,8,car,4108.380555555558,0.7274050259224212,1865.3362340271585,4389.3954491033755,1898.0166586708037,car,0 days 01:16:33.241000
2024-08-31 15:05:31.369,0 days 01:16:33.600000,0 days 00:01:21.526000,11157,181,4,54,False,8,car,4126.43027777778,0.7306008006281489,1800.2085698262301,4187.589405275528,1897.1263756575834,car,0 days 01:16:33.600000
2024-08-31 15:05:31.529,0 days 01:16:33.760000,0 days 00:01:21.686000,11258,181,4,55,False,8,car,4134.474722222225,0.7320251013326515,1782.1382577811094,4117.0087268512325,1896.9991069675714,car,0 days 01:16:33.760000
2024-08-31 15:05:31.729,0 days 01:16:33.960000,0 days 00:01:21.886000,11466,188,4,56,False,8,car,4144.919166666668,0.733874331529105,1766.944454021133,4039.762763304358,1896.7976535408748,car,0 days 01:16:33.960000
2024-08-31 15:05:32.049,0 days 01:16:34.280000,0 days 00:01:22.206000,11734,191,4,59,False,8,car,4161.8969444444465,0.7368803142314255,1741.4636927855083,3869.2008634473586,1896.1757397015292,car,0 days 01:16:34.280000
2024-08-31 15:05:32.289,0 days 01:16:34.520000,0 days 00:01:22.446000,10474,191,4,59,False,8,car,4174.630277777779,0.7391348012581657,1728.7335122774132,3736.9164269178927,1894.7253042977638,car,0 days 01:16:34.520000
2024-08-31 15:05:32.529,0 days 01:16:34.760000,0 days 00:01:22.686000,10439,199,5,61,False,8,car,4187.8969444444465,0.7414837170608952,1712.2260026488602,3554.7898597119292,1894.219275563736,car,0 days 01:16:34.760000
2024-08-31 15:05:32.769,0 days 01:16:35,0 days 00:01:22.926000,10700,205,5,61,False,8,car,4201.563611111113,0.7439034544456163,1702.707213135361,3445.351184278606,1893.422182427512,car,0 days 01:16:35
2024-08-31 15:05:33.209,0 days 01:16:35.440000,0 days 00:01:23.366000,11026,211,5,61,False,8,car,4227.352500000001,0.7484694792179237,1677.7668216748873,3200.6492013143425,1893.0552037187695,car,0 days 01:16:35.440000
2024-08-31 15:05:33.689,0 days 01:16:35.920000,0 days 00:01:23.846000,11343,217,5,61,False,8,car,4256.285833333334,0.7535922403153336,1649.075390615689,2898.413538167479,1891.0364951935203,car,0 days 01:16:35.920000
2024-08-31 15:05:33.889,0 days 01:16:36.120000,0 days 00:01:24.046000,11449,219,5,61,False,8,car,4268.452500000001,0.7557463967675856,1638.1803931119682,2776.4562781935897,1890.2167662205495,car,0 days 01:16:36.120000
2024-08-31 15:05:34.169,0 days 01:16:36.400000,0 days 00:01:24.326000,11573,222,5,61,False,8,car,4285.719166666667,0.7588035283902332,1623.9293511626456,2620.7159867040527,1889.5264042795768,car,0 days 01:16:36.400000
2024-08-31 15:05:34.449,0 days 01:16:36.680000,0 days 00:01:24.606000,10558,225,5,62,False,8,car,4303.219166666667,0.7619019726023762,1600.6799715210418,2363.4795889589736,1887.1670367087186,car,0 days 01:16:36.680000
2024-08-31 15:05:34.609,0 days 01:16:36.840000,0 days 00:01:24.766000,10341,227,6,64,False,8,car,4313.308055555556,0.763688250281504,1589.1335073889284,2237.406078633918,1886.3152094932223,car,0 days 01:16:36.840000
2024-08-31 15:05:34.969,0 days 01:16:37.200000,0 days 00:01:25.126000,10521,230,6,64,False,8,car,4336.308055555556,0.7677604912460348,1573.8442100101088,2070.2211805895454,1885.482487891421,car,0 days 01:16:37.200000
2024-08-31 15:05:35.289,0 days 01:16:37.520000,0 days 00:01:25.446000,10649,234,6,64,False,8,car,4357.108055555555,0.7714432135096105,1556.9038684674215,1883.2322258094678,1883.7561363698735,car,0 days 01:16:37.520000
2024-08-31 15:05:35.569,0 days 01:16:37.800000,0 days 00:01:25.726000,10773,237,6,64,False,8,car,4375.541388888889,0.7747069080797346,1533.3809624873836,1634.1795594268917,1882.8477734286826,car,0 days 01:16:37.800000
2024-08-31 15:05:35.929,0 days 01:16:38.160000,0 days 00:01:26.086000,10931,239,6,63,False,8,car,4399.4413888888885,0.7789384976037471,1516.6094604362113,1449.6315859591887,1880.8096849440317,car,0 days 01:16:38.160000
2024-08-31 15:05:36.329,0 days 01:16:38.560000,0 days 00:01:26.486000,11044,243,6,62,False,8,car,4426.4413888888885,0.7837189543881965,1493.6914290870047,1195.9988698979025,1879.416064598479,car,0 days 01:16:38.560000
2024-08-31 15:05:36.489,0 days 01:16:38.720000,0 days 00:01:26.646000,11112,244,6,67,False,8,car,4437.285833333332,0.785639006166642,1485.4464308735073,1107.5477882985679,1879.0683877617653,car,0 days 01:16:38.720000
2024-08-31 15:05:36.849,0 days 01:16:39.080000,0 days 00:01:27.006000,11305,248,6,79,False,8,car,4462.085833333333,0.7900299442501362,1458.4293027611989,818.8134347699163,1877.505202541865,car,0 days 01:16:39.080000
2024-08-31 15:05:37.049,0 days 01:16:39.280000,0 days 00:01:27.206000,11474,251,6,81,False,8,car,4476.030277777777,0.7924988632890184,1449.9929081781224,727.4448768195314,1876.9076473511282,car,0 days 01:16:39.280000
2024-08-31 15:05:37.209,0 days 01:16:39.440000,0 days 00:01:27.366000,11550,254,6,84,False,8,car,4487.319166666665,0.7944976057141214,1440.3346884427835,615.720097688168,1876.6543739148156,car,0 days 01:16:39.440000
2024-08-31 15:05:37.490,0 days 01:16:39.721000,0 days 00:01:27.647000,11724,256,6,84,False,8,car,4507.301388888888,0.7980355371878474,1421.6707777594172,413.7300157583036,1874.8547867282684,car,0 days 01:16:39.721000
2024-08-31 15:05:37.770,0 days 01:16:40.001000,0 days 00:01:27.927000,10724,263,6,84,False,8,car,4527.756944444443,0.8016572742002634,1400.672527787647,182.2222474077396,1873.3974786026415,car,0 days 01:16:40.001000
2024-08-31 15:05:37.970,0 days 01:16:40.201000,0 days 00:01:28.127000,10607,263,7,84,False,8,car,4542.368055555554,0.8042442292091321,1380.4124926394625,-35.05960839662533,1872.091093752001,car,0 days 01:16:40.201000
2024-08-31 15:05:38.209,0 days 01:16:40.440000,0 days 00:01:28.366000,10704,268,7,83,False,8,car,4560.160277777776,0.8073944125214525,1369.9367380739436,-142.39450928823004,1871.4173922190785,car,0 days 01:16:40.440000
2024-08-31 15:05:38.489,0 days 01:16:40.720000,0 days 00:01:28.646000,10789,270,7,83,False,8,car,4581.160277777776,0.8111125455760242,1351.0973342228199,-350.3847591842076,1870.457969452045,car,0 days 01:16:40.720000
2024-08-31 15:05:38.769,0 days 01:16:41,0 days 00:01:28.926000,10863,272,7,83,False,8,car,4602.315833333332,0.8148582203569262,1331.8205161014375,-559.9838893046424,1869.4374877428413,car,0 days 01:16:41
2024-08-31 15:05:39.009,0 days 01:16:41.240000,0 days 00:01:29.166000,10975,272,7,83,False,8,car,4620.449166666665,0.8180687987405564,1318.798221993106,-703.4626542717788,1868.5863384992438,car,0 days 01:16:41.240000
2024-08-31 15:05:39.169,0 days 01:16:41.400000,0 days 00:01:29.326000,11000,275,7,83,False,8,car,4632.671388888887,0.8202327915236404,1307.5857931409241,-830.5940250734209,1867.9320869890155,car,0 days 01:16:41.400000
2024-08-31 15:05:39.369,0 days 01:16:41.600000,0 days 00:01:29.526000,11127,277,7,83,False,8,car,4648.060277777776,0.8229574551641597,1293.3477547711434,-983.3141781367161,1867.1554110196598,car,0 days 01:16:41.600000
2024-08-31 15:05:39.569,0 days 01:16:41.800000,0 days 00:01:29.726000,11170,280,7,82,False,8,car,4663.6158333333315,0.8257116277971759,1279.6857695783447,-1131.7603979619457,1865.490759346542,car,0 days 01:16:41.800000
2024-08-31 15:05:39.929,0 days 01:16:42.160000,0 days 00:01:30.086000,11234,281,7,79,False,8,car,4691.715833333332,0.8306868439321029,1245.9219281022006,-1498.2617397904444,1864.1658884576796,car,0 days 01:16:42.160000
2024-08-31 15:05:40.209,0 days 01:16:42.440000,0 days 00:01:30.366000,11234,283,7,77,False,8,car,4713.726944444443,0.8345839982078206,1231.3536482187783,-1657.1389486033893,1864.0593977330054,car,0 days 01:16:42.440000
2024-08-31 15:05:40.529,0 days 01:16:42.760000,0 days 00:01:30.686000,11009,279,7,0,False,8,car,4738.526944444443,0.8389749362913149,1211.8937479701058,-1865.74374269475,1862.6055614808847,car,0 days 01:16:42.760000
2024-08-31 15:05:40.729,0 days 01:16:42.960000,0 days 00:01:30.886000,10935,275,7,0,False,8,car,4753.804722222219,0.8416799272701697,1193.0452073231518,-2070.035657111739,1861.4968901219922,car,0 days 01:16:42.960000
2024-08-31 15:05:40.969,0 days 01:16:43.200000,0 days 00:01:31.126000,10665,271,7,0,False,8,car,4771.871388888887,0.8448787020568014,1174.884911396597,-2267.0902693623866,1860.5832916735772,car,0 days 01:16:43.200000
2024-08-31 15:05:41.249,0 days 01:16:43.480000,0 days 00:01:31.406000,10460,265,7,0,False,8,car,4792.482499999998,0.8485279807955478,1160.8160348869403,-2421.241387353516,1859.6215162780045,car,0 days 01:16:43.480000
2024-08-31 15:05:41.409,0 days 01:16:43.640000,0 days 00:01:31.566000,10269,261,7,0,False,8,car,4804.082499999998,0.8505818066733111,1149.6262360662392,-2543.865594876067,1858.8996014031895,car,0 days 01:16:43.640000
2024-08-31 15:05:41.569,0 days 01:16:43.800000,0 days 00:01:31.726000,10308,261,7,0,False,8,pos,4815.682499999997,0.8526356325510744,1139.0,-2659.0,1858.0,car,0 days 01:16:43.800000
2024-08-31 15:05:41.809,0 days 01:16:44.040000,0 days 00:01:31.966000,10029,256,7,0,False,8,car,4832.749166666664,0.8556573533827263,1123.646894938367,-2829.616848099301,1856.5406072638903,car,0 days 01:16:44.040000
2024-08-31 15:05:42.089,0 days 01:16:44.320000,0 days 00:01:32.246000,9808,251,7,0,False,8,car,4852.271388888886,0.8591138400371615,1104.964769256286,-3025.5545272099876,1856.0793871313642,car,0 days 01:16:44.320000
2024-08-31 15:05:42.249,0 days 01:16:44.480000,0 days 00:01:32.406000,9739,249,7,0,False,8,car,4863.338055555553,0.8610732371389359,1095.1336087844227,-3136.26211361051,1855.6299611563459,car,0 days 01:16:44.480000
2024-08-31 15:05:42.409,0 days 01:16:44.640000,0 days 00:01:32.566000,9607,244,7,0,False,8,car,4874.182499999997,0.8629932889173814,1085.1710613928963,-3246.008744725575,1854.688250815683,car,0 days 01:16:44.640000
2024-08-31 15:05:42.849,0 days 01:16:45.080000,0 days 00:01:33.006000,10179,238,7,0,False,8,car,4903.271388888886,0.8681435917411214,1057.2077301102613,-3550.869604324702,1852.7637842959723,car,0 days 01:16:45.080000
2024-08-31 15:05:43.169,0 days 01:16:45.400000,0 days 00:01:33.326000,10427,233,6,0,False,8,car,4923.982499999996,0.8718105758753656,1032.8107185848858,-3803.7389725838607,1851.619284567413,car,0 days 01:16:45.400000
2024-08-31 15:05:43.409,0 days 01:16:45.640000,0 days 00:01:33.566000,10241,230,6,0,False,8,car,4939.31583333333,0.874525403185053,1023.9315234493115,-3898.3142854171006,1850.9928275043542,car,0 days 01:16:45.640000
2024-08-31 15:05:43.729,0 days 01:16:45.960000,0 days 00:01:33.886000,10020,223,6,0,False,8,car,4959.1380555555525,0.8780350060259821,998.6255908837109,-4141.325757137318,1850.1182252130197,car,0 days 01:16:45.960000
2024-08-31 15:05:44.130,0 days 01:16:46.361000,0 days 00:01:34.287000,11060,218,6,0,False,8,car,4983.420833333331,0.8823343678694285,975.6955205963305,-4359.194460788828,1849.0440250895433,car,0 days 01:16:46.361000
2024-08-31 15:05:44.330,0 days 01:16:46.561000,0 days 00:01:34.487000,11421,215,5,0,True,8,car,4995.365277777774,0.8844491789983515,963.7160677394567,-4461.2289551660415,1848.5148849094887,car,0 days 01:16:46.561000
2024-08-31 15:05:44.490,0 days 01:16:46.721000,0 days 00:01:34.647000,10868,212,5,0,True,8,car,5004.787499999997,0.8861174207074927,951.4468005049047,-4559.690040027366,1847.9605586747343,car,0 days 01:16:46.721000
2024-08-31 15:05:44.969,0 days 01:16:47.200000,0 days 00:01:35.126000,10164,198,5,0,True,8,car,5031.132499999997,0.8907819071514305,905.5066651814213,-4840.354711369879,1847.6145870482796,car,0 days 01:16:47.200000
2024-08-31 15:05:45.329,0 days 01:16:47.560000,0 days 00:01:35.486000,9904,184,5,0,True,8,car,5049.532499999997,0.8940396999230551,866.0296959050451,-5027.875042883901,1846.377019396547,car,0 days 01:16:47.560000
2024-08-31 15:05:45.609,0 days 01:16:47.840000,0 days 00:01:35.766000,10584,178,4,0,True,8,car,5063.3769444444415,0.8964909135664395,835.37537498725,-5130.246023169506,1845.315687322305,car,0 days 01:16:47.840000
2024-08-31 15:05:45.809,0 days 01:16:48.040000,0 days 00:01:35.966000,10382,175,4,0,True,8,car,5073.099166666663,0.8982122714620745,804.043110010609,-5224.422823082587,1844.304725283569,car,0 days 01:16:48.040000
2024-08-31 15:05:46.129,0 days 01:16:48.360000,0 days 00:01:36.286000,10163,169,4,0,False,8,car,5088.121388888886,0.9008720153191015,744.9558086837151,-5361.440645659281,1842.94974676737,car,0 days 01:16:48.360000
2024-08-31 15:05:46.369,0 days 01:16:48.600000,0 days 00:01:36.526000,10027,167,4,0,False,8,car,5099.254722222219,0.9028432160178744,676.2311784551748,-5469.829432898823,1843.0095763260538,car,0 days 01:16:48.600000
2024-08-31 15:05:46.769,0 days 01:16:49,0 days 00:01:36.926000,9745,163,4,0,False,8,car,5117.365833333331,0.9060498598691719,549.9314632511597,-5616.502608196088,1843.1962797805315,car,0 days 01:16:49
2024-08-31 15:05:47.089,0 days 01:16:49.320000,0 days 00:01:37.246000,9455,159,4,0,False,8,car,5131.499166666664,0.9085522224328836,462.871431028351,-5676.346577654943,1842.4065687281657,car,0 days 01:16:49.320000
2024-08-31 15:05:47.449,0 days 01:16:49.680000,0 days 00:01:37.606000,9366,156,4,10,False,8,car,5147.099166666664,0.9113142641305655,312.9626849161457,-5751.876569395963,1842.9307750043797,car,0 days 01:16:49.680000
2024-08-31 15:05:47.649,0 days 01:16:49.880000,0 days 00:01:37.806000,9434,156,4,12,False,8,car,5155.765833333331,0.9128487317403887,240.00296167804595,-5777.196488713575,1843.2046976581732,car,0 days 01:16:49.880000
2024-08-31 15:05:47.849,0 days 01:16:50.080000,0 days 00:01:38.006000,9354,155,4,18,False,8,car,5164.376944444442,0.9143733630193799,156.86283347645445,-5791.910132451685,1843.0088363584496,car,0 days 01:16:50.080000
2024-08-31 15:05:48.169,0 days 01:16:50.400000,0 days 00:01:38.326000,9387,155,4,21,False,8,car,5178.15472222222,0.9168127730657655,-19.52588650170553,-5800.6326743139825,1843.015136857803,car,0 days 01:16:50.400000
2024-08-31 15:05:48.409,0 days 01:16:50.640000,0 days 00:01:38.566000,9526,157,4,26,False,8,car,5188.621388888887,0.9186659377945521,-89.4953982865562,-5793.298173678739,1843.0238728796578,car,0 days 01:16:50.640000
2024-08-31 15:05:48.689,0 days 01:16:50.920000,0 days 00:01:38.846000,9637,158,4,29,False,8,car,5200.910277777776,0.9208417341746349,-222.79106791629755,-5765.634443357254,1842.9252107134157,car,0 days 01:16:50.920000
2024-08-31 15:05:49.129,0 days 01:16:51.360000,0 days 00:01:39.286000,9847,161,4,37,False,8,car,5220.588055555554,0.9243257625554002,-386.5948137749007,-5709.544445078712,1843.9293776942202,car,0 days 01:16:51.360000
2024-08-31 15:05:49.329,0 days 01:16:51.560000,0 days 00:01:39.486000,9949,164,4,39,False,8,car,5229.699166666665,0.9259389208118811,-493.6885457235846,-5657.522431320769,1844.4838200250533,car,0 days 01:16:51.560000
2024-08-31 15:05:49.569,0 days 01:16:51.800000,0 days 00:01:39.726000,10107,166,4,39,False,8,car,5240.765833333332,0.9278983179136554,-619.1667175104499,-5582.215163021114,1844.6647434007689,car,0 days 01:16:51.800000
2024-08-31 15:05:49.929,0 days 01:16:52.160000,0 days 00:01:40.086000,10241,169,4,39,False,8,car,5257.665833333332,0.9308905297528107,-741.9094265358666,-5486.143912668508,1844.8778752231603,car,0 days 01:16:52.160000
2024-08-31 15:05:50.089,0 days 01:16:52.320000,0 days 00:01:40.246000,10328,170,4,39,False,8,car,5265.221388888887,0.9322282707459899,-839.4760864774877,-5393.155092046749,1845.8296376023445,car,0 days 01:16:52.320000
2024-08-31 15:05:50.329,0 days 01:16:52.560000,0 days 00:01:40.486000,10475,172,4,39,False,8,car,5276.6880555555545,0.9342584894297562,-912.0875112886577,-5319.406861955102,1846.1875985927231,car,0 days 01:16:52.560000
2024-08-31 15:05:50.690,0 days 01:16:52.921000,0 days 00:01:40.847000,10652,175,4,39,False,8,car,5294.236666666665,0.9373655404313773,-992.9539520248135,-5215.712802297547,1846.0210567568645,car,0 days 01:16:52.921000
2024-08-31 15:05:50.850,0 days 01:16:53.081000,0 days 00:01:41.007000,10662,177,4,37,False,8,car,5302.103333333332,0.9387583648772169,-1048.142590930937,-5137.501291409026,1846.3658639816153,car,0 days 01:16:53.081000
2024-08-31 15:05:51.170,0 days 01:16:53.401000,0 days 00:01:41.327000,10781,176,4,0,False,8,car,5317.747777777776,0.9415282756395644,-1130.4422644586214,-5007.108918095709,1847.5946401126146,car,0 days 01:16:53.401000
2024-08-31 15:05:51.370,0 days 01:16:53.601000,0 days 00:01:41.527000,10456,174,4,0,False,8,car,5327.414444444443,0.9432397972043673,-1167.3374661135786,-4936.8941035548905,1848.039950371549,car,0 days 01:16:53.601000
2024-08-31 15:05:51.689,0 days 01:16:53.920000,0 days 00:01:41.846000,10280,171,4,0,False,8,car,5342.566944444443,0.9459226072571959,-1233.5182430114544,-4800.265321439247,1848.2537458490133,car,0 days 01:16:53.920000
2024-08-31 15:05:51.889,0 days 01:16:54.120000,0 days 00:01:42.046000,10102,169,4,7,False,8,car,5351.955833333332,0.9475849471678377,-1281.2664176486157,-4683.037778168614,1849.522502240116,car,0 days 01:16:54.120000
2024-08-31 15:05:52.169,0 days 01:16:54.400000,0 days 00:01:42.326000,10339,171,4,45,False,8,car,5365.255833333331,0.9499397647690663,-1328.0106572918771,-4569.400362466821,1850.7463838177382,car,0 days 01:16:54.400000
2024-08-31 15:05:52.649,0 days 01:16:54.880000,0 days 00:01:42.806000,11358,179,4,78,False,8,car,5389.122499999998,0.9541654524945796,-1410.9780282522588,-4265.731484471126,1851.179722902259,car,0 days 01:16:54.880000
2024-08-31 15:05:52.969,0 days 01:16:55.200000,0 days 00:01:43.126000,10270,191,4,78,False,8,car,5406.100277777776,0.9571714351969001,-1420.3856035600395,-4199.548406890406,1852.5002908677397,car,0 days 01:16:55.200000
2024-08-31 15:05:53.169,0 days 01:16:55.400000,0 days 00:01:43.326000,10488,196,5,78,False,8,car,5416.9891666666645,0.9590993560400113,-1448.928161910311,-4038.5497337042857,1853.6176941988883,car,0 days 01:16:55.400000
2024-08-31 15:05:53.569,0 days 01:16:55.800000,0 days 00:01:43.726000,10991,206,5,82,False,8,car,5439.878055555554,0.963151924342878,-1477.1707415347748,-3813.5045506792453,1854.9812006386423,car,0 days 01:16:55.800000
2024-08-31 15:05:53.729,0 days 01:16:55.960000,0 days 00:01:43.886000,11053,213,5,82,False,8,car,5449.34472222222,0.9648280351166848,-1484.6176046101225,-3722.166450519086,1854.9210038905276,car,0 days 01:16:55.960000
2024-08-31 15:05:54.049,0 days 01:16:56.280000,0 days 00:01:44.206000,10875,213,5,2,False,8,car,5468.278055555554,0.9681802566642987,-1493.262288556086,-3533.810232743156,1856.0969028468448,car,0 days 01:16:56.280000
2024-08-31 15:05:54.369,0 days 01:16:56.600000,0 days 00:01:44.526000,10776,211,5,0,False,8,car,5487.033611111109,0.9715010019532495,-1498.4209069013725,-3305.827470189153,1856.570543525007,car,0 days 01:16:56.600000
2024-08-31 15:05:54.569,0 days 01:16:56.800000,0 days 00:01:44.726000,10635,208,5,0,False,8,car,5498.589166666665,0.9735469587663472,-1499.3158370337926,-3173.2233381803057,1857.4303553897887,car,0 days 01:16:56.800000
2024-08-31 15:05:54.809,0 days 01:16:57.040000,0 days 00:01:44.966000,10439,203,5,0,True,8,pos,5512.122499999998,0.9759430889570712,-1499.0,-3092.0,1858.0,car,0 days 01:16:57.040000
2024-08-31 15:05:55.009,0 days 01:16:57.240000,0 days 00:01:45.166000,9950,191,5,0,True,8,car,5522.733611111109,0.9778218281460214,-1499.0903874057583,-2983.1098401976687,1858.901692586008,car,0 days 01:16:57.240000
2024-08-31 15:05:55.329,0 days 01:16:57.560000,0 days 00:01:45.486000,9961,177,5,0,True,8,car,5538.466944444443,0.9806074770377006,-1496.030634344916,-2816.9362581977957,1860.516218080572,car,0 days 01:16:57.560000
2024-08-31 15:05:55.489,0 days 01:16:57.720000,0 days 00:01:45.646000,10431,177,5,0,True,8,car,5546.333611111109,0.9820003014835401,-1494.6651564133592,-2740.3239410938213,1861.0854992682575,car,0 days 01:16:57.720000
2024-08-31 15:05:55.809,0 days 01:16:58.040000,0 days 00:01:45.966000,9280,155,4,0,True,8,car,5560.111388888887,0.9844397115299258,-1490.9787197005599,-2589.262221417628,1860.9611498796996,car,0 days 01:16:58.040000
2024-08-31 15:05:55.969,0 days 01:16:58.200000,0 days 00:01:46.126000,8953,150,4,0,True,8,car,5566.778055555554,0.9856200712297899,-1488.6350213548012,-2520.125628600629,1861.09223372696,car,0 days 01:16:58.200000
2024-08-31 15:05:56.169,0 days 01:16:58.400000,0 days 00:01:46.326000,9407,142,4,0,True,8,car,5574.666944444442,0.9870168302079623,-1488.2825915351252,-2486.5147958691073,1861.9118690871312,car,0 days 01:16:58.400000
2024-08-31 15:05:56.449,0 days 01:16:58.680000,0 days 00:01:46.606000,10965,128,4,0,True,8,car,5584.622499999998,0.9887795006930925,-1484.2908455377703,-2388.3768661410595,1861.966696245757,car,0 days 01:16:58.680000
2024-08-31 15:05:56.729,0 days 01:16:58.960000,0 days 00:01:46.886000,10127,115,2,0,True,8,pos,5593.566944444442,0.9903631499570767,-1481.0,-2293.0,1863.0,car,0 days 01:16:58.960000
2024-08-31 15:05:56.929,0 days 01:16:59.160000,0 days 00:01:47.086000,9394,107,2,0,True,8,car,5599.511388888886,0.9914156373561221,-1477.6145114753404,-2209.73803050734,1862.9786624201467,car,0 days 01:16:59.160000
2024-08-31 15:05:57.130,0 days 01:16:59.361000,0 days 00:01:47.287000,8665,99,2,0,True,8,car,5605.0388888888865,0.992394303092272,-1475.105466921339,-2158.9846527367195,1863.4083714043973,car,0 days 01:16:59.361000
2024-08-31 15:05:57.450,0 days 01:16:59.681000,0 days 00:01:47.607000,7712,88,2,0,True,8,car,5612.861111111109,0.9937792584734457,-1471.1703310380049,-2078.1215967943294,1864.0004817314975,car,0 days 01:16:59.681000
2024-08-31 15:05:57.770,0 days 01:17:00.001000,0 days 00:01:47.927000,7105,85,2,0,True,8,car,5620.416666666664,0.995116999466625,-1468.300621479194,-2001.8805972459866,1864.5937234594696,car,0 days 01:17:00.001000
2024-08-31 15:05:58.130,0 days 01:17:00.361000,0 days 00:01:48.287000,6566,75,2,1,False,8,car,5627.916666666664,0.996444904128972,-1463.2830259568784,-1939.3434032833343,1865.0135176000647,car,0 days 01:17:00.361000
2024-08-31 15:05:58.369,0 days 01:17:00.600000,0 days 00:01:48.526000,6504,75,2,9,False,8,car,5632.89583333333,0.9973264852798079,-1447.2237598013771,-1891.319569306699,1865.111312782959,car,0 days 01:17:00.600000
2024-08-31 15:05:58.529,0 days 01:17:00.760000,0 days 00:01:48.686000,6586,75,2,9,False,8,car,5636.229166666664,0.99791666512974,-1345.7384522470372,-1876.8517827187297,1865.8738734171889,car,0 days 01:17:00.760000
2024-08-31 15:05:58.889,0 days 01:17:01.120000,0 days 00:01:49.046000,6631,76,2,8,False,8,car,5643.829166666665,0.999262275187585,-1330.8243731792097,-1800.2039754167615,1865.9805685681372,car,0 days 01:17:01.120000
