Date_x,SessionTime_x,Time,RPM_x,Speed_x,nGear_x,Throttle_x,Brake_x,DRS_x,Source_x,Distance,RelativeDistance,X,Y,Z,Source_y,SessionTime_y
2024-09-01 13:23:29.944,0 days 01:15:46.025000,0 days 00:00:00.029000,11191,315,8,100,False,0,car,2.905277777777787,0.0005046924478823879,-1369.5255780488592,-625.7059293312633,1871.8970810193764,car,0 days 01:15:46.025000
2024-09-01 13:23:30.224,0 days 01:15:46.305000,0 days 00:00:00.309000,11239,316,8,100,False,0,car,27.48305555555556,0.004774239038247962,-1345.8087731600062,-350.5554721679019,1873.046173011668,car,0 days 01:15:46.305000
2024-09-01 13:23:30.384,0 days 01:15:46.465000,0 days 00:00:00.469000,11304,317,8,100,False,0,car,41.57194444444445,0.007221700646106708,-1333.6611497531135,-216.27496569145754,1873.4303058172782,car,0 days 01:15:46.465000
2024-09-01 13:23:30.784,0 days 01:15:46.865000,0 days 00:00:00.869000,11398,320,8,100,False,0,car,77.1275,0.013398259908841716,-1309.4448570544582,61.26776996043462,1875.0310935624616,car,0 days 01:15:46.865000
2024-09-01 13:23:31.184,0 days 01:15:47.265000,0 days 00:00:01.269000,11467,322,8,100,False,0,car,112.90527777777777,0.019613422666968815,-1280.6791163406126,373.8977313695066,1876.1849524756853,car,0 days 01:15:47.265000
2024-09-01 13:23:31.344,0 days 01:15:47.425000,0 days 00:00:01.429000,11479,323,8,100,False,0,car,127.26083333333334,0.02210720846929808,-1268.4679158196734,519.2807292113075,1877.2479487460012,car,0 days 01:15:47.425000
2024-09-01 13:23:31.544,0 days 01:15:47.625000,0 days 00:00:01.629000,11510,323,8,100,False,0,car,145.20527777777778,0.025224440722209654,-1254.4861472469797,688.2875066992402,1878.6221880523053,car,0 days 01:15:47.625000
2024-09-01 13:23:31.824,0 days 01:15:47.905000,0 days 00:00:01.909000,11532,325,8,100,False,0,car,170.48305555555555,0.02961558832306032,-1223.3944277485068,1049.2333983865376,1879.919788773414,car,0 days 01:15:47.905000
2024-09-01 13:23:31.984,0 days 01:15:48.065000,0 days 00:00:02.069000,11532,326,8,100,False,0,car,184.97194444444443,0.03213253622262484,-1212.502365426346,1176.7326245822785,1880.3476772901731,car,0 days 01:15:48.065000
2024-09-01 13:23:32.424,0 days 01:15:48.505000,0 days 00:00:02.509000,11670,328,8,100,False,0,car,225.06083333333333,0.03909660679135856,-1185.5290825599304,1485.3208548319485,1882.4752552658874,car,0 days 01:15:48.505000
2024-09-01 13:23:32.864,0 days 01:15:48.945000,0 days 00:00:02.949000,11691,329,8,100,False,0,car,265.27194444444444,0.04608190928255793,-1140.3809805440426,2015.6433910527353,1884.979468264879,car,0 days 01:15:48.945000
2024-09-01 13:23:33.224,0 days 01:15:49.305000,0 days 00:00:03.309000,11717,330,8,100,False,0,car,298.27194444444444,0.05181452834828386,-1124.2204928570054,2196.533822290753,1886.2546411501755,car,0 days 01:15:49.305000
2024-09-01 13:23:33.424,0 days 01:15:49.505000,0 days 00:00:03.509000,11752,330,8,100,False,0,car,316.60527777777776,0.054999316718131595,-1109.7812512560135,2362.9053950270063,1887.4493277251574,car,0 days 01:15:49.505000
2024-09-01 13:23:33.665,0 days 01:15:49.746000,0 days 00:00:03.750000,11763,330,8,100,False,0,car,338.69694444444445,0.058836986703798125,-1078.422630470429,2726.057131581899,1888.9787081219895,car,0 days 01:15:49.746000
2024-09-01 13:23:33.985,0 days 01:15:50.066000,0 days 00:00:04.070000,11774,331,8,100,False,0,car,368.11916666666673,0.06394808949371135,-1064.1828420493425,2899.8929193809026,1890.1072405688765,car,0 days 01:15:50.066000
2024-09-01 13:23:34.145,0 days 01:15:50.226000,0 days 00:00:04.230000,11758,331,8,100,False,0,car,382.83027777777784,0.06650364088866796,-1052.269263085445,3039.9700304946946,1890.6086166028545,car,0 days 01:15:50.226000
2024-09-01 13:23:34.465,0 days 01:15:50.546000,0 days 00:00:04.550000,11806,331,8,100,False,0,car,412.2525,0.07161474367858117,-1016.001027292394,3450.8456505384443,1892.6244836629144,car,0 days 01:15:50.546000
2024-09-01 13:23:34.745,0 days 01:15:50.826000,0 days 00:00:04.830000,11752,331,8,100,False,0,car,437.99694444444447,0.07608695861975524,-999.0215921386166,3648.607402978032,1893.7402654389232,car,0 days 01:15:50.826000
2024-09-01 13:23:35.065,0 days 01:15:51.146000,0 days 00:00:05.150000,11725,330,8,100,False,0,car,467.33027777777784,0.08118262001151164,-977.9181719515195,3897.7518944742046,1894.4514185039343,car,0 days 01:15:51.146000
2024-09-01 13:23:35.224,0 days 01:15:51.305000,0 days 00:00:05.309000,11705,329,8,100,False,0,car,481.86111111111114,0.0837068543208314,-964.8736235621701,4046.2683261519082,1895.7674120908043,car,0 days 01:15:51.305000
2024-09-01 13:23:35.504,0 days 01:15:51.585000,0 days 00:00:05.589000,11669,329,8,100,False,0,car,507.45000000000005,0.088152046815231,-943.279921123231,4301.360977727856,1897.0884608135102,car,0 days 01:15:51.585000
2024-09-01 13:23:35.664,0 days 01:15:51.745000,0 days 00:00:05.749000,11682,329,8,100,False,0,car,522.0722222222222,0.09069215681203076,-930.0874615615749,4446.7600750967185,1897.0302491356256,car,0 days 01:15:51.745000
2024-09-01 13:23:35.864,0 days 01:15:51.945000,0 days 00:00:05.949000,11659,329,8,100,False,0,car,540.35,0.0938672943080305,-914.4085812009487,4629.0119542753855,1897.7089385365034,car,0 days 01:15:51.945000
2024-09-01 13:23:36.064,0 days 01:15:52.145000,0 days 00:00:06.149000,11613,328,8,100,False,0,car,558.5722222222223,0.0970327809301822,-898.9571752748241,4810.284215810483,1899.439720779279,car,0 days 01:15:52.145000
2024-09-01 13:23:36.304,0 days 01:15:52.385000,0 days 00:00:06.389000,11566,327,8,100,False,0,car,580.3722222222224,0.1008197838281466,-880.6905428379628,5026.484006266338,1900.1404320771414,car,0 days 01:15:52.385000
2024-09-01 13:23:36.624,0 days 01:15:52.705000,0 days 00:00:06.709000,11528,324,8,100,False,0,car,609.1722222222223,0.10582279683096195,-855.9091024293393,5314.613621502282,1901.8750060916825,car,0 days 01:15:52.705000
2024-09-01 13:23:37.024,0 days 01:15:53.105000,0 days 00:00:07.109000,11441,323,8,100,False,0,car,645.0611111111112,0.1120572613367851,-823.8989347706917,5679.045202750781,1903.501094007887,car,0 days 01:15:53.105000
2024-09-01 13:23:37.224,0 days 01:15:53.305000,0 days 00:00:07.309000,11415,321,8,100,False,0,car,662.8944444444446,0.11515519184200064,-810.4720864410376,5837.487509837041,1904.477850464094,car,0 days 01:15:53.305000
2024-09-01 13:23:37.544,0 days 01:15:53.625000,0 days 00:00:07.629000,11359,321,8,100,False,0,car,691.4277777777779,0.12011188065034548,-771.3537445190165,6305.148913650844,1907.8113258205985,car,0 days 01:15:53.625000
2024-09-01 13:23:37.704,0 days 01:15:53.785000,0 days 00:00:07.789000,11345,320,8,100,False,0,car,705.6500000000002,0.12258250435543949,-758.1747204478193,6458.596946159655,1908.2140527250026,car,0 days 01:15:53.785000
2024-09-01 13:23:37.904,0 days 01:15:53.985000,0 days 00:00:07.989000,11350,319,8,100,False,0,car,723.3722222222225,0.12566113311295898,-753.2663998733508,6512.947287842155,1908.0665302367213,car,0 days 01:15:53.985000
2024-09-01 13:23:38.224,0 days 01:15:54.305000,0 days 00:00:08.309000,11292,319,8,100,False,0,car,751.727777777778,0.13058693912499014,-730.0203590342277,6798.162880893366,1910.5652985786664,car,0 days 01:15:54.305000
2024-09-01 13:23:38.624,0 days 01:15:54.705000,0 days 00:00:08.709000,11135,296,8,7,True,0,car,784.6166666666669,0.13630025644302002,-696.3442239183845,7194.9028154790485,1911.9839628517807,car,0 days 01:15:54.705000
2024-09-01 13:23:38.904,0 days 01:15:54.985000,0 days 00:00:08.989000,9595,296,8,0,True,0,car,807.6388888888893,0.14029957856564096,-682.2520228862844,7365.854966446563,1912.9775968507993,car,0 days 01:15:54.985000
2024-09-01 13:23:39.104,0 days 01:15:55.185000,0 days 00:00:09.189000,8604,242,8,0,True,0,car,821.0833333333336,0.14263509003686262,-671.2699138182495,7503.663296702829,1913.9761391103139,car,0 days 01:15:55.185000
2024-09-01 13:23:39.345,0 days 01:15:55.426000,0 days 00:00:09.430000,8486,203,8,0,True,0,car,834.6730555555558,0.1449958385431969,-659.1723413603165,7647.7368119515295,1914.9021537142119,car,0 days 01:15:55.426000
2024-09-01 13:23:39.664,0 days 01:15:55.745000,0 days 00:00:09.749000,8874,170,6,0,True,0,car,849.7369444444448,0.14761267298708847,-643.519454933066,7814.007934398644,1915.113014277296,car,0 days 01:15:55.745000
2024-09-01 13:23:40.024,0 days 01:15:56.105000,0 days 00:00:10.109000,9142,136,5,0,True,0,car,863.3369444444448,0.14997520690508462,-624.9837469069653,7961.8426133315525,1916.7895752923548,car,0 days 01:15:56.105000
2024-09-01 13:23:40.505,0 days 01:15:56.586000,0 days 00:00:10.590000,9066,113,3,0,True,0,car,878.4350000000004,0.1525979766363927,-573.6922362235963,8143.266515774864,1918.1467579496546,car,0 days 01:15:56.586000
2024-09-01 13:23:40.745,0 days 01:15:56.826000,0 days 00:00:10.830000,8223,100,2,0,True,0,car,885.101666666667,0.1537560814981555,-538.1542064141322,8202.65254537276,1918.8644276171892,car,0 days 01:15:56.826000
2024-09-01 13:23:41.065,0 days 01:15:57.146000,0 days 00:00:11.150000,7709,90,2,0,True,0,car,893.101666666667,0.15514580733227087,-498.23568111244606,8249.181084881478,1918.9107109113077,car,0 days 01:15:57.146000
2024-09-01 13:23:41.225,0 days 01:15:57.306000,0 days 00:00:11.310000,6871,84,2,0,True,0,car,896.8350000000004,0.15579434605485806,-478.4426495293713,8264.80966843541,1918.8791339611623,car,0 days 01:15:57.306000
2024-09-01 13:23:41.465,0 days 01:15:57.546000,0 days 00:00:11.550000,6983,78,2,0,False,0,car,902.0350000000004,0.15669766784703307,-438.2420335335536,8287.801166082476,1919.697805903239,car,0 days 01:15:57.546000
2024-09-01 13:23:41.785,0 days 01:15:57.866000,0 days 00:00:11.870000,6397,74,2,0,False,0,car,908.6127777777782,0.15784033131063904,-350.15938295515525,8311.691155337883,1919.9874425681749,car,0 days 01:15:57.866000
2024-09-01 13:23:42.184,0 days 01:15:58.265000,0 days 00:00:12.269000,6969,74,2,35,False,0,car,916.8144444444449,0.15926508981682275,-284.3841086326539,8325.724098915842,1920.0014765680921,car,0 days 01:15:58.265000
2024-09-01 13:23:42.464,0 days 01:15:58.545000,0 days 00:00:12.549000,6529,78,2,6,False,0,car,922.8811111111115,0.1603189652410269,-213.77592666337995,8355.290303556158,1919.949134160865,car,0 days 01:15:58.545000
2024-09-01 13:23:42.624,0 days 01:15:58.705000,0 days 00:00:12.709000,6432,76,2,0,True,0,car,926.2588888888893,0.16090573837098673,-205.2234318781738,8365.697388453576,1919.9628075075923,car,0 days 01:15:58.705000
2024-09-01 13:23:42.824,0 days 01:15:58.905000,0 days 00:00:12.909000,6152,72,2,0,True,0,car,930.2588888888893,0.1616006012880444,-178.1455394231866,8407.697518513165,1920.5586454692111,car,0 days 01:15:58.905000
2024-09-01 13:23:43.064,0 days 01:15:59.145000,0 days 00:00:13.149000,5898,69,2,0,True,0,car,934.8588888888893,0.16239969364266077,-151.0584619321836,8463.99944884146,1921.2909836640656,car,0 days 01:15:59.145000
2024-09-01 13:23:43.384,0 days 01:15:59.465000,0 days 00:00:13.469000,5809,65,2,13,False,0,car,940.6366666666671,0.16340338452285522,-144.25456362756844,8515.869891329821,1921.9157265866104,car,0 days 01:15:59.465000
2024-09-01 13:23:43.744,0 days 01:15:59.825000,0 days 00:00:13.829000,6302,66,2,36,False,0,car,947.2366666666671,0.1645499083360004,-141.70700442769788,8561.135899189783,1923.102979194569,car,0 days 01:15:59.825000
2024-09-01 13:23:43.984,0 days 01:16:00.065000,0 days 00:00:14.069000,6686,70,2,41,False,0,car,951.9033333333338,0.16536058173923435,-142.11363895678306,8609.008162949578,1922.997399888293,car,0 days 01:16:00.065000
2024-09-01 13:23:44.264,0 days 01:16:00.345000,0 days 00:00:14.349000,7232,76,2,52,False,0,car,957.8144444444449,0.16638743471666406,-148.14936118009246,8665.739635020287,1922.9655115185014,car,0 days 01:16:00.345000
2024-09-01 13:23:44.544,0 days 01:16:00.625000,0 days 00:00:14.629000,8146,85,2,61,False,0,car,964.425555555556,0.16753588870457883,-158.999341835331,8731.106146811584,1924.2550397576847,car,0 days 01:16:00.625000
2024-09-01 13:23:44.744,0 days 01:16:00.825000,0 days 00:00:14.829000,8875,92,2,64,False,0,car,969.5366666666671,0.168423769098597,-174.33048702276574,8795.88171261252,1924.8254962962947,car,0 days 01:16:00.825000
2024-09-01 13:23:44.944,0 days 01:16:01.025000,0 days 00:00:15.029000,9540,100,2,69,False,0,car,975.0922222222226,0.16938885648339935,-187.14346712672926,8845.810373330922,1925.054124476321,car,0 days 01:16:01.025000
2024-09-01 13:23:45.144,0 days 01:16:01.225000,0 days 00:00:15.229000,8697,107,2,72,False,0,car,981.0366666666671,0.17042149998513786,-196.35051488736133,8879.069119196922,1925.03633389031,car,0 days 01:16:01.225000
2024-09-01 13:23:45.424,0 days 01:16:01.505000,0 days 00:00:15.509000,9439,119,3,75,False,0,car,990.2922222222227,0.17202933556821856,-230.0381295149151,9005.841464186033,1924.976274748784,car,0 days 01:16:01.505000
2024-09-01 13:23:45.704,0 days 01:16:01.785000,0 days 00:00:15.789000,10213,127,3,78,False,0,car,1000.1700000000004,0.17374526093839712,-249.1758176317273,9076.632110445453,1925.7252067843701,car,0 days 01:16:01.785000
2024-09-01 13:23:46.064,0 days 01:16:02.145000,0 days 00:00:16.149000,9886,144,3,84,False,0,car,1014.5700000000005,0.17624676743980483,-279.55542979640495,9195.084317930708,1926.0019891281052,car,0 days 01:16:02.145000
2024-09-01 13:23:46.544,0 days 01:16:02.625000,0 days 00:00:16.629000,11029,167,4,100,False,0,car,1036.8366666666673,0.18011483767809264,-342.85410512644523,9462.380634900928,1928.0416177618245,car,0 days 01:16:02.625000
2024-09-01 13:23:46.825,0 days 01:16:02.906000,0 days 00:00:16.910000,11613,180,4,100,False,0,car,1050.8866666666672,0.18255554367425778,-368.10971625016106,9592.079492297542,1927.8798967522455,car,0 days 01:16:02.906000
2024-09-01 13:23:47.065,0 days 01:16:03.146000,0 days 00:00:17.150000,11906,187,4,100,False,0,car,1063.353333333334,0.18472119976575424,-382.9553549297258,9672.746795196927,1928.5887799186276,car,0 days 01:16:03.146000
2024-09-01 13:23:47.345,0 days 01:16:03.426000,0 days 00:00:17.430000,10700,198,5,100,False,0,car,1078.753333333334,0.18739642199642634,-400.25237880714155,9800.96850441548,1930.0254009673795,car,0 days 01:16:03.426000
2024-09-01 13:23:47.625,0 days 01:16:03.706000,0 days 00:00:17.710000,11319,208,5,100,False,0,car,1094.931111111112,0.1902067564609708,-419.51467429740654,10012.316191560032,1930.1266227552492,car,0 days 01:16:03.706000
2024-09-01 13:23:47.945,0 days 01:16:04.026000,0 days 00:00:18.030000,11634,217,5,100,False,0,car,1114.220000000001,0.19355753986100457,-423.6864287320575,10141.080911313444,1931.1970985699313,car,0 days 01:16:04.026000
2024-09-01 13:23:48.265,0 days 01:16:04.346000,0 days 00:00:18.350000,12072,225,5,100,False,0,car,1134.220000000001,0.197031854446293,-426.96526658203436,10352.53341483808,1932.9083273488839,car,0 days 01:16:04.346000
2024-09-01 13:23:48.545,0 days 01:16:04.626000,0 days 00:00:18.630000,10952,231,6,100,False,0,car,1152.1866666666674,0.20015294704874376,-425.30142575181554,10528.559373998742,1933.084868499696,car,0 days 01:16:04.626000
2024-09-01 13:23:48.704,0 days 01:16:04.785000,0 days 00:00:18.789000,11030,236,6,100,False,0,car,1162.6100000000008,0.20196364400010994,-423.00928301386034,10624.484512414432,1933.630586375806,car,0 days 01:16:04.785000
2024-09-01 13:23:48.944,0 days 01:16:05.025000,0 days 00:00:19.029000,11243,243,6,100,False,0,car,1178.8100000000006,0.20477783881419354,-410.71111046328474,10848.008844956048,1934.7540757836987,car,0 days 01:16:05.025000
2024-09-01 13:23:49.144,0 days 01:16:05.225000,0 days 00:00:19.229000,11392,247,6,100,False,0,car,1192.5322222222228,0.2071616046546553,-401.5685289829241,10981.666186766517,1935.0054070960773,car,0 days 01:16:05.225000
2024-09-01 13:23:49.304,0 days 01:16:05.385000,0 days 00:00:19.389000,11612,250,6,100,False,0,car,1203.6433333333339,0.20909177942426,-396.2322920541542,11041.430143186355,1934.9857548689056,car,0 days 01:16:05.385000
2024-09-01 13:23:49.624,0 days 01:16:05.705000,0 days 00:00:19.709000,11821,257,6,100,False,0,car,1226.4877777777783,0.21306021875056724,-366.9983689866084,11297.241250282737,1936.221061347787,car,0 days 01:16:05.705000
2024-09-01 13:23:49.904,0 days 01:16:05.985000,0 days 00:00:19.989000,11126,261,6,100,False,0,car,1246.7877777777785,0.21658664805463504,-325.5512392115593,11564.437415315468,1935.969147760597,car,0 days 01:16:05.985000
2024-09-01 13:23:50.264,0 days 01:16:06.345000,0 days 00:00:20.349000,10825,268,7,100,False,0,car,1273.5877777777785,0.22124222959892154,-289.8039077246651,11724.710578032984,1935.9994912794796,car,0 days 01:16:06.345000
2024-09-01 13:23:50.464,0 days 01:16:06.545000,0 days 00:00:20.549000,10914,271,7,100,False,0,car,1288.6433333333339,0.22385761641173588,-253.3533721002267,11868.115285985163,1935.957265291893,car,0 days 01:16:06.545000
2024-09-01 13:23:50.664,0 days 01:16:06.745000,0 days 00:00:20.749000,11044,274,7,100,False,0,car,1303.865555555556,0.22650195584609428,-204.6543923801109,12023.12798697241,1936.1355927347659,car,0 days 01:16:06.745000
2024-09-01 13:23:50.864,0 days 01:16:06.945000,0 days 00:00:20.949000,11176,274,7,100,False,0,car,1319.0877777777785,0.22914629528045274,-130.80106519439414,12220.79059021233,1936.9233197283902,car,0 days 01:16:06.945000
2024-09-01 13:23:51.104,0 days 01:16:07.185000,0 days 00:00:21.189000,11333,280,7,100,False,0,car,1337.754444444445,0.2323889888933886,-44.23677956549008,12416.075132976886,1936.6912546558663,car,0 days 01:16:07.185000
2024-09-01 13:23:51.264,0 days 01:16:07.345000,0 days 00:00:21.349000,11377,282,7,100,False,0,car,1350.2877777777783,0.2345662260335027,8.247387277512278,12518.09186473932,1936.1142938174564,car,0 days 01:16:07.345000
2024-09-01 13:23:51.704,0 days 01:16:07.785000,0 days 00:00:21.789000,11641,287,7,100,False,0,car,1385.365555555556,0.2406597877811447,141.0316287849392,12745.986213055323,1935.9864679027369,car,0 days 01:16:07.785000
2024-09-01 13:23:52.104,0 days 01:16:08.185000,0 days 00:00:22.189000,11785,292,7,100,False,0,car,1417.8100000000004,0.24629589810839037,328.4854116978073,13006.850396032874,1938.006831143008,car,0 days 01:16:08.185000
2024-09-01 13:23:52.304,0 days 01:16:08.385000,0 days 00:00:22.389000,10945,294,7,100,False,0,car,1434.1433333333337,0.24913325501970926,433.2451944835632,13131.013536914523,1936.9640438890929,car,0 days 01:16:08.385000
2024-09-01 13:23:52.624,0 days 01:16:08.705000,0 days 00:00:22.709000,10566,297,8,100,False,0,car,1460.5433333333337,0.25371935027229003,620.2551205154937,13316.677918841695,1937.934015638074,car,0 days 01:16:08.705000
2024-09-01 13:23:52.864,0 days 01:16:08.945000,0 days 00:00:22.949000,10675,299,8,100,False,0,car,1480.4766666666671,0.25718208380896085,770.6634533634706,13445.82379976365,1938.02930133386,car,0 days 01:16:08.945000
2024-09-01 13:23:53.144,0 days 01:16:09.225000,0 days 00:00:23.229000,10783,301,8,100,False,0,car,1503.887777777778,0.2612489620485179,957.2610599403761,13586.259744420684,1939.077562027243,car,0 days 01:16:09.225000
2024-09-01 13:23:53.385,0 days 01:16:09.466000,0 days 00:00:23.470000,10822,302,8,100,False,0,car,1524.1050000000002,0.2647610115505521,1125.9990120688785,13698.282004479606,1940.3588537445619,car,0 days 01:16:09.466000
2024-09-01 13:23:53.545,0 days 01:16:09.626000,0 days 00:00:23.630000,10822,304,8,100,False,0,car,1537.6161111111114,0.26710810407039143,1242.0570713409572,13767.324827339617,1940.9849074171811,car,0 days 01:16:09.626000
2024-09-01 13:23:53.865,0 days 01:16:09.946000,0 days 00:00:23.950000,10910,307,8,100,False,0,car,1564.9050000000004,0.2718486133045406,1483.1402529864408,13893.543705740203,1942.472831513371,car,0 days 01:16:09.946000
2024-09-01 13:23:54.065,0 days 01:16:10.146000,0 days 00:00:24.150000,11003,308,8,100,False,0,car,1582.0161111111115,0.27482108244973175,1638.6242789285045,13964.075071692885,1943.5374749236832,car,0 days 01:16:10.146000
2024-09-01 13:23:54.265,0 days 01:16:10.346000,0 days 00:00:24.350000,11019,308,8,100,False,0,car,1599.1272222222228,0.277793551594923,1798.047549748938,14027.596207775474,1944.5384422312657,car,0 days 01:16:10.346000
2024-09-01 13:23:54.585,0 days 01:16:10.666000,0 days 00:00:24.670000,11053,311,8,100,False,0,car,1626.7716666666672,0.2825958264216995,2059.328147284391,14112.797766714779,1946.1002454588206,car,0 days 01:16:10.666000
2024-09-01 13:23:54.785,0 days 01:16:10.866000,0 days 00:00:24.870000,11100,312,8,100,False,0,car,1644.1050000000005,0.2856068990622828,2228.4677606042524,14156.446353186891,1947.7775535652768,car,0 days 01:16:10.866000
2024-09-01 13:23:55.025,0 days 01:16:11.106000,0 days 00:00:25.110000,11158,313,8,100,False,0,car,1664.971666666667,0.28923176727960037,2432.521977285089,14199.863281226002,1950.1530116295567,car,0 days 01:16:11.106000
2024-09-01 13:23:55.185,0 days 01:16:11.266000,0 days 00:00:25.270000,11167,313,8,100,False,0,car,1678.882777777778,0.2916483460911454,2569.849099019839,14225.586554523034,1951.4404683152993,car,0 days 01:16:11.266000
2024-09-01 13:23:55.624,0 days 01:16:11.705000,0 days 00:00:25.709000,11217,315,8,100,False,0,car,1717.295277777778,0.29832120154151504,2948.5256974406607,14282.54195231926,1954.9927946541427,car,0 days 01:16:11.705000
2024-09-01 13:23:56.064,0 days 01:16:12.145000,0 days 00:00:26.149000,11211,316,8,100,False,0,car,1755.9175000000002,0.30503048904066093,3330.0728503953746,14326.20952194772,1957.1077683809472,car,0 days 01:16:12.145000
2024-09-01 13:23:56.464,0 days 01:16:12.545000,0 days 00:00:26.549000,11205,316,8,100,False,0,car,1791.0286111111113,0.3111298413126118,3682.118242096085,14354.137587128507,1959.731576709843,car,0 days 01:16:12.545000
2024-09-01 13:23:56.664,0 days 01:16:12.745000,0 days 00:00:26.749000,11218,317,8,100,False,0,car,1808.6397222222224,0.3141891683224352,3854.2214590566805,14369.07007163138,1961.1338485737524,car,0 days 01:16:12.745000
2024-09-01 13:23:57.064,0 days 01:16:13.145000,0 days 00:00:27.149000,11182,314,8,100,False,0,car,1843.5286111111116,0.320249917098994,4319.206432388596,14407.145254373143,1964.653071307331,car,0 days 01:16:13.145000
2024-09-01 13:23:57.264,0 days 01:16:13.345000,0 days 00:00:27.349000,11124,313,8,100,False,0,car,1860.9175000000005,0.3232706406134253,4494.047471484135,14420.328079092067,1965.4853580636582,car,0 days 01:16:13.345000
2024-09-01 13:23:57.544,0 days 01:16:13.625000,0 days 00:00:27.629000,11109,313,8,100,False,0,car,1885.261944444445,0.3274996535336292,4675.789256424735,14432.125798095236,1966.5798054903369,car,0 days 01:16:13.625000
2024-09-01 13:23:57.704,0 days 01:16:13.785000,0 days 00:00:27.789000,11095,313,8,100,False,0,car,1899.173055555556,0.32991623234517425,4820.753182615043,14440.727514847178,1967.084225519281,car,0 days 01:16:13.785000
2024-09-01 13:23:58.024,0 days 01:16:14.105000,0 days 00:00:28.109000,11071,313,8,100,False,0,car,1926.9952777777783,0.3347493899682644,5097.663410855137,14454.790768016053,1966.9996308415707,car,0 days 01:16:14.105000
2024-09-01 13:23:58.304,0 days 01:16:14.385000,0 days 00:00:28.389000,11098,311,8,100,False,0,car,1951.184166666667,0.33895138044169376,5339.1494895261785,14465.147436194962,1966.9994902833073,car,0 days 01:16:14.385000
2024-09-01 13:23:58.504,0 days 01:16:14.585000,0 days 00:00:28.589000,10902,310,8,98,True,0,car,1968.406388888889,0.34194315133458103,5511.37968268834,14471.360956310758,1966.9991947715275,car,0 days 01:16:14.585000
2024-09-01 13:23:58.784,0 days 01:16:14.865000,0 days 00:00:28.869000,10204,310,8,0,True,0,car,1992.5175000000004,0.34613163058462326,5747.239893361926,14482.084903068931,1966.9956123271163,car,0 days 01:16:14.865000
2024-09-01 13:23:59.184,0 days 01:16:15.265000,0 days 00:00:29.269000,8217,254,8,0,True,0,car,2020.7397222222226,0.35103427449941915,6038.8154387542845,14491.725212858753,1966.6184089933906,car,0 days 01:16:15.265000
2024-09-01 13:23:59.504,0 days 01:16:15.585000,0 days 00:00:29.589000,8343,217,8,0,True,0,car,2040.0286111111116,0.3543850578994529,6234.688250336139,14498.862695589134,1966.0238680930947,car,0 days 01:16:15.585000
2024-09-01 13:23:59.824,0 days 01:16:15.905000,0 days 00:00:29.909000,8642,169,7,0,True,0,car,2055.0508333333337,0.35699465418795845,6406.1607702834135,14510.018073825453,1965.487146154489,car,0 days 01:16:15.905000
2024-09-01 13:24:00.025,0 days 01:16:16.106000,0 days 00:00:30.110000,8475,151,6,0,True,0,car,2063.481666666667,0.3584592225487652,6480.430838461651,14517.432740546126,1964.9940241214579,car,0 days 01:16:16.106000
2024-09-01 13:24:00.305,0 days 01:16:16.386000,0 days 00:00:30.390000,8608,139,5,0,True,0,car,2074.292777777778,0.3603372825995906,6585.835821633434,14541.301200886042,1964.3892784520986,car,0 days 01:16:16.386000
2024-09-01 13:24:00.625,0 days 01:16:16.706000,0 days 00:00:30.710000,7311,120,4,0,True,0,car,2084.9594444444447,0.36219025037841107,6687.763333353885,14568.932868887041,1963.8201322166315,car,0 days 01:16:16.706000
2024-09-01 13:24:00.945,0 days 01:16:17.026000,0 days 00:00:31.030000,6821,110,4,0,True,0,car,2094.7372222222225,0.3638888041756632,6753.497520710752,14600.793963346601,1964.2421804726787,car,0 days 01:16:17.026000
2024-09-01 13:24:01.145,0 days 01:16:17.226000,0 days 00:00:31.230000,6587,105,4,0,True,0,car,2100.570555555556,0.3649021459297057,6805.910802246983,14630.170425007633,1963.7051245699622,car,0 days 01:16:17.226000
2024-09-01 13:24:01.385,0 days 01:16:17.466000,0 days 00:00:31.470000,6462,103,4,3,False,0,car,2107.4372222222228,0.3660949939373214,6863.255417675684,14684.846679486896,1962.9794524781983,car,0 days 01:16:17.466000
2024-09-01 13:24:01.665,0 days 01:16:17.746000,0 days 00:00:31.750000,6596,100,4,37,False,0,car,2115.2150000000006,0.36744611627604473,6902.616115567671,14742.913820123606,1962.282994149129,car,0 days 01:16:17.746000
2024-09-01 13:24:01.825,0 days 01:16:17.906000,0 days 00:00:31.910000,6846,103,4,46,False,0,car,2119.792777777778,0.3682413482811218,6917.062448871315,14777.189349607543,1961.9715525700399,car,0 days 01:16:17.906000
2024-09-01 13:24:01.985,0 days 01:16:18.066000,0 days 00:00:32.070000,6846,104,4,46,False,0,car,2124.4150000000004,0.36904430098527735,6938.596101299221,14824.442968256517,1962.054597221349,car,0 days 01:16:18.066000
2024-09-01 13:24:02.224,0 days 01:16:18.305000,0 days 00:00:32.309000,6946,111,4,28,False,0,car,2131.784166666667,0.37032444114684837,6977.211287216013,14886.846859045636,1960.8429477175032,car,0 days 01:16:18.305000
2024-09-01 13:24:02.464,0 days 01:16:18.545000,0 days 00:00:32.549000,7108,111,4,28,False,0,car,2139.184166666667,0.3716099375434051,7025.161711861379,14940.757746417077,1962.0104249875837,car,0 days 01:16:18.545000
2024-09-01 13:24:02.824,0 days 01:16:18.905000,0 days 00:00:32.909000,7681,112,4,52,False,0,car,2150.3841666666667,0.3735555537111666,7112.742484059948,15007.121345268151,1960.8850063270243,car,0 days 01:16:18.905000
2024-09-01 13:24:03.064,0 days 01:16:19.145000,0 days 00:00:33.149000,7231,113,4,56,False,0,car,2157.9175,0.3748642122049586,7179.339684697406,15043.89363080016,1960.9986455250569,car,0 days 01:16:19.145000
2024-09-01 13:24:03.224,0 days 01:16:19.305000,0 days 00:00:33.309000,7888,118,4,69,False,0,car,2163.1619444444445,0.37577525469621204,7223.741065915054,15064.429578799329,1961.047137422018,car,0 days 01:16:19.305000
2024-09-01 13:24:03.504,0 days 01:16:19.585000,0 days 00:00:33.589000,8224,123,4,71,False,0,car,2172.728611111111,0.37743713517284166,7348.3454774102165,15104.991664342155,1960.203085666606,car,0 days 01:16:19.585000
2024-09-01 13:24:03.744,0 days 01:16:19.825000,0 days 00:00:33.829000,9152,135,4,87,False,0,car,2181.728611111111,0.37900057673622145,7411.493103652451,15120.973549581822,1959.188415697006,car,0 days 01:16:19.825000
2024-09-01 13:24:04.104,0 days 01:16:20.185000,0 days 00:00:34.189000,10032,147,4,91,False,0,car,2196.428611111111,0.38155419795640844,7539.212295173611,15146.033663400038,1959.176229711796,car,0 days 01:16:20.185000
2024-09-01 13:24:04.264,0 days 01:16:20.345000,0 days 00:00:34.349000,10592,156,4,100,False,0,car,2203.3619444444444,0.38275862701264174,7607.908735802051,15158.885604368945,1958.6495186557281,car,0 days 01:16:20.345000
2024-09-01 13:24:04.504,0 days 01:16:20.585000,0 days 00:00:34.589000,11259,165,4,100,False,0,car,2214.3619444444444,0.3846695000345504,7714.4607238066965,15177.863515295943,1957.2376705197967,car,0 days 01:16:20.585000
2024-09-01 13:24:04.664,0 days 01:16:20.745000,0 days 00:00:34.749000,11334,174,4,100,False,0,car,2222.095277777778,0.38601290167419533,7785.902016905609,15191.50633954426,1957.0357414382433,car,0 days 01:16:20.745000
2024-09-01 13:24:04.944,0 days 01:16:21.025000,0 days 00:00:35.029000,11945,186,4,100,False,0,car,2236.5619444444446,0.3885259892242206,7956.752956815657,15233.429835710973,1955.9105365325156,car,0 days 01:16:21.025000
2024-09-01 13:24:05.304,0 days 01:16:21.385000,0 days 00:00:35.389000,10809,197,5,100,False,0,car,2256.2619444444445,0.3919481890907297,8183.669732507365,15302.725791882394,1955.2186410064005,car,0 days 01:16:21.385000
2024-09-01 13:24:05.624,0 days 01:16:21.705000,0 days 00:00:35.709000,11315,207,5,100,False,0,car,2274.6619444444445,0.3951445585091951,8395.97766479946,15368.958372228493,1953.6906238201796,car,0 days 01:16:21.705000
2024-09-01 13:24:05.864,0 days 01:16:21.945000,0 days 00:00:35.949000,11599,216,5,100,False,0,car,2289.061944444444,0.3976460650106027,8515.416234273998,15408.189347334857,1952.9755011677294,car,0 days 01:16:21.945000
2024-09-01 13:24:06.224,0 days 01:16:22.305000,0 days 00:00:36.309000,11633,227,5,100,False,0,car,2311.761944444444,0.40158941206490506,8657.372105306604,15460.969723081915,1952.9968991975024,car,0 days 01:16:22.305000
2024-09-01 13:24:06.384,0 days 01:16:22.465000,0 days 00:00:36.469000,10714,229,5,100,False,0,car,2321.939722222222,0.403357452153863,8754.132040444152,15499.122494045278,1952.907195490458,car,0 days 01:16:22.465000
2024-09-01 13:24:06.585,0 days 01:16:22.666000,0 days 00:00:36.670000,10526,232,6,100,False,0,car,2334.8930555555553,0.40560764990026815,8904.655696872902,15558.022905102944,1951.5434921352637,car,0 days 01:16:22.666000
2024-09-01 13:24:06.745,0 days 01:16:22.826000,0 days 00:00:36.830000,10753,235,6,100,False,0,car,2345.3374999999996,0.4074220141836965,9031.517725985255,15605.113091660247,1950.6236636591739,car,0 days 01:16:22.826000
2024-09-01 13:24:06.985,0 days 01:16:23.066000,0 days 00:00:37.070000,10858,237,6,100,False,0,car,2361.1375,0.4101667227060744,9205.759640512591,15666.22139554711,1950.006271579683,car,0 days 01:16:23.066000
2024-09-01 13:24:07.225,0 days 01:16:23.306000,0 days 00:00:37.310000,11039,241,6,100,False,0,car,2377.2041666666664,0.4129577554229228,9299.890312145773,15698.758348321573,1949.83322914082,car,0 days 01:16:23.306000
2024-09-01 13:24:07.665,0 days 01:16:23.746000,0 days 00:00:37.750000,11090,243,6,12,True,0,car,2406.9041666666662,0.41811711258207607,9555.285064864998,15784.089415795414,1949.8115137462628,car,0 days 01:16:23.746000
2024-09-01 13:24:07.905,0 days 01:16:23.986000,0 days 00:00:37.990000,10216,229,6,2,True,0,car,2422.170833333333,0.42076917271551295,9787.272879498645,15854.673380915805,1945.9842559174758,car,0 days 01:16:23.986000
2024-09-01 13:24:08.185,0 days 01:16:24.266000,0 days 00:00:38.270000,10358,210,6,2,True,0,car,2438.5041666666666,0.4236065296268319,9859.744362216219,15867.88050887664,1944.0190030057206,car,0 days 01:16:24.266000
2024-09-01 13:24:08.345,0 days 01:16:24.426000,0 days 00:00:38.430000,10503,202,5,2,True,0,car,2447.4819444444443,0.42516611084067246,9951.765896045737,15876.189633265134,1942.971556101052,car,0 days 01:16:24.426000
2024-09-01 13:24:08.705,0 days 01:16:24.786000,0 days 00:00:38.790000,9992,193,5,4,True,0,car,2466.7819444444444,0.42851882441547584,10148.69954311502,15876.057322478639,1941.196506609358,car,0 days 01:16:24.786000
2024-09-01 13:24:09.064,0 days 01:16:25.145000,0 days 00:00:39.149000,9587,183,5,14,True,0,car,2485.0311111111114,0.43168899171144387,10320.60939197657,15836.2473535259,1940.562909406891,car,0 days 01:16:25.145000
2024-09-01 13:24:09.544,0 days 01:16:25.625000,0 days 00:00:39.629000,9389,176,5,45,False,0,car,2508.497777777778,0.435765520824849,10541.522778220182,15716.90660345908,1937.82638085177,car,0 days 01:16:25.625000
2024-09-01 13:24:09.944,0 days 01:16:26.025000,0 days 00:00:40.029000,9620,176,5,72,False,0,car,2528.0533333333337,0.4391626284193533,10689.867136812658,15580.6587081547,1937.085676557233,car,0 days 01:16:26.025000
2024-09-01 13:24:10.384,0 days 01:16:26.465000,0 days 00:00:40.469000,10015,183,5,77,False,0,car,2550.42,0.4430480702305674,10791.686170188526,15409.565406530992,1935.9455578765,car,0 days 01:16:26.465000
2024-09-01 13:24:10.624,0 days 01:16:26.705000,0 days 00:00:40.709000,10371,188,5,83,False,0,car,2562.9533333333334,0.4452253073706815,10838.675677356381,15294.561087857583,1937.007603048761,car,0 days 01:16:26.705000
2024-09-01 13:24:10.984,0 days 01:16:27.065000,0 days 00:00:41.069000,10737,197,5,100,False,0,car,2582.653333333333,0.4486475072371906,10889.59967821542,15106.053043963413,1935.9382056148404,car,0 days 01:16:27.065000
2024-09-01 13:24:11.384,0 days 01:16:27.465000,0 days 00:00:41.469000,11432,210,5,100,False,0,car,2605.986666666666,0.4527008742533604,10925.488157682597,14870.271548784553,1936.075426630969,car,0 days 01:16:27.465000
2024-09-01 13:24:11.784,0 days 01:16:27.865000,0 days 00:00:41.869000,11765,220,5,100,False,0,car,2630.4311111111106,0.4569472587464907,10954.792901726418,14560.462886383975,1934.4474555865102,car,0 days 01:16:27.865000
2024-09-01 13:24:11.944,0 days 01:16:28.025000,0 days 00:00:42.029000,10645,222,5,100,False,0,car,2640.2977777777774,0.4586612539418997,10961.822094957475,14468.341252200738,1933.0259514729005,car,0 days 01:16:28.025000
2024-09-01 13:24:12.184,0 days 01:16:28.265000,0 days 00:00:42.269000,10496,227,6,100,False,0,car,2655.4311111111106,0.46129015197810125,10968.139406785276,14382.836803588953,1932.8962989964512,car,0 days 01:16:28.265000
2024-09-01 13:24:12.504,0 days 01:16:28.585000,0 days 00:00:42.589000,10744,233,6,100,False,0,car,2676.142222222222,0.4648879977486444,10983.062693602631,14144.025578201954,1933.0268428350978,car,0 days 01:16:28.585000
2024-09-01 13:24:12.744,0 days 01:16:28.825000,0 days 00:00:42.829000,10830,237,6,100,False,0,car,2691.942222222222,0.4676327062710223,10992.573118251436,14002.524345705695,1932.977953077228,car,0 days 01:16:28.825000
2024-09-01 13:24:12.944,0 days 01:16:29.025000,0 days 00:00:43.029000,10942,239,6,100,False,0,car,2705.22,0.46993926512069994,11000.591750214795,13907.507885575476,1933.045683229318,car,0 days 01:16:29.025000
2024-09-01 13:24:13.185,0 days 01:16:29.266000,0 days 00:00:43.270000,11051,242,6,100,False,0,car,2721.4205555555554,0.47275355644352207,11014.312696298306,13754.664788943375,1932.7386839720887,car,0 days 01:16:29.266000
2024-09-01 13:24:13.585,0 days 01:16:29.666000,0 days 00:00:43.670000,10734,246,6,34,True,0,car,2748.7538888888885,0.47750178637674956,11047.62166412315,13409.109899544013,1931.9301430472483,car,0 days 01:16:29.666000
2024-09-01 13:24:13.785,0 days 01:16:29.866000,0 days 00:00:43.870000,10409,231,6,1,True,0,car,2761.5872222222215,0.4797311382356429,11058.590743298802,13291.715065426753,1932.3879179002392,car,0 days 01:16:29.866000
2024-09-01 13:24:13.985,0 days 01:16:30.066000,0 days 00:00:44.070000,9709,211,6,0,True,0,car,2773.3094444444437,0.48176747261757585,11062.492875799997,13228.561877172422,1932.955271168712,car,0 days 01:16:30.066000
2024-09-01 13:24:14.145,0 days 01:16:30.226000,0 days 00:00:44.230000,9405,193,6,0,True,0,car,2781.887222222221,0.4832575675397106,11066.022227987314,13146.029111694117,1933.132116675512,car,0 days 01:16:30.226000
2024-09-01 13:24:14.425,0 days 01:16:30.506000,0 days 00:00:44.510000,9954,175,6,2,True,0,car,2795.4983333333325,0.4856220316324764,11065.881369257415,13002.77949536516,1931.5384397648404,car,0 days 01:16:30.506000
2024-09-01 13:24:14.625,0 days 01:16:30.706000,0 days 00:00:44.710000,10397,167,4,6,True,0,car,2804.7761111111104,0.48723372756509636,11056.956511775175,12909.30965684896,1929.8886481620539,car,0 days 01:16:30.706000
2024-09-01 13:24:14.985,0 days 01:16:31.066000,0 days 00:00:45.070000,10154,162,4,17,False,0,car,2820.97611111111,0.49004792237917993,11019.435797072074,12753.38465893221,1928.2851729772283,car,0 days 01:16:31.066000
2024-09-01 13:24:15.145,0 days 01:16:31.226000,0 days 00:00:45.230000,10062,159,4,46,False,0,car,2828.042777777777,0.49127551353264853,10992.10072242521,12689.915808851296,1927.9682351677661,car,0 days 01:16:31.226000
2024-09-01 13:24:15.464,0 days 01:16:31.545000,0 days 00:00:45.549000,10232,159,4,63,False,0,car,2842.1319444444434,0.4937230233948765,10904.092086922232,12559.951616307142,1928.4630731796226,car,0 days 01:16:31.545000
2024-09-01 13:24:15.664,0 days 01:16:31.745000,0 days 00:00:45.749000,10374,162,4,70,False,0,car,2851.1319444444434,0.4952864649582563,10815.874642332514,12470.222839173997,1929.8428762051055,car,0 days 01:16:31.745000
2024-09-01 13:24:15.864,0 days 01:16:31.945000,0 days 00:00:45.949000,10418,164,4,61,False,0,car,2860.2430555555543,0.4968692082693321,10772.657297001644,12432.254791502115,1930.0510456488262,car,0 days 01:16:31.945000
2024-09-01 13:24:16.144,0 days 01:16:32.225000,0 days 00:00:46.229000,11037,169,4,73,False,0,car,2873.387499999999,0.4991526050217745,10683.04577938777,12372.816640141444,1930.1689045525354,car,0 days 01:16:32.225000
2024-09-01 13:24:16.384,0 days 01:16:32.465000,0 days 00:00:46.469000,11600,174,4,100,False,0,car,2884.987499999999,0.5011677074812417,10580.086103491565,12313.13278995272,1929.0326049376017,car,0 days 01:16:32.465000
2024-09-01 13:24:16.584,0 days 01:16:32.665000,0 days 00:00:46.669000,10200,181,4,100,False,0,car,2895.043055555554,0.5029145156477339,10498.685535087325,12269.597361301727,1927.932191375529,car,0 days 01:16:32.665000
2024-09-01 13:24:16.784,0 days 01:16:32.865000,0 days 00:00:46.869000,10308,189,5,100,False,0,car,2905.543055555554,0.5047385308050104,10396.883285989166,12217.397128792327,1926.9162374266214,car,0 days 01:16:32.865000
2024-09-01 13:24:17.024,0 days 01:16:33.105000,0 days 00:00:47.109000,11070,200,5,100,False,0,car,2918.8763888888875,0.507054740528536,10255.123354263222,12146.702777075976,1925.9322252208208,car,0 days 01:16:33.105000
2024-09-01 13:24:17.224,0 days 01:16:33.305000,0 days 00:00:47.309000,11181,207,5,100,False,0,car,2930.376388888887,0.5090524714150768,10184.780655235694,12111.837669016593,1925.9268755307064,car,0 days 01:16:33.305000
2024-09-01 13:24:17.504,0 days 01:16:33.585000,0 days 00:00:47.589000,11432,213,5,100,False,0,car,2946.9430555555537,0.5119303619965574,10027.635247274624,12030.222758754393,1924.8915699585,car,0 days 01:16:33.585000
2024-09-01 13:24:17.664,0 days 01:16:33.745000,0 days 00:00:47.749000,11582,216,5,100,False,0,car,2956.543055555554,0.513598032997496,9905.111903724859,11964.525733429771,1924.932915083497,car,0 days 01:16:33.745000
2024-09-01 13:24:17.824,0 days 01:16:33.905000,0 days 00:00:47.909000,10882,222,5,100,False,0,car,2966.4097222222204,0.5153120281929048,9816.036164576124,11916.546987978414,1925.0164174478252,car,0 days 01:16:33.905000
2024-09-01 13:24:18.184,0 days 01:16:34.265000,0 days 00:00:48.269000,10728,233,6,100,False,0,car,2989.7097222222205,0.5193596046847658,9687.497884347373,11847.249204684123,1924.978027483875,car,0 days 01:16:34.265000
2024-09-01 13:24:18.384,0 days 01:16:34.465000,0 days 00:00:48.469000,10980,238,6,100,False,0,car,3002.931944444443,0.5216565126605955,9555.805827600936,11776.295098602133,1924.9902361797854,car,0 days 01:16:34.465000
2024-09-01 13:24:18.584,0 days 01:16:34.665000,0 days 00:00:48.669000,11202,243,6,100,False,0,car,3016.4319444444427,0.5240016750056652,9358.655805134118,11669.972717348764,1925.008782366419,car,0 days 01:16:34.665000
2024-09-01 13:24:18.864,0 days 01:16:34.945000,0 days 00:00:48.949000,11455,245,6,100,False,0,car,3035.4874999999984,0.5273119247355372,9265.18355402083,11618.714806611293,1923.9633669708264,car,0 days 01:16:34.945000
2024-09-01 13:24:19.224,0 days 01:16:35.305000,0 days 00:00:49.309000,11818,258,6,100,False,0,car,3061.2874999999985,0.5317937905505593,9043.125239202109,11491.90385993119,1924.0083596714403,car,0 days 01:16:35.305000
2024-09-01 13:24:19.424,0 days 01:16:35.505000,0 days 00:00:49.509000,10947,261,6,100,False,0,car,3075.7874999999985,0.5343126686248935,8896.87722109033,11407.577973993908,1923.9803121622,car,0 days 01:16:35.505000
2024-09-01 13:24:19.625,0 days 01:16:35.706000,0 days 00:00:49.710000,10661,265,7,100,False,0,car,3090.583333333332,0.5368829376024683,8698.478239505099,11294.985639691025,1924.0736986042893,car,0 days 01:16:35.706000
2024-09-01 13:24:19.825,0 days 01:16:35.906000,0 days 00:00:49.910000,10755,268,7,100,False,0,car,3105.472222222221,0.5394693717937386,8562.229604280288,11218.50968628066,1924.6360287982698,car,0 days 01:16:35.906000
2024-09-01 13:24:20.265,0 days 01:16:36.346000,0 days 00:00:50.350000,11055,275,7,100,False,0,car,3139.083333333332,0.5453081504717928,8371.696625243649,11112.451176725557,1924.9698949572153,car,0 days 01:16:36.346000
2024-09-01 13:24:20.505,0 days 01:16:36.586000,0 days 00:00:50.590000,11246,276,7,100,False,0,car,3157.483333333332,0.5485045198902582,8136.607011076603,10978.50175315845,1925.7096797678828,car,0 days 01:16:36.586000
2024-09-01 13:24:20.745,0 days 01:16:36.826000,0 days 00:00:50.830000,11347,282,7,100,False,0,car,3176.283333333332,0.5517703756004293,7934.035822128489,10861.502500766863,1926.8901461690325,car,0 days 01:16:36.826000
2024-09-01 13:24:20.945,0 days 01:16:37.026000,0 days 00:00:51.030000,11440,283,7,100,False,0,car,3192.0055555555546,0.55450157289942,7822.601174867284,10794.464209398278,1927.8403938429456,car,0 days 01:16:37.026000
2024-09-01 13:24:21.105,0 days 01:16:37.186000,0 days 00:00:51.190000,11502,287,7,100,False,0,car,3204.76111111111,0.5567174135349262,7724.11234580479,10731.453925381256,1927.9777627460096,car,0 days 01:16:37.186000
2024-09-01 13:24:21.465,0 days 01:16:37.546000,0 days 00:00:51.550000,11686,291,7,100,False,0,car,3233.86111111111,0.5617725412565209,7487.048841326359,10570.171091913766,1926.931931294993,car,0 days 01:16:37.546000
2024-09-01 13:24:21.625,0 days 01:16:37.706000,0 days 00:00:51.710000,11762,293,7,100,False,0,car,3246.8833333333323,0.5640347060864975,7409.017237278746,10513.07882821823,1926.843543055088,car,0 days 01:16:37.706000
2024-09-01 13:24:22.105,0 days 01:16:38.186000,0 days 00:00:52.190000,10748,298,8,100,False,0,car,3286.6166666666654,0.5709370110626039,7078.769565608109,10244.647110877322,1923.5700000071772,car,0 days 01:16:38.186000
2024-09-01 13:24:22.304,0 days 01:16:38.385000,0 days 00:00:52.389000,10770,300,8,100,False,0,car,3303.1999999999994,0.573817796906239,6979.455316186232,10165.90984794056,1921.2611843301415,car,0 days 01:16:38.385000
2024-09-01 13:24:22.624,0 days 01:16:38.705000,0 days 00:00:52.709000,10842,304,8,100,False,0,car,3330.2222222222217,0.5785119819459176,6776.594936994677,9992.201539303383,1915.3489765030245,car,0 days 01:16:38.705000
2024-09-01 13:24:22.784,0 days 01:16:38.865000,0 days 00:00:52.869000,10875,305,8,100,False,0,car,3343.777777777777,0.5808667951648353,6633.434715653871,9867.339459890647,1911.4251890783344,car,0 days 01:16:38.865000
2024-09-01 13:24:22.944,0 days 01:16:39.025000,0 days 00:00:53.029000,10885,305,8,100,False,0,car,3357.3333333333326,0.583221608383753,6519.799956910237,9768.139268213165,1907.8216286025809,car,0 days 01:16:39.025000
2024-09-01 13:24:23.144,0 days 01:16:39.225000,0 days 00:00:53.229000,10998,309,8,100,False,0,car,3374.499999999999,0.5862037284027922,6433.72551092568,9692.975130239547,1904.0793029104752,car,0 days 01:16:39.225000
2024-09-01 13:24:23.344,0 days 01:16:39.425000,0 days 00:00:53.429000,11079,309,8,100,False,0,car,3391.666666666666,0.5891858484218315,6324.561461377454,9598.335985996166,1901.3475490678177,car,0 days 01:16:39.425000
2024-09-01 13:24:23.664,0 days 01:16:39.745000,0 days 00:00:53.749000,11124,313,8,100,False,0,car,3419.488888888888,0.5940190060449216,6115.128804659904,9416.53969686701,1894.1854220943933,car,0 days 01:16:39.745000
2024-09-01 13:24:23.944,0 days 01:16:40.025000,0 days 00:00:54.029000,11210,315,8,100,False,0,car,3443.988888888888,0.5982750414119,5929.9079300851035,9256.101259420402,1888.696394982776,car,0 days 01:16:40.025000
2024-09-01 13:24:24.304,0 days 01:16:40.385000,0 days 00:00:54.389000,11288,316,8,100,False,0,car,3475.588888888888,0.6037644584566557,5644.560816892523,9007.634851683544,1881.2467863830557,car,0 days 01:16:40.385000
2024-09-01 13:24:24.704,0 days 01:16:40.785000,0 days 00:00:54.789000,11270,318,8,100,False,0,car,3510.922222222221,0.6099024142239986,5372.448288239553,8770.994059345527,1876.5886629079896,car,0 days 01:16:40.785000
2024-09-01 13:24:25.144,0 days 01:16:41.225000,0 days 00:00:55.229000,11302,319,8,100,False,0,car,3549.9111111111097,0.6166753974905413,5133.283266676548,8563.843540201433,1876.0170061741526,car,0 days 01:16:41.225000
2024-09-01 13:24:25.345,0 days 01:16:41.426000,0 days 00:00:55.430000,11319,319,8,100,False,0,car,3567.721944444443,0.6197694193918485,4992.368070186022,8441.299509833336,1876.2613525220934,car,0 days 01:16:41.426000
2024-09-01 13:24:25.744,0 days 01:16:41.825000,0 days 00:00:55.829000,11329,319,8,100,False,0,car,3603.0777777777766,0.6259112837630999,4698.430521553632,8185.327957063196,1880.7803285499588,car,0 days 01:16:41.825000
2024-09-01 13:24:25.984,0 days 01:16:42.065000,0 days 00:00:56.069000,11275,318,8,100,False,0,car,3624.277777777777,0.6295940572235057,4578.63593649586,8080.762380266959,1882.9972512138074,car,0 days 01:16:42.065000
2024-09-01 13:24:26.265,0 days 01:16:42.346000,0 days 00:00:56.350000,11245,317,8,100,False,0,car,3649.021388888888,0.6338924116723076,4383.6693553458545,7911.514078975698,1887.5638143051344,car,0 days 01:16:42.346000
2024-09-01 13:24:26.585,0 days 01:16:42.666000,0 days 00:00:56.670000,11223,316,8,100,False,0,car,3677.110277777777,0.6387718934898683,4158.281002724305,7715.827851294696,1893.2153997034754,car,0 days 01:16:42.666000
2024-09-01 13:24:26.745,0 days 01:16:42.826000,0 days 00:00:56.830000,11193,315,8,100,False,0,car,3691.1102777777764,0.6412039136995701,4001.5519478078745,7579.274712557705,1896.7123634262612,car,0 days 01:16:42.826000
2024-09-01 13:24:26.985,0 days 01:16:43.066000,0 days 00:00:57.070000,11193,314,8,100,False,0,car,3712.04361111111,0.6448403629655053,3897.366469240878,7488.909559632599,1896.9290680295114,car,0 days 01:16:43.066000
2024-09-01 13:24:27.145,0 days 01:16:43.226000,0 days 00:00:57.230000,11152,312,8,100,False,0,car,3725.910277777776,0.6472492210779719,3814.9695188829537,7417.444070428255,1897.9154402570512,car,0 days 01:16:43.226000
2024-09-01 13:24:27.345,0 days 01:16:43.426000,0 days 00:00:57.430000,11117,313,8,100,False,0,car,3743.2991666666653,0.6502699445924033,3671.7366838185235,7292.910284719232,1901.2386594614443,car,0 days 01:16:43.426000
2024-09-01 13:24:27.505,0 days 01:16:43.586000,0 days 00:00:57.590000,11123,313,8,100,False,0,car,3757.210277777777,0.6526865234039485,3567.916111117237,7202.492621563587,1903.7104035770178,car,0 days 01:16:43.586000
2024-09-01 13:24:27.825,0 days 01:16:43.906000,0 days 00:00:57.910000,11075,312,8,85,False,0,car,3784.9436111111095,0.6575042396288816,3309.576029137635,6977.7444592661805,1906.7430697242344,car,0 days 01:16:43.906000
2024-09-01 13:24:28.225,0 days 01:16:44.306000,0 days 00:00:58.310000,10323,293,8,1,True,0,car,3817.4991666666656,0.6631596517038235,3093.928619580734,6790.955372063403,1907.983820575155,car,0 days 01:16:44.306000
2024-09-01 13:24:28.425,0 days 01:16:44.506000,0 days 00:00:58.510000,10043,254,8,0,True,0,car,3831.6102777777764,0.6656109736612214,2999.54856407641,6707.30939338512,1908.4673415581274,car,0 days 01:16:44.506000
2024-09-01 13:24:28.665,0 days 01:16:44.746000,0 days 00:00:58.750000,9014,239,8,0,True,0,car,3847.54361111111,0.6683788442808345,2874.2386707890473,6594.756973468759,1909.036695286148,car,0 days 01:16:44.746000
2024-09-01 13:24:29.064,0 days 01:16:45.145000,0 days 00:00:59.149000,9886,193,8,0,True,0,car,3868.934444444443,0.6720947684929083,2673.64326366812,6390.391891321092,1909.0343683206545,car,0 days 01:16:45.145000
2024-09-01 13:24:29.264,0 days 01:16:45.345000,0 days 00:00:59.349000,9506,184,7,0,True,0,car,3879.1566666666654,0.6738705292809446,2650.4313298914294,6357.3599852837615,1909.098010659789,car,0 days 01:16:45.345000
2024-09-01 13:24:29.464,0 days 01:16:45.545000,0 days 00:00:59.549000,9228,176,5,1,True,0,car,3888.934444444443,0.6755690830781967,2610.1148360132397,6294.5005735737495,1907.5558153366894,car,0 days 01:16:45.545000
2024-09-01 13:24:29.704,0 days 01:16:45.785000,0 days 00:00:59.789000,9014,171,5,6,False,0,car,3900.3344444444433,0.6775494423918111,2561.906226590584,6133.561156641695,1906.8833401243655,car,0 days 01:16:45.785000
2024-09-01 13:24:29.904,0 days 01:16:45.985000,0 days 00:00:59.989000,8955,167,5,6,False,0,car,3909.6122222222207,0.6791611383244309,2543.3572149966944,6026.552312874821,1907.1273067540133,car,0 days 01:16:45.985000
2024-09-01 13:24:30.224,0 days 01:16:46.305000,0 days 00:01:00.309000,9080,166,5,61,False,0,car,3924.367777777776,0.681724410418466,2545.37287275631,5940.11931997991,1906.819572668229,car,0 days 01:16:46.305000
2024-09-01 13:24:30.544,0 days 01:16:46.625000,0 days 00:01:00.629000,9685,172,5,100,False,0,car,3939.656666666665,0.684380330901442,2546.154053956055,5780.578425246233,1906.0634718110064,car,0 days 01:16:46.625000
2024-09-01 13:24:30.904,0 days 01:16:46.985000,0 days 00:01:00.989000,10058,184,5,89,False,0,car,3958.056666666665,0.6875767003199074,2542.116418482081,5603.823105123448,1905.037425650064,car,0 days 01:16:46.985000
2024-09-01 13:24:31.104,0 days 01:16:47.185000,0 days 00:01:01.189000,10217,189,5,68,False,0,car,3968.556666666665,0.6894007154771838,2524.8790765090384,5470.412046545087,1904.1773930266704,car,0 days 01:16:47.185000
2024-09-01 13:24:31.384,0 days 01:16:47.465000,0 days 00:01:01.469000,10366,191,5,69,False,0,car,3983.412222222221,0.6919813591441454,2496.5854094159977,5320.77647796518,1902.4534215904623,car,0 days 01:16:47.465000
2024-09-01 13:24:31.624,0 days 01:16:47.705000,0 days 00:01:01.709000,10657,195,5,75,False,0,car,3996.412222222221,0.6942396636245828,2459.363125400496,5229.68979475559,1901.9449625572129,car,0 days 01:16:47.705000
2024-09-01 13:24:31.784,0 days 01:16:47.865000,0 days 00:01:01.869000,10568,195,5,75,False,0,car,4005.0788888888874,0.6957451999448745,2395.874946231919,5092.087372201223,1901.1959041377033,car,0 days 01:16:47.865000
2024-09-01 13:24:31.944,0 days 01:16:48.025000,0 days 00:01:02.029000,10915,200,5,83,False,0,car,4013.9677777777765,0.6972893397605583,2356.2021069874436,5012.722953039116,1900.5939667862935,car,0 days 01:16:48.025000
2024-09-01 13:24:32.304,0 days 01:16:48.385000,0 days 00:01:02.389000,11272,206,5,100,False,0,car,4034.5677777777764,0.7008678837834054,2276.9319885174577,4911.798467056445,1899.3983170450022,car,0 days 01:16:48.385000
2024-09-01 13:24:32.624,0 days 01:16:48.705000,0 days 00:01:02.709000,11844,218,5,100,False,0,car,4053.945555555554,0.704234108581596,2144.555824023758,4764.491722836077,1899.0095462841136,car,0 days 01:16:48.705000
2024-09-01 13:24:32.865,0 days 01:16:48.946000,0 days 00:01:02.950000,10584,225,5,100,False,0,car,4069.008055555554,0.7068507017536413,2040.374668007916,4657.838106671229,1898.8044183192064,car,0 days 01:16:48.946000
2024-09-01 13:24:33.065,0 days 01:16:49.146000,0 days 00:01:03.150000,10636,230,6,100,False,0,car,4081.7858333333315,0.7090704027386866,1961.7205413011498,4562.890580614156,1897.9125558388362,car,0 days 01:16:49.146000
2024-09-01 13:24:33.225,0 days 01:16:49.306000,0 days 00:01:03.310000,10826,232,6,100,False,0,car,4092.0969444444427,0.7108616049248797,1907.7950418270214,4477.509371286354,1897.9365508332057,car,0 days 01:16:49.306000
2024-09-01 13:24:33.505,0 days 01:16:49.586000,0 days 00:01:03.590000,10951,232,6,100,False,0,car,4110.141388888887,0.7139962087507178,1835.8397043671298,4319.393459249614,1898.1009743642815,car,0 days 01:16:49.586000
2024-09-01 13:24:33.745,0 days 01:16:49.826000,0 days 00:01:03.830000,11180,242,6,100,False,0,car,4126.274722222221,0.7167988225161838,1777.6997152111662,4102.969151398364,1897.0202120288473,car,0 days 01:16:49.826000
2024-09-01 13:24:33.905,0 days 01:16:49.986000,0 days 00:01:03.990000,11310,242,6,100,False,0,car,4137.030277777776,0.7186672316931612,1761.2362451387492,4023.739312242739,1896.3317868152021,car,0 days 01:16:49.986000
2024-09-01 13:24:34.065,0 days 01:16:50.146000,0 days 00:01:04.150000,11480,248,6,100,False,0,car,4148.052499999999,0.720581965064609,1751.0194327081804,3947.8145467030145,1895.854953833164,car,0 days 01:16:50.146000
2024-09-01 13:24:34.305,0 days 01:16:50.386000,0 days 00:01:04.390000,11791,253,6,100,False,0,car,4164.919166666665,0.7235119703648688,1731.1194697999108,3772.8093306635014,1895.2314363667856,car,0 days 01:16:50.386000
2024-09-01 13:24:34.585,0 days 01:16:50.666000,0 days 00:01:04.670000,11882,259,6,100,False,0,car,4185.063611111109,0.7270113772221621,1713.385704074211,3570.439537385246,1893.9543279320496,car,0 days 01:16:50.666000
2024-09-01 13:24:34.985,0 days 01:16:51.066000,0 days 00:01:05.070000,10595,262,7,100,False,0,car,4214.174722222219,0.7320684351185263,1685.5073384089437,3278.8449820788223,1893.0276589246523,car,0 days 01:16:51.066000
2024-09-01 13:24:35.145,0 days 01:16:51.226000,0 days 00:01:05.230000,10705,265,7,100,False,0,car,4225.952499999998,0.7341144203743073,1673.0702151764428,3155.4148072949065,1892.6072395402052,car,0 days 01:16:51.226000
2024-09-01 13:24:35.385,0 days 01:16:51.466000,0 days 00:01:05.470000,10705,270,7,100,False,0,car,4243.952499999998,0.737241303501067,1655.4724712095274,2970.8157723588874,1890.917357135615,car,0 days 01:16:51.466000
2024-09-01 13:24:35.784,0 days 01:16:51.865000,0 days 00:01:05.869000,11101,274,7,100,False,0,car,4274.320833333331,0.7425167606726121,1628.7644387559417,2670.717881826685,1889.781058081699,car,0 days 01:16:51.865000
2024-09-01 13:24:36.064,0 days 01:16:52.145000,0 days 00:01:06.149000,11279,281,7,100,False,0,car,4296.176388888887,0.7463134144444246,1608.5238104633215,2449.1509784298887,1887.8624054526476,car,0 days 01:16:52.145000
2024-09-01 13:24:36.224,0 days 01:16:52.305000,0 days 00:01:06.309000,11409,283,7,100,False,0,car,4308.754166666665,0.748498372283617,1590.5862351070446,2257.6270420387436,1886.221617370689,car,0 days 01:16:52.305000
2024-09-01 13:24:36.384,0 days 01:16:52.465000,0 days 00:01:06.469000,11454,285,7,100,False,0,car,4321.420833333331,0.7506987715209663,1576.2336324826902,2103.891706698931,1885.0956951797343,car,0 days 01:16:52.465000
2024-09-01 13:24:36.544,0 days 01:16:52.625000,0 days 00:01:06.629000,11549,288,7,100,False,0,car,4334.220833333332,0.7529223328555511,1566.0160122994284,1993.3010083218014,1884.5307051435254,car,0 days 01:16:52.625000
2024-09-01 13:24:36.904,0 days 01:16:52.985000,0 days 00:01:06.989000,11719,292,7,100,False,0,car,4363.420833333332,0.7579948321500721,1536.6259331044416,1671.7246805375444,1882.6279566719516,car,0 days 01:16:52.985000
2024-09-01 13:24:37.104,0 days 01:16:53.185000,0 days 00:01:07.189000,11764,294,7,100,False,0,car,4379.754166666664,0.7608321890613908,1523.8427263764952,1531.3422194582668,1881.4707100117162,car,0 days 01:16:53.185000
2024-09-01 13:24:37.504,0 days 01:16:53.585000,0 days 00:01:07.589000,10568,298,8,100,False,0,car,4412.865277777775,0.7665841098748128,1500.5462423307224,1276.8440826804647,1879.7591340875201,car,0 days 01:16:53.585000
2024-09-01 13:24:37.824,0 days 01:16:53.905000,0 days 00:01:07.909000,10772,303,8,100,False,0,car,4439.7986111111095,0.7712628535163348,1464.5889966814464,886.2978358993777,1878.1778529548324,car,0 days 01:16:53.905000
2024-09-01 13:24:38.024,0 days 01:16:54.105000,0 days 00:01:08.109000,10831,304,8,100,False,0,car,4456.687499999997,0.7741967191661338,1449.6146265899674,723.9649509929496,1876.4043543409869,car,0 days 01:16:54.105000
2024-09-01 13:24:38.184,0 days 01:16:54.265000,0 days 00:01:08.269000,10880,305,8,100,False,0,car,4470.243055555554,0.7765515323850516,1441.783191185131,636.744874342163,1875.861865757929,car,0 days 01:16:54.265000
2024-09-01 13:24:38.544,0 days 01:16:54.625000,0 days 00:01:08.629000,10988,308,8,100,False,0,car,4501.043055555554,0.7819019768463958,1423.2713082492346,435.6746135082929,1875.6071186764566,car,0 days 01:16:54.625000
2024-09-01 13:24:38.784,0 days 01:16:54.865000,0 days 00:01:08.869000,11051,311,8,100,False,0,car,4521.776388888887,0.7855036829664781,1400.5875292396192,190.8779496132545,1874.347484734664,car,0 days 01:16:54.865000
2024-09-01 13:24:39.024,0 days 01:16:55.105000,0 days 00:01:09.109000,11116,312,8,100,False,0,car,4542.576388888886,0.7891169701351779,1378.3562156061182,-55.91246750738917,1872.7536230831531,car,0 days 01:16:55.105000
2024-09-01 13:24:39.224,0 days 01:16:55.305000,0 days 00:01:09.309000,11167,314,8,100,False,0,car,4560.02083333333,0.7921473445234573,1366.7540062239668,-179.60486615257787,1871.343411469279,car,0 days 01:16:55.305000
2024-09-01 13:24:39.585,0 days 01:16:55.666000,0 days 00:01:09.670000,11261,316,8,100,False,0,car,4591.708611111108,0.797652009948893,1339.522651237896,-478.8520583527582,1870.6285157500565,car,0 days 01:16:55.666000
2024-09-01 13:24:40.025,0 days 01:16:56.106000,0 days 00:01:10.110000,11292,316,8,100,False,0,car,4630.330833333331,0.8043612974480389,1303.022898883321,-872.761068562753,1867.702616744505,car,0 days 01:16:56.106000
2024-09-01 13:24:40.225,0 days 01:16:56.306000,0 days 00:01:10.310000,11341,318,8,100,False,0,car,4647.997499999998,0.8074302753317104,1278.5272656354227,-1144.064062318608,1865.892575825137,car,0 days 01:16:56.306000
2024-09-01 13:24:40.385,0 days 01:16:56.466000,0 days 00:01:10.470000,11356,319,8,100,False,0,car,4662.175277777776,0.809893178337726,1270.1203342019412,-1231.4293009644423,1865.301065546601,car,0 days 01:16:56.466000
2024-09-01 13:24:40.865,0 days 01:16:56.946000,0 days 00:01:10.950000,11372,321,8,100,False,0,car,4704.975277777776,0.8173282115502433,1231.0632081643628,-1656.3369860732855,1863.8787816401023,car,0 days 01:16:56.946000
2024-09-01 13:24:41.185,0 days 01:16:57.266000,0 days 00:01:11.270000,11413,322,8,100,False,0,car,4733.597499999997,0.8223003417567448,1210.3582950116752,-1880.1441433537188,1862.567216007301,car,0 days 01:16:57.266000
2024-09-01 13:24:41.385,0 days 01:16:57.466000,0 days 00:01:11.470000,11449,322,8,100,False,0,car,4751.486388888887,0.8254079231358085,1193.2191726437336,-2063.303881028649,1861.2383917882582,car,0 days 01:16:57.466000
2024-09-01 13:24:41.585,0 days 01:16:57.666000,0 days 00:01:11.670000,11449,323,8,100,False,0,car,4769.430833333331,0.8285251553887201,1177.473625876555,-2244.933048270602,1860.8338213353238,car,0 days 01:16:57.666000
2024-09-01 13:24:41.905,0 days 01:16:57.986000,0 days 00:01:11.990000,11423,322,8,100,False,0,car,4798.053055555552,0.8334972855952216,1150.6583925427544,-2528.3602589517536,1858.8089420993188,car,0 days 01:16:57.986000
2024-09-01 13:24:42.305,0 days 01:16:58.386000,0 days 00:01:12.390000,11370,321,8,100,False,0,car,4833.719722222219,0.8396931466056526,1118.5038510936192,-2884.044947078414,1856.8881170072195,car,0 days 01:16:58.386000
2024-09-01 13:24:42.544,0 days 01:16:58.625000,0 days 00:01:12.629000,11377,320,8,100,False,0,car,4854.964166666664,0.8433836407651368,1099.1447361628504,-3095.259853302573,1855.4197994564008,car,0 days 01:16:58.625000
2024-09-01 13:24:42.744,0 days 01:16:58.825000,0 days 00:01:12.829000,11329,319,8,100,False,0,car,4872.686388888885,0.8464622695226561,1077.7540306593212,-3326.1268809882195,1853.411830691849,car,0 days 01:16:58.825000
2024-09-01 13:24:43.024,0 days 01:16:59.105000,0 days 00:01:13.109000,11278,318,8,100,False,0,car,4897.419722222218,0.8507588385597962,1051.733998667677,-3607.8889671398247,1852.745952222962,car,0 days 01:16:59.105000
2024-09-01 13:24:43.344,0 days 01:16:59.425000,0 days 00:01:13.429000,11277,318,8,100,False,0,car,4925.686388888886,0.8556692031736707,1033.7502602328907,-3789.8336228507646,1851.6049022127143,car,0 days 01:16:59.425000
2024-09-01 13:24:43.664,0 days 01:16:59.745000,0 days 00:01:13.749000,11225,317,8,100,False,0,car,4953.864166666663,0.860564126389388,1005.345052677133,-4079.9929045917715,1850.756383341839,car,0 days 01:16:59.745000
2024-09-01 13:24:43.824,0 days 01:16:59.905000,0 days 00:01:13.909000,11188,316,8,95,False,0,car,4967.908611111108,0.8630038672981685,991.2451954905381,-4220.686235316066,1849.1538570572754,car,0 days 01:16:59.905000
2024-09-01 13:24:44.064,0 days 01:17:00.145000,0 days 00:01:14.149000,10720,309,8,7,True,0,car,4988.508611111108,0.8665824113210155,968.671982179531,-4420.601475598816,1849.0414004978356,car,0 days 01:17:00.145000
2024-09-01 13:24:44.264,0 days 01:17:00.345000,0 days 00:01:14.349000,10041,286,8,1,True,0,car,5004.397499999996,0.8693425612415502,942.0507140781547,-4625.832322264155,1848.3990919343717,car,0 days 01:17:00.345000
2024-09-01 13:24:44.424,0 days 01:17:00.505000,0 days 00:01:14.509000,9514,274,8,1,True,0,car,5016.575277777774,0.871458032789037,920.931240789721,-4759.91966363993,1847.3923114506658,car,0 days 01:17:00.505000
2024-09-01 13:24:44.704,0 days 01:17:00.785000,0 days 00:01:14.789000,9717,242,8,1,True,0,car,5035.397499999996,0.8747277488487473,874.8266536613061,-4984.929235596921,1846.0694583013233,car,0 days 01:17:00.785000
2024-09-01 13:24:45.064,0 days 01:17:01.145000,0 days 00:01:15.149000,9568,213,8,3,True,0,car,5056.697499999997,0.8784278938820795,826.9699905202476,-5157.6325842162405,1845.6098461238312,car,0 days 01:17:01.145000
2024-09-01 13:24:45.264,0 days 01:17:01.345000,0 days 00:01:15.349000,10693,206,8,7,True,0,car,5068.141944444441,0.8804159738947723,786.403920842245,-5269.706206443611,1844.0734674453995,car,0 days 01:17:01.345000
2024-09-01 13:24:45.504,0 days 01:17:01.585000,0 days 00:01:15.589000,10244,202,6,18,True,0,car,5081.608611111107,0.8827553457155332,731.174329737232,-5387.94024145,1843.9282849772842,car,0 days 01:17:01.585000
2024-09-01 13:24:45.784,0 days 01:17:01.865000,0 days 00:01:15.869000,10042,192,5,38,True,0,car,5096.541944444441,0.8853495006058818,649.8034576961802,-5509.176762089135,1842.8356512283765,car,0 days 01:17:01.865000
2024-09-01 13:24:46.025,0 days 01:17:02.106000,0 days 00:01:16.110000,9801,186,5,48,True,0,car,5108.993611111107,0.8875125509614393,565.5239735268234,-5599.532127743578,1842.8218815144828,car,0 days 01:17:02.106000
2024-09-01 13:24:46.265,0 days 01:17:02.346000,0 days 00:01:16.350000,9630,183,5,45,True,0,car,5121.193611111107,0.8896318828584653,469.3960259819419,-5673.813973474285,1841.6799366005403,car,0 days 01:17:02.346000
2024-09-01 13:24:46.545,0 days 01:17:02.626000,0 days 00:01:16.630000,9837,182,5,62,False,0,car,5135.349166666663,0.8920909255149417,344.1127588214806,-5739.53815095703,1842.6716828506646,car,0 days 01:17:02.626000
2024-09-01 13:24:46.705,0 days 01:17:02.786000,0 days 00:01:16.790000,9846,182,5,59,False,0,car,5143.438055555553,0.8934960927472141,269.1135401648011,-5767.385827667862,1843.0022035629954,car,0 days 01:17:02.786000
2024-09-01 13:24:46.985,0 days 01:17:03.066000,0 days 00:01:17.070000,9979,184,5,70,False,0,car,5157.749166666663,0.8959821578504648,78.34734628371257,-5799.754184508636,1842.9931770527473,car,0 days 01:17:03.066000
2024-09-01 13:24:47.145,0 days 01:17:03.226000,0 days 00:01:17.230000,10140,186,5,73,False,0,car,5166.01583333333,0.8974182078790507,4.3013528734917905,-5804.135404702038,1843.474051622294,car,0 days 01:17:03.226000
2024-09-01 13:24:47.465,0 days 01:17:03.546000,0 days 00:01:17.550000,10520,190,5,84,False,0,car,5182.904722222219,0.9003520735288498,-117.14899932002541,-5788.184690765589,1843.7556702298239,car,0 days 01:17:03.546000
2024-09-01 13:24:47.625,0 days 01:17:03.706000,0 days 00:01:17.710000,10653,195,5,87,False,0,car,5191.571388888885,0.9018576098491414,-204.75578140611117,-5771.204768365431,1843.0310240806275,car,0 days 01:17:03.706000
2024-09-01 13:24:47.825,0 days 01:17:03.906000,0 days 00:01:17.910000,11038,200,5,100,False,0,car,5202.682499999996,0.9037877846187461,-309.8743142365851,-5739.7810417956825,1843.5502089501795,car,0 days 01:17:03.906000
2024-09-01 13:24:47.985,0 days 01:17:04.066000,0 days 00:01:18.070000,11148,203,5,100,False,0,car,5211.704722222218,0.9053550865316651,-393.9669947978666,-5707.461288066924,1844.1072041572356,car,0 days 01:17:04.066000
2024-09-01 13:24:48.265,0 days 01:17:04.346000,0 days 00:01:18.350000,11388,208,5,100,False,0,car,5227.882499999996,0.9081654209962096,-537.249097579037,-5634.174421908269,1843.9231952164157,car,0 days 01:17:04.346000
2024-09-01 13:24:48.665,0 days 01:17:04.746000,0 days 00:01:18.750000,12072,221,5,100,False,0,car,5252.438055555552,0.9124311072370359,-752.0449050150049,-5477.65135644497,1844.9826866316841,car,0 days 01:17:04.746000
2024-09-01 13:24:48.825,0 days 01:17:04.906000,0 days 00:01:18.910000,11816,225,5,100,False,0,car,5262.438055555552,0.9141682645296801,-818.8220761656728,-5417.961781562968,1845.603356049704,car,0 days 01:17:04.906000
2024-09-01 13:24:49.064,0 days 01:17:05.145000,0 days 00:01:19.149000,10854,230,6,100,False,0,car,5277.707499999997,0.9168208072068095,-914.0848045170314,-5313.775011421383,1846.0196373824729,car,0 days 01:17:05.145000
2024-09-01 13:24:49.304,0 days 01:17:05.385000,0 days 00:01:19.389000,11070,235,6,100,False,0,car,5293.374166666663,0.919542353631952,-1024.2918141654961,-5175.03030125913,1846.0694571784325,car,0 days 01:17:05.385000
2024-09-01 13:24:49.464,0 days 01:17:05.545000,0 days 00:01:19.549000,11129,237,6,100,False,0,car,5303.907499999997,0.9213721593135373,-1072.6922620429968,-5103.027715042251,1846.6863452821544,car,0 days 01:17:05.545000
2024-09-01 13:24:49.784,0 days 01:17:05.865000,0 days 00:01:19.869000,11400,244,6,100,False,0,car,5325.5963888888855,0.9251398604638057,-1180.1478280148517,-4912.44672438824,1848.2159108209264,car,0 days 01:17:05.865000
2024-09-01 13:24:50.024,0 days 01:17:06.105000,0 days 00:01:20.109000,11573,251,6,100,False,0,car,5342.329722222218,0.9280467036668302,-1276.9061576409995,-4694.782110181784,1848.8395865504228,car,0 days 01:17:06.105000
2024-09-01 13:24:50.184,0 days 01:17:06.265000,0 days 00:01:20.269000,11700,252,6,100,False,0,car,5353.529722222219,0.9299923198345919,-1312.6701655578456,-4608.72437679054,1849.2499507514494,car,0 days 01:17:06.265000
2024-09-01 13:24:50.384,0 days 01:17:06.465000,0 days 00:01:20.469000,11823,257,6,100,False,0,car,5367.807499999996,0.9324725944135338,-1336.0904943824257,-4533.256588113406,1849.9745955095118,car,0 days 01:17:06.465000
2024-09-01 13:24:50.624,0 days 01:17:06.705000,0 days 00:01:20.709000,10703,261,6,100,False,0,car,5385.207499999997,0.9354952481027349,-1397.0882819415506,-4306.340310382284,1851.5310631066918,car,0 days 01:17:06.705000
2024-09-01 13:24:50.904,0 days 01:17:06.985000,0 days 00:01:20.989000,10810,264,7,100,False,0,car,5405.740833333331,0.9390622110769644,-1434.6680714610063,-4145.162948813634,1852.6344587880617,car,0 days 01:17:06.985000
2024-09-01 13:24:51.345,0 days 01:17:07.426000,0 days 00:01:21.430000,10973,273,7,100,False,0,car,5439.183333333331,0.9448716993528898,-1476.680855346308,-3824.471676328885,1854.5894060773137,car,0 days 01:17:07.426000
2024-09-01 13:24:51.584,0 days 01:17:07.665000,0 days 00:01:21.669000,11120,276,7,100,False,0,car,5457.5066666666635,0.9480547505654449,-1489.1331825145899,-3642.8526897498837,1854.99100804563,car,0 days 01:17:07.665000
2024-09-01 13:24:51.784,0 days 01:17:07.865000,0 days 00:01:21.869000,11229,279,7,100,False,0,car,5473.0066666666635,0.9507473443690434,-1494.7280867363731,-3496.7022621398482,1855.608010941225,car,0 days 01:17:07.865000
2024-09-01 13:24:51.944,0 days 01:17:08.025000,0 days 00:01:22.029000,11363,283,7,100,False,0,car,5485.584444444441,0.9529323022082359,-1497.4532065581132,-3333.173114357547,1856.689857423119,car,0 days 01:17:08.025000
2024-09-01 13:24:52.184,0 days 01:17:08.265000,0 days 00:01:22.269000,11448,286,7,100,False,0,car,5504.651111111109,0.9562444821128776,-1499.171522779716,-3079.8552624351682,1858.2135137625498,car,0 days 01:17:08.265000
2024-09-01 13:24:52.384,0 days 01:17:08.465000,0 days 00:01:22.469000,11540,286,7,100,False,0,car,5520.539999999996,0.9590046320334121,-1498.7015049931292,-2993.1962031332196,1858.5260714391918,car,0 days 01:17:08.465000
2024-09-01 13:24:52.665,0 days 01:17:08.746000,0 days 00:01:22.750000,11706,288,7,100,False,0,car,5543.019999999997,0.9629097616272765,-1495.371070407727,-2788.5993507160374,1860.884249344467,car,0 days 01:17:08.746000
2024-09-01 13:24:53.025,0 days 01:17:09.106000,0 days 00:01:23.110000,11528,296,7,100,False,0,car,5572.619999999997,0.9680517472135034,-1485.3137730760152,-2431.285264433454,1861.7782287845207,car,0 days 01:17:09.106000
2024-09-01 13:24:53.225,0 days 01:17:09.306000,0 days 00:01:23.310000,10680,298,7,100,False,0,car,5589.175555555553,0.9709277076202144,-1477.5468866478548,-2219.30953236244,1863.0790023442203,car,0 days 01:17:09.306000
2024-09-01 13:24:53.625,0 days 01:17:09.706000,0 days 00:01:23.710000,10769,302,8,100,False,0,car,5622.731111111108,0.9767568354244205,-1468.2581232434807,-2016.3055486146225,1864.406548810347,car,0 days 01:17:09.706000
2024-09-01 13:24:53.905,0 days 01:17:09.986000,0 days 00:01:23.990000,10834,304,8,100,False,0,car,5646.375555555552,0.9808642473341391,-1448.6451705028542,-1676.0654219428043,1866.8137034253702,car,0 days 01:17:09.986000
2024-09-01 13:24:54.185,0 days 01:17:10.266000,0 days 00:01:24.270000,10889,306,8,100,False,0,car,5670.175555555552,0.9849986816906324,-1435.4703853309538,-1480.8443931777504,1868.799088930175,car,0 days 01:17:10.266000
2024-09-01 13:24:54.425,0 days 01:17:10.506000,0 days 00:01:24.510000,10973,308,8,100,False,0,car,5690.708888888886,0.988565644664862,-1422.3151566049592,-1304.1139264075396,1868.9669145656053,car,0 days 01:17:10.506000
2024-09-01 13:24:54.705,0 days 01:17:10.786000,0 days 00:01:24.790000,11040,310,8,100,False,0,car,5714.819999999997,0.9927541239149043,-1404.166995339888,-1054.203395468058,1869.983880654659,car,0 days 01:17:10.786000
2024-09-01 13:24:54.985,0 days 01:17:11.066000,0 days 00:01:25.070000,11140,312,8,100,False,0,car,5739.0866666666625,0.9969696256117206,-1388.099540514872,-852.8226365666253,1871.1644174448945,car,0 days 01:17:11.066000
