Date_x,SessionTime_x,Time,RPM_x,Speed_x,nGear_x,Throttle_x,Brake_x,DRS_x,Source_x,Distance,RelativeDistance,X,Y,Z,Source_y,SessionTime_y
2024-05-26 15:15:48.623,0 days 03:07:43.234000,0 days 00:00:00.052000,10470,266,7,100,False,0,car,4.09555555555556,0.0012342471092633505,-7672.3433129891355,-6432.304382301065,502.91208792698217,car,0 days 03:07:43.234000
2024-05-26 15:15:48.903,0 days 03:07:43.514000,0 days 00:00:00.332000,10601,269,7,100,False,0,car,25.01777777777778,0.0075394215713981486,-7681.263972935965,-6296.0975359719705,503.0550392230889,car,0 days 03:07:43.514000
2024-05-26 15:15:49.303,0 days 03:07:43.914000,0 days 00:00:00.732000,10387,271,7,40,False,0,car,55.12888888888889,0.01661378311807117,-7668.23584390545,-6001.218825110043,503.0600795383816,car,0 days 03:07:43.914000
2024-05-26 15:15:49.583,0 days 03:07:44.194000,0 days 00:00:01.012000,10862,259,7,0,True,0,car,75.27333333333334,0.02268456447752438,-7649.512224087188,-5759.90230592136,502.745997097799,car,0 days 03:07:44.194000
2024-05-26 15:15:49.783,0 days 03:07:44.394000,0 days 00:00:01.212000,11149,242,6,0,True,0,car,88.71777777777778,0.026736216681020452,-7639.864875573407,-5679.6517733966,503.9188861243041,car,0 days 03:07:44.394000
2024-05-26 15:15:50.103,0 days 03:07:44.714000,0 days 00:00:01.532000,11819,215,5,0,True,0,car,107.8288888888889,0.03249559006119669,-7612.111505110173,-5488.6791595837985,513.4852032747175,car,0 days 03:07:44.714000
2024-05-26 15:15:50.383,0 days 03:07:44.994000,0 days 00:00:01.812000,11131,193,4,0,True,0,car,122.84,0.0370193769429514,-7579.353448004149,-5322.708379517775,516.394712995969,car,0 days 03:07:44.994000
2024-05-26 15:15:50.663,0 days 03:07:45.274000,0 days 00:00:02.092000,11358,171,4,0,True,0,car,136.14000000000001,0.0410274989988066,-7540.887172001678,-5152.984404530264,521.7704230423574,car,0 days 03:07:45.274000
2024-05-26 15:15:50.903,0 days 03:07:45.514000,0 days 00:00:02.332000,10864,150,3,0,True,0,car,146.14000000000001,0.044041124604712774,-7521.682010069576,-5082.428419230558,522.945532471373,car,0 days 03:07:45.514000
2024-05-26 15:15:51.263,0 days 03:07:45.874000,0 days 00:00:02.692000,9228,133,3,0,True,0,car,159.44000000000003,0.048049246660567986,-7487.721153154346,-4965.058168660319,526.3321148733011,car,0 days 03:07:45.874000
2024-05-26 15:15:51.423,0 days 03:07:46.034000,0 days 00:00:02.852000,8811,123,3,0,True,0,car,164.9066666666667,0.049696695325130026,-7470.555419374242,-4910.718503429861,528.1737248733427,car,0 days 03:07:46.034000
2024-05-26 15:15:51.743,0 days 03:07:46.354000,0 days 00:00:03.172000,8244,117,3,0,True,0,car,175.3066666666667,0.05283086595527244,-7426.017993143267,-4794.334224537519,533.9014935586672,car,0 days 03:07:46.354000
2024-05-26 15:15:51.943,0 days 03:07:46.554000,0 days 00:00:03.372000,8166,115,3,0,True,0,car,181.6955555555556,0.05475623787015694,-7403.4692768528685,-4748.445502748763,535.248637972252,car,0 days 03:07:46.554000
2024-05-26 15:15:52.143,0 days 03:07:46.754000,0 days 00:00:03.572000,7936,111,3,0,False,0,car,187.86222222222227,0.05661464032713242,-7373.438153903688,-4708.845086698819,536.441359241199,car,0 days 03:07:46.754000
2024-05-26 15:15:52.543,0 days 03:07:47.154000,0 days 00:00:03.972000,8119,108,3,28,False,0,car,199.86222222222227,0.06023099105421982,-7257.006295500882,-4642.854266257065,539.7220785474022,car,0 days 03:07:47.154000
2024-05-26 15:15:52.983,0 days 03:07:47.594000,0 days 00:00:04.412000,8323,112,3,63,False,0,car,213.55111111111117,0.06435630966141583,-7136.304444791954,-4610.730530094713,544.8568513359465,car,0 days 03:07:47.594000
2024-05-26 15:15:53.223,0 days 03:07:47.834000,0 days 00:00:04.652000,8963,121,3,73,False,0,car,221.61777777777783,0.06678730098351347,-7056.733718296114,-4601.158313384792,548.5648735289484,car,0 days 03:07:47.834000
2024-05-26 15:15:53.543,0 days 03:07:48.154000,0 days 00:00:04.972000,9743,131,3,83,False,0,car,233.26222222222228,0.07029650057794642,-6940.597892109099,-4589.6171164992875,556.304188620724,car,0 days 03:07:48.154000
2024-05-26 15:15:53.903,0 days 03:07:48.514000,0 days 00:00:05.332000,8759,147,4,98,False,0,car,247.96222222222227,0.0747265302186285,-6795.253334990864,-4577.565859290522,567.4275033285421,car,0 days 03:07:48.514000
2024-05-26 15:15:54.103,0 days 03:07:48.714000,0 days 00:00:05.532000,9734,156,4,100,False,0,car,256.6288888888889,0.07733833907708051,-6711.852815280505,-4569.502761521235,575.4206014474966,car,0 days 03:07:48.714000
2024-05-26 15:15:54.463,0 days 03:07:49.074000,0 days 00:00:05.892000,10534,169,4,100,False,0,car,273.52888888888896,0.08243136635106195,-6548.637870288511,-4549.940799830261,587.9603077048571,car,0 days 03:07:49.074000
2024-05-26 15:15:54.703,0 days 03:07:49.314000,0 days 00:00:06.132000,11193,181,4,100,False,0,car,285.59555555555556,0.08606780791552204,-6442.331823530316,-4533.151172193287,595.4939358484378,car,0 days 03:07:49.314000
2024-05-26 15:15:54.943,0 days 03:07:49.554000,0 days 00:00:06.372000,11526,187,4,100,False,0,car,298.06222222222226,0.0898247945042184,-6259.353771033806,-4493.802764683102,612.9386476526985,car,0 days 03:07:49.554000
2024-05-26 15:15:55.143,0 days 03:07:49.754000,0 days 00:00:06.572000,10126,195,4,100,False,0,car,308.8955555555556,0.09308955557728342,-6121.709547371541,-4461.030075944615,625.3738748397454,car,0 days 03:07:49.754000
2024-05-26 15:15:55.303,0 days 03:07:49.914000,0 days 00:00:06.732000,10477,200,5,100,False,0,car,317.7844444444445,0.09576833389364446,-6040.7218910665015,-4440.843693792789,632.2219658333594,car,0 days 03:07:49.914000
2024-05-26 15:15:55.463,0 days 03:07:50.074000,0 days 00:00:06.892000,10800,200,5,100,False,0,car,326.6733333333334,0.09844711221000552,-5983.192726171768,-4426.8738288346,637.6526561529029,car,0 days 03:07:50.074000
2024-05-26 15:15:55.823,0 days 03:07:50.434000,0 days 00:00:07.252000,11263,215,5,100,False,0,car,348.17333333333335,0.10492640726270376,-5836.291229332819,-4390.719994681636,651.1791522255295,car,0 days 03:07:50.434000
2024-05-26 15:15:55.983,0 days 03:07:50.594000,0 days 00:00:07.412000,10412,217,5,100,False,0,car,357.8177777777778,0.1078328817359555,-5738.7582650332715,-4366.159010504784,659.9512234296689,car,0 days 03:07:50.594000
2024-05-26 15:15:56.143,0 days 03:07:50.754000,0 days 00:00:07.572000,9947,223,5,100,False,0,car,367.7288888888889,0.11081971955869804,-5643.932288763948,-4342.330298607477,669.3868128721714,car,0 days 03:07:50.754000
2024-05-26 15:15:56.423,0 days 03:07:51.034000,0 days 00:00:07.852000,10312,229,6,100,False,0,car,385.54,0.11618732161010649,-5474.852957815836,-4298.226117079286,684.633690851266,car,0 days 03:07:51.034000
2024-05-26 15:15:56.583,0 days 03:07:51.194000,0 days 00:00:08.012000,10312,231,6,100,False,0,car,395.8066666666667,0.11928131056550348,-5380.57270405496,-4274.502930699908,693.3772010579098,car,0 days 03:07:51.194000
2024-05-26 15:15:56.783,0 days 03:07:51.394000,0 days 00:00:08.212000,10633,235,6,100,False,0,car,408.86222222222216,0.12321576621765874,-5200.557936671004,-4236.770195922457,710.6428301556659,car,0 days 03:07:51.394000
2024-05-26 15:15:56.943,0 days 03:07:51.554000,0 days 00:00:08.372000,10735,239,6,100,False,0,car,419.48444444444436,0.12641690630571017,-5095.61330539302,-4217.7372408995725,720.3608965636437,car,0 days 03:07:51.554000
2024-05-26 15:15:57.263,0 days 03:07:51.874000,0 days 00:00:08.692000,10998,244,6,100,False,0,car,441.1733333333333,0.13295312539763113,-4944.301158512712,-4204.290453838698,733.2709766738454,car,0 days 03:07:51.874000
2024-05-26 15:15:57.703,0 days 03:07:52.314000,0 days 00:00:09.132000,11212,249,6,100,False,0,car,471.60666666666657,0.14212459265827224,-4653.188047888521,-4170.644226263168,762.1173192115431,car,0 days 03:07:52.314000
2024-05-26 15:15:58.063,0 days 03:07:52.674000,0 days 00:00:09.492000,11199,253,6,100,False,0,car,496.90666666666664,0.14974906544121486,-4324.947747245921,-4040.0216081096905,791.1175718661804,car,0 days 03:07:52.674000
2024-05-26 15:15:58.263,0 days 03:07:52.874000,0 days 00:00:09.692000,10305,256,6,100,False,0,car,511.1288888888888,0.1540351107473925,-4150.412572105024,-3959.1222290301316,806.1425508783607,car,0 days 03:07:52.874000
2024-05-26 15:15:59.183,0 days 03:07:53.794000,0 days 00:00:10.612000,10287,263,7,100,False,0,car,578.3399999999999,0.17429002329197743,-3661.4119052417905,-3773.1241600656745,844.2410383048182,car,0 days 03:07:53.794000
2024-05-26 15:15:59.343,0 days 03:07:53.954000,0 days 00:00:10.772000,10075,262,7,0,True,0,car,589.9844444444444,0.1777992228864104,-3545.143269412081,-3750.4730462560174,851.0098118897995,car,0 days 03:07:53.954000
2024-05-26 15:15:59.623,0 days 03:07:54.234000,0 days 00:00:11.052000,10341,246,7,0,True,0,car,609.1177777777777,0.18356529321237752,-3351.6840994129234,-3722.6397091283543,858.1033896724647,car,0 days 03:07:54.234000
2024-05-26 15:15:59.823,0 days 03:07:54.434000,0 days 00:00:11.252000,11051,233,6,0,True,0,car,622.0622222222222,0.1874662641355783,-3226.4430484873646,-3708.44147694262,861.5209041418602,car,0 days 03:07:54.434000
2024-05-26 15:16:00.224,0 days 03:07:54.835000,0 days 00:00:11.653000,11229,210,5,0,True,0,car,645.4538888888889,0.19451563669872715,-2926.2662840476014,-3663.051489204213,861.4963699649431,car,0 days 03:07:54.835000
2024-05-26 15:16:00.383,0 days 03:07:54.994000,0 days 00:00:11.812000,12202,207,5,0,True,0,car,654.5963888888888,0.19727084390892685,-2879.7280205928887,-3650.5137993532185,860.9382120860795,car,0 days 03:07:54.994000
2024-05-26 15:16:00.583,0 days 03:07:55.194000,0 days 00:00:12.012000,11385,198,4,0,True,0,car,665.5963888888889,0.20058583207542366,-2791.627561600583,-3622.324880630368,861.5003704061805,car,0 days 03:07:55.194000
2024-05-26 15:16:00.943,0 days 03:07:55.554000,0 days 00:00:12.372000,10910,181,4,0,True,0,car,683.6963888888889,0.20604049442211383,-2615.9111007037927,-3541.0288626394695,863.4448086883187,car,0 days 03:07:55.554000
2024-05-26 15:16:01.103,0 days 03:07:55.714000,0 days 00:00:12.532000,10514,178,4,0,True,0,car,691.6075000000001,0.20842460712367517,-2556.52308403345,-3502.7008614137926,864.3669772458859,car,0 days 03:07:55.714000
2024-05-26 15:16:01.343,0 days 03:07:55.954000,0 days 00:00:12.772000,11086,174,4,0,True,0,car,703.2075000000001,0.21192041282652635,-2464.7788011076627,-3429.63387091382,864.9923717099236,car,0 days 03:07:55.954000
2024-05-26 15:16:01.703,0 days 03:07:56.314000,0 days 00:00:13.132000,11804,164,3,0,False,0,car,719.6075000000001,0.21686275882021244,-2359.8003182568564,-3303.556067125836,866.3719977421802,car,0 days 03:07:56.314000
2024-05-26 15:16:01.983,0 days 03:07:56.594000,0 days 00:00:13.412000,11249,160,3,0,False,0,car,732.0519444444445,0.2206130484631179,-2304.9002975612348,-3191.4198190844977,867.6916373935319,car,0 days 03:07:56.594000
2024-05-26 15:16:02.143,0 days 03:07:56.754000,0 days 00:00:13.572000,11119,157,3,0,False,0,car,739.0297222222223,0.2227158894414613,-2283.8926465921354,-3132.5308775481735,868.4268976499336,car,0 days 03:07:56.754000
2024-05-26 15:16:02.503,0 days 03:07:57.114000,0 days 00:00:13.932000,10679,150,3,0,False,0,car,754.0297222222223,0.22723632785032058,-2263.302328739081,-2936.981333288428,871.6639443677933,car,0 days 03:07:57.114000
2024-05-26 15:16:02.743,0 days 03:07:57.354000,0 days 00:00:14.172000,10419,148,3,0,False,0,car,763.896388888889,0.23020977178148133,-2265.9163836982702,-2843.680522015562,873.564744583385,car,0 days 03:07:57.354000
2024-05-26 15:16:02.983,0 days 03:07:57.594000,0 days 00:00:14.412000,10047,145,3,8,False,0,car,773.5630555555556,0.23312294320052396,-2278.047887842619,-2795.5632788575385,874.0048272948541,car,0 days 03:07:57.594000
2024-05-26 15:16:03.143,0 days 03:07:57.754000,0 days 00:00:14.572000,10485,142,3,20,False,0,car,779.8741666666666,0.23502487580514025,-2292.6334072583923,-2733.686171744693,874.5036338911718,car,0 days 03:07:57.754000
2024-05-26 15:16:03.423,0 days 03:07:58.034000,0 days 00:00:14.852000,10182,140,3,40,False,0,car,790.7630555555555,0.23830637924268255,-2354.3110645270126,-2578.7929051039955,883.77292224775,car,0 days 03:07:58.034000
2024-05-26 15:16:03.663,0 days 03:07:58.274000,0 days 00:00:15.092000,10160,140,3,32,False,0,car,800.0963888888889,0.24111909647486165,-2381.665817328976,-2524.5815143546374,885.4118652013929,car,0 days 03:07:58.274000
2024-05-26 15:16:03.903,0 days 03:07:58.514000,0 days 00:00:15.332000,10133,139,3,41,False,0,car,809.3630555555555,0.24391172286966803,-2420.439578319595,-2463.2196572843873,884.927118429128,car,0 days 03:07:58.514000
2024-05-26 15:16:04.143,0 days 03:07:58.754000,0 days 00:00:15.572000,10293,140,3,52,False,0,car,818.6963888888888,0.2467244401018471,-2475.0633153692165,-2385.3794565513804,885.9016865050543,car,0 days 03:07:58.754000
2024-05-26 15:16:04.463,0 days 03:07:59.074000,0 days 00:00:15.892000,10112,143,3,0,True,0,car,831.4074999999999,0.2505550930942434,-2554.27025706882,-2287.138400047192,884.885362618249,car,0 days 03:07:59.074000
2024-05-26 15:16:04.623,0 days 03:07:59.234000,0 days 00:00:16.052000,9905,142,3,0,True,0,car,837.718611111111,0.25245702569885975,-2596.1607769410325,-2237.3870310783986,884.9068540671913,car,0 days 03:07:59.234000
2024-05-26 15:16:04.863,0 days 03:07:59.474000,0 days 00:00:16.292000,9582,137,3,0,False,0,car,846.8519444444445,0.2552094704189207,-2652.939254044789,-2164.9490381190394,886.1164074144694,car,0 days 03:07:59.474000
2024-05-26 15:16:05.023,0 days 03:07:59.634000,0 days 00:00:16.452000,9604,135,3,0,False,0,car,852.8519444444445,0.25701764578246444,-2685.5569057881085,-2118.704658267575,886.5416972054081,car,0 days 03:07:59.634000
2024-05-26 15:16:05.183,0 days 03:07:59.794000,0 days 00:00:16.612000,9292,135,3,0,False,0,car,858.8519444444444,0.2588258211460081,-2722.179706180095,-2039.5878681780962,888.8881658021755,car,0 days 03:07:59.794000
2024-05-26 15:16:05.463,0 days 03:08:00.074000,0 days 00:00:16.892000,9244,130,3,9,False,0,car,868.9630555555556,0.2618729314808688,-2747.1468206252493,-1959.3386779722105,891.4736379681692,car,0 days 03:08:00.074000
2024-05-26 15:16:05.943,0 days 03:08:00.554000,0 days 00:00:17.372000,9512,128,3,46,False,0,car,886.0297222222223,0.267016185848282,-2723.860859647273,-1781.3722091408808,894.9253013503801,car,0 days 03:08:00.554000
2024-05-26 15:16:06.263,0 days 03:08:00.874000,0 days 00:00:17.692000,9533,131,3,50,False,0,car,897.6741666666668,0.270525385442715,-2670.1440574099925,-1655.405700076692,892.0523419388203,car,0 days 03:08:00.874000
2024-05-26 15:16:06.423,0 days 03:08:01.034000,0 days 00:00:17.852000,10016,133,3,50,False,0,car,903.585277777778,0.2723067730230951,-2640.5596795856995,-1604.289139780722,887.7272084638732,car,0 days 03:08:01.034000
2024-05-26 15:16:06.743,0 days 03:08:01.354000,0 days 00:00:18.172000,8859,142,4,74,False,0,car,916.2075000000002,0.2761106382323278,-2598.041082636872,-1534.5797907156677,880.4233644205417,car,0 days 03:08:01.354000
2024-05-26 15:16:06.984,0 days 03:08:01.595000,0 days 00:00:18.413000,9528,150,4,88,False,0,car,926.2491666666668,0.2791368206115919,-2515.908676097169,-1429.7461353219178,870.187007058096,car,0 days 03:08:01.595000
2024-05-26 15:16:07.143,0 days 03:08:01.754000,0 days 00:00:18.572000,9837,154,4,95,False,0,car,933.0508333333335,0.2811865882945424,-2455.0104172420383,-1355.8239169256121,863.1611750494843,car,0 days 03:08:01.754000
2024-05-26 15:16:07.503,0 days 03:08:02.114000,0 days 00:00:18.932000,10748,176,4,100,False,0,car,950.6508333333335,0.28649056936093725,-2388.6755691444278,-1283.8753455205065,856.1737443129284,car,0 days 03:08:02.114000
2024-05-26 15:16:07.943,0 days 03:08:02.554000,0 days 00:00:19.372000,10189,191,5,100,False,0,car,973.995277777778,0.2935257109142805,-2209.876282457171,-1079.0141061543616,836.8273809857282,car,0 days 03:08:02.554000
2024-05-26 15:16:08.103,0 days 03:08:02.714000,0 days 00:00:19.532000,10408,199,5,100,False,0,car,982.8397222222225,0.2961910953390597,-2183.0991077212725,-1040.7896759490454,832.8323985930498,car,0 days 03:08:02.714000
2024-05-26 15:16:08.303,0 days 03:08:02.914000,0 days 00:00:19.732000,10780,206,5,100,False,0,car,994.2841666666669,0.29964002242137455,-2129.6456525664375,-963.2882906342842,825.8722450208967,car,0 days 03:08:02.914000
2024-05-26 15:16:08.463,0 days 03:08:03.074000,0 days 00:00:19.892000,10951,209,5,98,False,0,car,1003.5730555555558,0.30243934576197185,-2057.4728578703557,-857.1438838803404,815.7848498103021,car,0 days 03:08:03.074000
2024-05-26 15:16:08.823,0 days 03:08:03.434000,0 days 00:00:20.252000,10833,191,5,0,True,0,car,1022.6730555555558,0.3081953706692526,-1925.0959957379,-668.0412563798845,797.2079909370551,car,0 days 03:08:03.434000
2024-05-26 15:16:09.023,0 days 03:08:03.634000,0 days 00:00:20.452000,10579,176,5,0,True,0,car,1032.4508333333338,0.31114202681724984,-1874.202745539793,-601.8620514706233,791.9842247096132,car,0 days 03:08:03.634000
2024-05-26 15:16:09.183,0 days 03:08:03.794000,0 days 00:00:20.612000,11419,167,4,0,True,0,car,1039.8730555555558,0.3133788067114112,-1826.1121419803762,-539.6872154109175,786.916504710736,car,0 days 03:08:03.794000
2024-05-26 15:16:09.543,0 days 03:08:04.154000,0 days 00:00:20.972000,10344,137,3,0,True,0,car,1053.5730555555558,0.3175074737915027,-1714.3150720916108,-405.6893203803862,773.8347387737665,car,0 days 03:08:04.154000
2024-05-26 15:16:09.823,0 days 03:08:04.434000,0 days 00:00:21.252000,10605,124,3,0,True,0,car,1063.2175000000002,0.3204139482647544,-1663.677709016389,-347.66029827248656,768.1690954077154,car,0 days 03:08:04.434000
2024-05-26 15:16:10.183,0 days 03:08:04.794000,0 days 00:00:21.612000,9116,104,2,0,True,0,car,1073.6175000000003,0.3235481188948968,-1589.4105199389437,-269.2806560345904,760.6102663886777,car,0 days 03:08:04.794000
2024-05-26 15:16:10.463,0 days 03:08:05.074000,0 days 00:00:21.892000,8249,94,2,0,True,0,car,1080.9286111111114,0.3257514140601038,-1520.8083591097366,-221.9958793677149,753.1932327494433,car,0 days 03:08:05.074000
2024-05-26 15:16:10.703,0 days 03:08:05.314000,0 days 00:00:22.132000,7642,88,2,0,True,0,car,1086.7952777777782,0.32751940774890215,-1456.9269804576456,-194.77990663157402,748.9934672546282,car,0 days 03:08:05.314000
2024-05-26 15:16:11.023,0 days 03:08:05.634000,0 days 00:00:22.452000,7454,83,2,0,False,0,car,1094.173055555556,0.3297427937514818,-1412.4741894134518,-201.45545934675778,744.5572140449908,car,0 days 03:08:05.634000
2024-05-26 15:16:11.183,0 days 03:08:05.794000,0 days 00:00:22.612000,7169,83,2,0,False,0,car,1097.8619444444448,0.3308544867527716,-1378.0475233891848,-210.65615434045827,741.5596091312373,car,0 days 03:08:05.794000
2024-05-26 15:16:11.383,0 days 03:08:05.994000,0 days 00:00:22.812000,7025,82,2,0,False,0,car,1102.4175000000005,0.33222736063990665,-1337.9276157320182,-232.55025719355604,738.1861910073741,car,0 days 03:08:05.994000
2024-05-26 15:16:11.583,0 days 03:08:06.194000,0 days 00:00:23.012000,6863,80,2,0,False,0,car,1106.8619444444448,0.33356674979808715,-1302.043467525689,-259.7874909596624,731.7143867691589,car,0 days 03:08:06.194000
2024-05-26 15:16:11.903,0 days 03:08:06.514000,0 days 00:00:23.332000,7037,76,2,18,False,0,car,1113.6175000000003,0.33560262131852153,-1259.595754986664,-313.8382334857963,727.5176191903474,car,0 days 03:08:06.514000
2024-05-26 15:16:12.263,0 days 03:08:06.874000,0 days 00:00:23.692000,7621,80,2,44,False,0,car,1121.6175000000003,0.33801352180324645,-1230.4065541883351,-386.5270862693877,722.5029745653896,car,0 days 03:08:06.874000
2024-05-26 15:16:12.503,0 days 03:08:07.114000,0 days 00:00:23.932000,8203,86,2,54,False,0,car,1127.3508333333336,0.3397413338172993,-1216.0261632542429,-439.11998271293606,719.3833966851895,car,0 days 03:08:07.114000
2024-05-26 15:16:12.783,0 days 03:08:07.394000,0 days 00:00:24.212000,9125,92,2,59,False,0,car,1134.5063888888892,0.34189775036196995,-1195.6590880942938,-519.0978018046322,711.7808292359628,car,0 days 03:08:07.394000
2024-05-26 15:16:13.103,0 days 03:08:07.714000,0 days 00:00:24.532000,10135,107,2,67,False,0,car,1144.0175000000004,0.3447640431604763,-1171.2942196998329,-604.3935602959965,704.74888075415,car,0 days 03:08:07.714000
2024-05-26 15:16:13.303,0 days 03:08:07.914000,0 days 00:00:24.732000,10017,116,2,74,False,0,car,1150.4619444444447,0.346706157439838,-1154.5300932044036,-655.3075302329531,701.0845809435934,car,0 days 03:08:07.914000
2024-05-26 15:16:13.504,0 days 03:08:08.115000,0 days 00:00:24.933000,9145,123,3,74,False,0,car,1157.3294444444448,0.34877576482469413,-1130.1963827439909,-725.0782889130411,696.1177732242045,car,0 days 03:08:08.115000
2024-05-26 15:16:13.664,0 days 03:08:08.275000,0 days 00:00:25.093000,9285,127,3,69,False,0,car,1162.9738888888892,0.3504767890555834,-1109.6661530939327,-775.2278855149237,691.7580947426801,car,0 days 03:08:08.275000
2024-05-26 15:16:13.983,0 days 03:08:08.594000,0 days 00:00:25.412000,9229,131,3,0,True,0,car,1174.5819444444446,0.3539750224012837,-1058.1080945712586,-882.9574543110688,684.0653928404025,car,0 days 03:08:08.594000
2024-05-26 15:16:14.223,0 days 03:08:08.834000,0 days 00:00:25.652000,9736,116,3,0,True,0,car,1182.315277777778,0.35630555953651777,-1032.6551602277768,-931.9039913376005,679.2398168088614,car,0 days 03:08:08.834000
2024-05-26 15:16:14.423,0 days 03:08:09.034000,0 days 00:00:25.852000,9862,111,2,0,True,0,car,1188.4819444444447,0.35816396199349326,-1020.1258616950137,-952.2328240409503,675.862830572011,car,0 days 03:08:09.034000
2024-05-26 15:16:14.823,0 days 03:08:09.434000,0 days 00:00:26.252000,7902,86,2,0,True,0,car,1198.0375000000001,0.36104364868358135,-967.2816844639308,-1028.2037416076328,670.8708096423168,car,0 days 03:08:09.434000
2024-05-26 15:16:14.983,0 days 03:08:09.594000,0 days 00:00:26.412000,8462,82,2,0,True,0,car,1201.6819444444445,0.3621419477932894,-944.1724565318126,-1055.7330205446258,669.1054492004364,car,0 days 03:08:09.594000
2024-05-26 15:16:15.223,0 days 03:08:09.834000,0 days 00:00:26.652000,8594,72,1,0,True,0,car,1206.4819444444445,0.3635884880841243,-908.2215998285759,-1089.0434652241486,665.1458934273575,car,0 days 03:08:09.834000
2024-05-26 15:16:15.503,0 days 03:08:10.114000,0 days 00:00:26.932000,7875,65,1,0,True,0,car,1211.5375,0.3651120432515546,-864.0157401035779,-1116.797253448306,661.3814437331044,car,0 days 03:08:10.114000
2024-05-26 15:16:15.743,0 days 03:08:10.354000,0 days 00:00:27.172000,7117,63,1,0,True,0,car,1215.7375,0.3663777660060352,-828.4788248765923,-1130.1127801865432,659.7629211799506,car,0 days 03:08:10.354000
2024-05-26 15:16:15.943,0 days 03:08:10.554000,0 days 00:00:27.372000,6520,60,1,0,True,0,car,1219.0708333333332,0.3673823078746706,-779.5573282612136,-1128.0270222430677,657.2972019452952,car,0 days 03:08:10.554000
2024-05-26 15:16:16.183,0 days 03:08:10.794000,0 days 00:00:27.612000,6219,57,1,0,False,0,car,1222.8708333333332,0.36852748560491494,-748.8584500861152,-1117.0253809972737,656.0607013298774,car,0 days 03:08:10.794000
2024-05-26 15:16:16.383,0 days 03:08:10.994000,0 days 00:00:27.812000,6015,55,1,0,False,0,car,1225.9263888888888,0.3694483156511641,-742.4878018724108,-1099.635351820013,655.9873875685028,car,0 days 03:08:10.994000
2024-05-26 15:16:16.783,0 days 03:08:11.394000,0 days 00:00:28.212000,5309,51,1,0,False,0,car,1231.5930555555556,0.37115603682784426,-729.9659472673288,-1043.015185160627,652.1156639665359,car,0 days 03:08:11.394000
2024-05-26 15:16:17.063,0 days 03:08:11.674000,0 days 00:00:28.492000,5292,48,1,8,False,0,car,1235.326388888889,0.3722811237207159,-736.3571078055468,-1003.4169744588439,647.7467096175768,car,0 days 03:08:11.674000
2024-05-26 15:16:17.303,0 days 03:08:11.914000,0 days 00:00:28.732000,6042,46,1,14,False,0,car,1238.3930555555555,0.3732053022398604,-745.3955360760921,-972.4058208158533,643.2691420707,car,0 days 03:08:11.914000
2024-05-26 15:16:17.663,0 days 03:08:12.274000,0 days 00:00:29.092000,6824,49,1,24,False,0,car,1243.2930555555556,0.37468197878675447,-766.1464575070113,-928.19811602827,641.6116518383484,car,0 days 03:08:12.274000
2024-05-26 15:16:17.823,0 days 03:08:12.434000,0 days 00:00:29.252000,6521,52,1,25,False,0,car,1245.6041666666667,0.37537846114900836,-776.4357126140283,-910.0024406826126,639.042124344957,car,0 days 03:08:12.434000
2024-05-26 15:16:17.983,0 days 03:08:12.594000,0 days 00:00:29.412000,6801,54,1,36,False,0,car,1248.0041666666668,0.37610173129442587,-796.4805540526221,-881.5184995285648,635.08739692624,car,0 days 03:08:12.594000
2024-05-26 15:16:18.343,0 days 03:08:12.954000,0 days 00:00:29.772000,7898,65,1,43,False,0,car,1254.5041666666668,0.37806058793826486,-831.864505333518,-837.7758546775849,630.2511663002896,car,0 days 03:08:12.954000
2024-05-26 15:16:18.703,0 days 03:08:13.314000,0 days 00:00:30.132000,9257,78,1,54,False,0,car,1262.3041666666668,0.3804112159108717,-876.3059172471867,-790.8755773509108,623.9264747192548,car,0 days 03:08:13.314000
2024-05-26 15:16:18.943,0 days 03:08:13.554000,0 days 00:00:30.372000,8034,85,2,55,False,0,car,1267.9708333333335,0.38211893708755185,-911.0508381408566,-755.3835373474293,619.6467090848782,car,0 days 03:08:13.554000
2024-05-26 15:16:19.143,0 days 03:08:13.754000,0 days 00:00:30.572000,8206,91,2,49,False,0,car,1273.026388888889,0.38364249225498215,-962.2737355726337,-698.9341762122594,614.1872030179047,car,0 days 03:08:13.754000
2024-05-26 15:16:19.303,0 days 03:08:13.914000,0 days 00:00:30.732000,8094,91,2,0,True,0,car,1277.0708333333334,0.38486133638892644,-984.3273608890923,-673.820691749974,611.6465943277228,car,0 days 03:08:13.914000
2024-05-26 15:16:19.463,0 days 03:08:14.074000,0 days 00:00:30.892000,7950,91,2,0,True,0,car,1281.115277777778,0.38608018052287074,-995.2638355442405,-653.631668401958,610.1001527961453,car,0 days 03:08:14.074000
2024-05-26 15:16:19.663,0 days 03:08:14.274000,0 days 00:00:31.092000,7759,89,2,0,False,0,car,1286.0597222222223,0.38757025096134656,-1018.1371096841075,-597.1261515455523,607.0604402929589,car,0 days 03:08:14.274000
2024-05-26 15:16:19.863,0 days 03:08:14.474000,0 days 00:00:31.292000,7573,88,2,0,False,0,car,1290.9486111111112,0.38904357903534514,-1030.9099313302358,-549.741025773168,605.2811219510261,car,0 days 03:08:14.474000
2024-05-26 15:16:20.144,0 days 03:08:14.755000,0 days 00:00:31.573000,7419,85,2,0,False,0,car,1297.5833333333333,0.39104303591304146,-1024.525941038859,-502.00626669599643,603.1447349110944,car,0 days 03:08:14.755000
2024-05-26 15:16:20.304,0 days 03:08:14.915000,0 days 00:00:31.733000,7220,83,2,0,False,0,car,1301.2722222222221,0.3921547289143313,-1013.6028661165357,-465.5077364670599,599.2149362719223,car,0 days 03:08:14.915000
2024-05-26 15:16:20.464,0 days 03:08:15.075000,0 days 00:00:31.893000,7236,84,2,5,False,0,car,1305.0055555555555,0.3932798158072029,-996.7558971697177,-433.3082671266974,593.7812397258405,car,0 days 03:08:15.075000
2024-05-26 15:16:20.783,0 days 03:08:15.394000,0 days 00:00:32.212000,7681,81,2,16,False,0,car,1312.1830555555555,0.39544284558584203,-936.657380140704,-371.43587009017494,588.8363357392044,car,0 days 03:08:15.394000
2024-05-26 15:16:20.943,0 days 03:08:15.554000,0 days 00:00:32.372000,8030,82,2,25,False,0,car,1315.8274999999999,0.3965411446955501,-908.6828738418458,-349.3630402356679,586.6183186329887,car,0 days 03:08:15.554000
2024-05-26 15:16:21.223,0 days 03:08:15.834000,0 days 00:00:32.652000,7910,86,2,34,False,0,car,1322.5163888888887,0.39855692537861176,-863.1244526343553,-321.2810425360183,580.7234189832379,car,0 days 03:08:15.834000
2024-05-26 15:16:21.383,0 days 03:08:15.994000,0 days 00:00:32.812000,8469,87,2,41,False,0,car,1326.3830555555553,0.39972219394622877,-827.9549328277211,-302.0065244418246,576.2478196920468,car,0 days 03:08:15.994000
2024-05-26 15:16:21.663,0 days 03:08:16.274000,0 days 00:00:33.092000,8958,91,2,56,False,0,car,1333.460833333333,0.40185517118063124,-761.4501627291382,-270.3189947476971,568.9047556781189,car,0 days 03:08:16.274000
2024-05-26 15:16:21.983,0 days 03:08:16.594000,0 days 00:00:33.412000,10030,104,2,71,False,0,car,1342.7052777777776,0.40464110062964675,-680.0812914861847,-236.20617883137336,564.079780532719,car,0 days 03:08:16.594000
2024-05-26 15:16:22.503,0 days 03:08:17.114000,0 days 00:00:33.932000,9585,107,2,0,True,0,car,1358.1608333333334,0.40929882642721954,-531.7826411676399,-186.8115170400185,556.1476491600657,car,0 days 03:08:17.114000
2024-05-26 15:16:22.823,0 days 03:08:17.434000,0 days 00:00:34.252000,8700,98,2,0,True,0,car,1366.8719444444446,0.4119240291772534,-441.82296899346227,-170.45479895485616,552.1467550071693,car,0 days 03:08:17.434000
2024-05-26 15:16:22.983,0 days 03:08:17.594000,0 days 00:00:34.412000,8351,96,2,0,True,0,car,1371.1386111111112,0.4132098427691067,-399.73670716859573,-168.2771669101054,550.871132857287,car,0 days 03:08:17.594000
2024-05-26 15:16:23.143,0 days 03:08:17.754000,0 days 00:00:34.572000,8233,93,2,0,True,0,car,1375.2719444444447,0.41445547468621463,-345.43256117541307,-179.92066229919826,548.1864764343185,car,0 days 03:08:17.754000
2024-05-26 15:16:23.423,0 days 03:08:18.034000,0 days 00:00:34.852000,7854,91,2,0,False,0,car,1382.3497222222222,0.41658845192061705,-277.4621304049597,-209.76113230317918,545.3815214346022,car,0 days 03:08:18.034000
2024-05-26 15:16:23.663,0 days 03:08:18.274000,0 days 00:00:35.092000,7650,88,2,0,False,0,car,1388.216388888889,0.4183564456094154,-257.66137677066166,-240.16569159973625,546.0017392323433,car,0 days 03:08:18.274000
2024-05-26 15:16:23.823,0 days 03:08:18.434000,0 days 00:00:35.252000,7650,87,2,0,False,0,car,1392.0830555555558,0.41952171417703243,-239.80450865817647,-273.3297661303015,545.7054982137271,car,0 days 03:08:18.434000
2024-05-26 15:16:24.143,0 days 03:08:18.754000,0 days 00:00:35.572000,7717,82,2,23,False,0,car,1399.3719444444448,0.4217183123964485,-211.85948949407924,-346.3166714490863,544.0754257657368,car,0 days 03:08:18.754000
2024-05-26 15:16:24.463,0 days 03:08:19.074000,0 days 00:00:35.892000,8365,86,2,45,False,0,car,1407.0163888888892,0.42402206174851903,-195.88275359427652,-421.527679839044,545.0295009666133,car,0 days 03:08:19.074000
2024-05-26 15:16:24.783,0 days 03:08:19.394000,0 days 00:00:36.212000,8881,90,2,54,False,0,car,1415.0163888888892,0.42643296223324395,-188.11996387834373,-498.42251269326084,544.998750553191,car,0 days 03:08:19.394000
2024-05-26 15:16:25.183,0 days 03:08:19.794000,0 days 00:00:36.612000,9273,103,2,73,False,0,car,1426.4608333333335,0.42988188931555876,-185.41387275577932,-605.6723368167387,544.9932560140727,car,0 days 03:08:19.794000
2024-05-26 15:16:25.583,0 days 03:08:20.194000,0 days 00:00:37.012000,9019,118,3,80,False,0,car,1439.5719444444446,0.4338330873321913,-190.69603918342673,-723.886909279461,545.0642839484289,car,0 days 03:08:20.194000
2024-05-26 15:16:26.023,0 days 03:08:20.634000,0 days 00:00:37.452000,10600,142,3,92,False,0,car,1456.9275,0.4390634019948862,-209.5386764533654,-899.9176701377584,543.9600070111528,car,0 days 03:08:20.634000
2024-05-26 15:16:26.383,0 days 03:08:20.994000,0 days 00:00:37.812000,10005,157,4,100,False,0,car,1472.6275,0.44379479419615886,-223.6431078097026,-1025.8079013902657,543.0082601763439,car,0 days 03:08:20.994000
2024-05-26 15:16:26.624,0 days 03:08:21.235000,0 days 00:00:38.053000,10598,171,4,100,False,0,car,1484.075,0.44724464210851994,-235.6312568785882,-1134.9193390019936,542.9968886673171,car,0 days 03:08:21.235000
2024-05-26 15:16:26.904,0 days 03:08:21.515000,0 days 00:00:38.333000,11271,183,4,100,False,0,car,1498.3083333333334,0.45153403588759305,-251.73286722041078,-1281.7026088405835,542.9684229794533,car,0 days 03:08:21.515000
2024-05-26 15:16:27.303,0 days 03:08:21.914000,0 days 00:00:38.732000,10559,195,4,100,False,0,car,1519.9208333333333,0.45804723422835775,-273.0282361722664,-1481.8850402320058,542.670637380883,car,0 days 03:08:21.914000
2024-05-26 15:16:27.543,0 days 03:08:22.154000,0 days 00:00:38.972000,10769,205,5,100,False,0,car,1533.5875,0.4621658558897629,-288.8502920404418,-1615.8410811082824,541.9669829294643,car,0 days 03:08:22.154000
2024-05-26 15:16:27.783,0 days 03:08:22.394000,0 days 00:00:39.212000,11211,211,5,100,False,0,car,1547.654166666667,0.4664050225754043,-315.56723780303463,-1764.5790240770361,542.0081412547405,car,0 days 03:08:22.394000
2024-05-26 15:16:27.983,0 days 03:08:22.594000,0 days 00:00:39.412000,11188,217,5,100,False,0,car,1559.7097222222221,0.47003811566696885,-342.7230753466221,-1871.0807287688622,541.9903714501842,car,0 days 03:08:22.594000
2024-05-26 15:16:28.343,0 days 03:08:22.954000,0 days 00:00:39.772000,10227,227,6,100,False,0,car,1582.4097222222222,0.4768790457923759,-407.7990015685992,-2080.6533468686866,541.4793756045722,car,0 days 03:08:22.954000
2024-05-26 15:16:28.743,0 days 03:08:23.354000,0 days 00:00:40.172000,10623,236,6,100,False,0,car,1608.6319444444443,0.4847814418256409,-498.8515751271269,-2331.071691266417,541.0244351167491,car,0 days 03:08:23.354000
2024-05-26 15:16:29.103,0 days 03:08:23.714000,0 days 00:00:40.532000,10960,245,6,100,False,0,car,1633.1319444444443,0.492164824560111,-623.7788745994468,-2629.66032422432,540.9984003553163,car,0 days 03:08:23.714000
2024-05-26 15:16:29.383,0 days 03:08:23.994000,0 days 00:00:40.812000,11180,248,6,100,False,0,car,1652.4208333333333,0.49797777350661454,-671.0002275976234,-2733.32135848919,541.01256581558,car,0 days 03:08:23.994000
2024-05-26 15:16:29.623,0 days 03:08:24.234000,0 days 00:00:41.052000,11263,252,6,100,False,0,car,1669.2208333333335,0.503040664524537,-739.1118357982278,-2865.0121693802776,540.9388203937848,car,0 days 03:08:24.234000
2024-05-26 15:16:30.023,0 days 03:08:24.634000,0 days 00:00:41.452000,10482,258,6,100,False,0,car,1697.8875,0.5116797245948013,-923.7237088256173,-3132.712255762362,542.0700065147985,car,0 days 03:08:24.634000
2024-05-26 15:16:30.383,0 days 03:08:24.994000,0 days 00:00:41.812000,10388,260,7,100,False,0,car,1723.8875,0.5195151511701573,-1108.7006950577038,-3308.9318638148743,541.9903374574651,car,0 days 03:08:24.994000
2024-05-26 15:16:30.863,0 days 03:08:25.474000,0 days 00:00:42.292000,10569,265,7,100,False,0,car,1759.2208333333338,0.5301632949776925,-1416.1653847643306,-3494.8580667754104,540.9170095334323,car,0 days 03:08:25.474000
2024-05-26 15:16:31.143,0 days 03:08:25.754000,0 days 00:00:42.572000,10592,268,7,100,False,0,car,1780.0652777777782,0.5364450301295591,-1734.4058001748529,-3646.2800884201097,539.7458359754974,car,0 days 03:08:25.754000
2024-05-26 15:16:31.343,0 days 03:08:25.954000,0 days 00:00:42.772000,10664,270,7,100,False,0,car,1795.065277777778,0.5409654685384183,-1809.897947490067,-3683.269346898134,540.6403316430203,car,0 days 03:08:25.954000
2024-05-26 15:16:31.583,0 days 03:08:26.194000,0 days 00:00:43.012000,10826,272,7,100,False,0,car,1813.1986111111114,0.5464301763037949,-1914.861587578435,-3736.3489196181426,541.0784443083361,car,0 days 03:08:26.194000
2024-05-26 15:16:31.863,0 days 03:08:26.474000,0 days 00:00:43.292000,10741,275,7,100,False,0,car,1834.5875000000003,0.5528759866275387,-2081.4665015586447,-3821.748697967773,541.0130871175284,car,0 days 03:08:26.474000
2024-05-26 15:16:32.103,0 days 03:08:26.714000,0 days 00:00:43.532000,10928,277,7,100,False,0,car,1853.0541666666666,0.5584411485797786,-2248.3719543426405,-3905.089961630963,540.8485797098946,car,0 days 03:08:26.714000
2024-05-26 15:16:32.263,0 days 03:08:26.874000,0 days 00:00:43.692000,10922,278,7,100,False,0,car,1865.4097222222224,0.5621646504395206,-2348.00441597158,-3953.058693760573,541.3713048410261,car,0 days 03:08:26.874000
2024-05-26 15:16:32.423,0 days 03:08:27.034000,0 days 00:00:43.852000,11006,278,7,100,False,0,car,1877.7652777777778,0.5658881522992624,-2443.866417545565,-3997.496298486699,542.1328871186846,car,0 days 03:08:27.034000
2024-05-26 15:16:32.663,0 days 03:08:27.274000,0 days 00:00:44.092000,10935,280,7,76,False,0,car,1896.4319444444445,0.5715135867636205,-2619.0394723134796,-4073.7885401376207,541.9658937435622,car,0 days 03:08:27.274000
2024-05-26 15:16:32.943,0 days 03:08:27.554000,0 days 00:00:44.372000,10814,276,7,14,True,0,car,1917.8986111111112,0.5779828363976325,-2820.58913012658,-4150.0304390889105,542.0084521348233,car,0 days 03:08:27.554000
2024-05-26 15:16:33.104,0 days 03:08:27.715000,0 days 00:00:44.533000,10462,272,7,0,True,0,car,1930.0630555555558,0.5816487445235726,-2935.480205505618,-4188.494917147083,541.8870000152369,car,0 days 03:08:27.715000
2024-05-26 15:16:33.584,0 days 03:08:28.195000,0 days 00:00:45.013000,10643,235,7,0,True,0,car,1961.3963888888889,0.5910914380887452,-3261.398445637925,-4274.660295621243,535.0967256496494,car,0 days 03:08:28.195000
2024-05-26 15:16:33.744,0 days 03:08:28.355000,0 days 00:00:45.173000,10892,217,7,0,True,0,car,1971.0408333333335,0.593997912561997,-3357.9525978790557,-4292.276763740137,531.193885486978,car,0 days 03:08:28.355000
2024-05-26 15:16:34.063,0 days 03:08:28.674000,0 days 00:00:45.492000,11403,192,5,0,True,0,car,1988.0541666666666,0.5991250942595119,-3574.4767135188654,-4322.803366818677,520.0790668205573,car,0 days 03:08:28.674000
2024-05-26 15:16:34.263,0 days 03:08:28.874000,0 days 00:00:45.692000,11170,176,4,0,True,0,car,1997.8319444444444,0.602071750407509,-3689.8563161018915,-4335.819032184984,514.3439887181464,car,0 days 03:08:28.874000
2024-05-26 15:16:34.463,0 days 03:08:29.074000,0 days 00:00:45.892000,11481,161,4,0,True,0,car,2006.776388888889,0.6047672710883474,-3743.300287187197,-4341.788526741745,511.9100944411234,car,0 days 03:08:29.074000
2024-05-26 15:16:34.743,0 days 03:08:29.354000,0 days 00:00:46.172000,10305,138,3,0,True,0,car,2017.509722222222,0.6080018959053533,-3837.20101021395,-4350.850383703563,507.58477253302107,car,0 days 03:08:29.354000
2024-05-26 15:16:34.983,0 days 03:08:29.594000,0 days 00:00:46.412000,9440,123,3,0,True,0,car,2025.7097222222221,0.6104730689021963,-3920.819739271945,-4360.395901368286,503.01189609877173,car,0 days 03:08:29.594000
2024-05-26 15:16:35.143,0 days 03:08:29.754000,0 days 00:00:46.572000,10119,113,3,0,True,0,car,2030.7319444444445,0.6119865786509404,-3981.2017630676573,-4368.860671628224,500.9406128767255,car,0 days 03:08:29.754000
2024-05-26 15:16:35.343,0 days 03:08:29.954000,0 days 00:00:46.772000,9037,103,2,0,True,0,car,2036.4541666666667,0.6137110421920978,-4066.713624218759,-4385.820850446694,497.8698277364717,car,0 days 03:08:29.954000
2024-05-26 15:16:35.503,0 days 03:08:30.114000,0 days 00:00:46.932000,8357,94,2,0,True,0,car,2040.6319444444446,0.6149700680007876,-4095.941779081535,-4393.677635609929,496.91388398975414,car,0 days 03:08:30.114000
2024-05-26 15:16:35.663,0 days 03:08:30.274000,0 days 00:00:47.092000,7933,90,2,0,True,0,car,2044.6319444444446,0.61617551824315,-4108.066238143742,-4401.088855299997,496.23604970574434,car,0 days 03:08:30.274000
2024-05-26 15:16:35.983,0 days 03:08:30.594000,0 days 00:00:47.412000,7040,83,2,0,True,0,car,2052.0097222222225,0.6183989042457297,-4154.470679497008,-4437.9318633186285,492.30470354120115,car,0 days 03:08:30.594000
2024-05-26 15:16:36.183,0 days 03:08:30.794000,0 days 00:00:47.612000,6669,77,2,0,True,0,car,2056.2875000000004,0.6196880663104785,-4190.059444085212,-4493.2554574113665,492.00209705943087,car,0 days 03:08:30.794000
2024-05-26 15:16:36.383,0 days 03:08:30.994000,0 days 00:00:47.812000,6452,75,2,0,False,0,car,2060.454166666667,0.6209437436462727,-4219.410178927997,-4543.1376270630035,491.4439661685523,car,0 days 03:08:30.994000
2024-05-26 15:16:36.623,0 days 03:08:31.234000,0 days 00:00:48.052000,6411,70,2,0,False,0,car,2065.1208333333334,0.6223501022623622,-4243.357535577174,-4580.106502298318,490.02332363578216,car,0 days 03:08:31.234000
2024-05-26 15:16:36.823,0 days 03:08:31.434000,0 days 00:00:48.252000,6188,69,2,0,False,0,car,2068.954166666667,0.6235053254112929,-4256.942816842995,-4596.468933921763,489.9240476617385,car,0 days 03:08:31.434000
2024-05-26 15:16:37.303,0 days 03:08:31.914000,0 days 00:00:48.732000,5998,67,2,1,False,0,car,2077.8875000000003,0.6261974976192358,-4325.8133786861445,-4637.84927860869,489.99783440849757,car,0 days 03:08:31.914000
2024-05-26 15:16:37.463,0 days 03:08:32.074000,0 days 00:00:48.892000,5843,67,2,14,False,0,car,2080.865277777778,0.6270948883552167,-4354.2897425297015,-4645.116684964254,490.0003346809019,car,0 days 03:08:32.074000
2024-05-26 15:16:37.863,0 days 03:08:32.474000,0 days 00:00:49.292000,6383,66,2,34,False,0,car,2088.1986111111114,0.6293048804662146,-4426.229444902894,-4649.725756403249,490.0000077969965,car,0 days 03:08:32.474000
2024-05-26 15:16:38.303,0 days 03:08:32.914000,0 days 00:00:49.732000,7081,78,2,49,False,0,car,2097.7319444444447,0.6321778702105117,-4515.036307712276,-4638.029286944533,489.99998539248713,car,0 days 03:08:32.914000
2024-05-26 15:16:38.703,0 days 03:08:33.314000,0 days 00:00:50.132000,8187,91,2,61,False,0,car,2107.8430555555556,0.6352249805453725,-4618.907573058787,-4611.917066851161,490.0038333734432,car,0 days 03:08:33.314000
2024-05-26 15:16:38.903,0 days 03:08:33.514000,0 days 00:00:50.332000,7342,99,2,74,False,0,car,2113.3430555555556,0.6368824746286208,-4653.484388427061,-4606.1223354737085,489.9965465168883,car,0 days 03:08:33.514000
2024-05-26 15:16:39.063,0 days 03:08:33.674000,0 days 00:00:50.492000,7799,103,3,80,False,0,car,2117.920833333333,0.6382620454615466,-4700.110312751172,-4600.777885251274,490.0032324084076,car,0 days 03:08:33.674000
2024-05-26 15:16:39.303,0 days 03:08:33.914000,0 days 00:00:50.732000,8372,117,3,80,False,0,car,2125.7208333333333,0.6406126734341535,-4796.963834709427,-4602.685571422341,490.0659315018279,car,0 days 03:08:33.914000
2024-05-26 15:16:39.463,0 days 03:08:34.074000,0 days 00:00:50.892000,8846,121,3,78,False,0,car,2131.098611111111,0.642233334315552,-4852.327255303688,-4607.941078145528,489.69399496905544,car,0 days 03:08:34.074000
2024-05-26 15:16:39.623,0 days 03:08:34.234000,0 days 00:00:51.052000,9266,130,3,78,False,0,car,2136.876388888889,0.6439745402211866,-4899.98869468457,-4615.445619355118,489.1026487819351,car,0 days 03:08:34.234000
2024-05-26 15:16:39.784,0 days 03:08:34.395000,0 days 00:00:51.213000,10218,134,3,87,False,0,car,2142.869166666667,0.6457805390773483,-4957.405864883329,-4624.540664049299,488.9161900285761,car,0 days 03:08:34.395000
2024-05-26 15:16:39.984,0 days 03:08:34.595000,0 days 00:00:51.413000,10517,144,3,92,False,0,car,2150.869166666667,0.6481914395620733,-5037.142193465126,-4637.072942199222,489.0085983622929,car,0 days 03:08:34.595000
2024-05-26 15:16:40.384,0 days 03:08:34.995000,0 days 00:00:51.813000,10294,162,4,100,False,0,car,2168.8691666666673,0.6536159656527045,-5222.898099970515,-4663.971030516699,489.11978529934686,car,0 days 03:08:34.995000
2024-05-26 15:16:40.584,0 days 03:08:35.195000,0 days 00:00:52.013000,10703,171,4,100,False,0,car,2178.3691666666673,0.6564789099783154,-5360.9510571098135,-4682.335845174903,490.10579403717674,car,0 days 03:08:35.195000
2024-05-26 15:16:40.863,0 days 03:08:35.474000,0 days 00:00:52.292000,11332,184,4,100,False,0,car,2192.6291666666675,0.6607763400923377,-5444.883596483843,-4692.539414901723,490.02966207222016,car,0 days 03:08:35.474000
2024-05-26 15:16:41.063,0 days 03:08:35.674000,0 days 00:00:52.492000,11533,192,4,100,False,0,car,2203.295833333334,0.6639908740719709,-5543.148876548585,-4705.385419124705,489.9976974436562,car,0 days 03:08:35.674000
2024-05-26 15:16:41.423,0 days 03:08:36.034000,0 days 00:00:52.852000,10756,205,5,100,False,0,car,2223.795833333334,0.6701688065640785,-5797.39907629873,-4734.920845119736,489.9765078722312,car,0 days 03:08:36.034000
2024-05-26 15:16:41.703,0 days 03:08:36.314000,0 days 00:00:53.132000,11203,211,5,100,False,0,car,2240.206944444445,0.6751145010306601,-5975.166905515753,-4753.588602922526,489.05516267782104,car,0 days 03:08:36.314000
2024-05-26 15:16:41.983,0 days 03:08:36.594000,0 days 00:00:53.412000,10825,219,5,7,True,0,car,2257.2402777777784,0.6802477099793869,-6087.514382294887,-4764.570686196027,489.5778780393197,car,0 days 03:08:36.594000
2024-05-26 15:16:42.343,0 days 03:08:36.954000,0 days 00:00:53.772000,11068,197,5,0,True,0,car,2276.940277777778,0.686184552423022,-6270.490717204857,-4778.921081733576,490.10812311029656,car,0 days 03:08:36.954000
2024-05-26 15:16:42.583,0 days 03:08:37.194000,0 days 00:00:54.012000,10599,189,4,0,True,0,car,2289.540277777778,0.6899817206864638,-6396.43644903714,-4787.011271310284,488.9982215373334,car,0 days 03:08:37.194000
2024-05-26 15:16:42.823,0 days 03:08:37.434000,0 days 00:00:54.252000,9847,170,4,0,True,0,car,2300.8736111111116,0.6933971630398241,-6518.219672075626,-4795.021399190012,490.0369506106374,car,0 days 03:08:37.434000
2024-05-26 15:16:43.263,0 days 03:08:37.874000,0 days 00:00:54.692000,9346,152,4,0,True,0,car,2319.451388888889,0.6989958097210186,-6689.363077730583,-4830.274156789621,491.1804988987328,car,0 days 03:08:37.874000
2024-05-26 15:16:43.663,0 days 03:08:38.274000,0 days 00:00:55.092000,8924,149,4,41,False,0,car,2336.006944444445,0.7039850343352411,-6826.544261188032,-4918.618741479646,489.3710606591035,car,0 days 03:08:38.274000
2024-05-26 15:16:43.823,0 days 03:08:38.434000,0 days 00:00:55.252000,9015,146,4,41,False,0,car,2342.495833333334,0.7059405425061847,-6878.3910463568955,-4970.250530639218,488.2519747877562,car,0 days 03:08:38.434000
2024-05-26 15:16:44.103,0 days 03:08:38.714000,0 days 00:00:55.532000,9282,150,4,63,False,0,car,2354.1625000000004,0.7094564390464085,-6948.17271243515,-5054.305082992114,486.88857814101095,car,0 days 03:08:38.714000
2024-05-26 15:16:44.423,0 days 03:08:39.034000,0 days 00:00:55.852000,9802,158,4,77,False,0,car,2368.2069444444446,0.7136889087862589,-7023.744359524144,-5169.87607056043,484.2771230476603,car,0 days 03:08:39.034000
2024-05-26 15:16:44.663,0 days 03:08:39.274000,0 days 00:00:56.092000,10051,163,4,83,False,0,car,2379.0736111111114,0.7169637152780103,-7072.410391843571,-5263.65692579869,483.10865871435396,car,0 days 03:08:39.274000
2024-05-26 15:16:44.943,0 days 03:08:39.554000,0 days 00:00:56.372000,10702,173,4,94,False,0,car,2392.529166666667,0.7210187159544019,-7125.314145409915,-5395.975741439964,483.01745409170417,car,0 days 03:08:39.554000
2024-05-26 15:16:45.263,0 days 03:08:39.874000,0 days 00:00:56.692000,11100,182,4,91,False,0,car,2408.706944444445,0.725894092490179,-7170.07674026364,-5568.50660432562,482.2716661231949,car,0 days 03:08:39.874000
2024-05-26 15:16:45.463,0 days 03:08:40.074000,0 days 00:00:56.892000,10400,187,4,87,False,0,car,2419.095833333334,0.729024914647426,-7189.885785214197,-5663.572840742849,481.89327009948806,car,0 days 03:08:40.074000
2024-05-26 15:16:45.623,0 days 03:08:40.234000,0 days 00:00:57.052000,9804,190,5,69,False,0,car,2427.5402777777786,0.7315697540479691,-7199.269690979306,-5722.10383532427,481.94853150875974,car,0 days 03:08:40.234000
2024-05-26 15:16:45.863,0 days 03:08:40.474000,0 days 00:00:57.292000,9928,190,5,58,False,0,car,2440.2069444444455,0.7353870131487836,-7214.985484704886,-5906.962327057949,482.0052275795854,car,0 days 03:08:40.474000
2024-05-26 15:16:46.103,0 days 03:08:40.714000,0 days 00:00:57.532000,10015,191,5,49,False,0,car,2452.9402777777786,0.7392243630869707,-7222.962611261995,-6049.7292030248245,482.00043077788047,car,0 days 03:08:40.714000
2024-05-26 15:16:46.424,0 days 03:08:41.035000,0 days 00:00:57.853000,9895,190,5,52,False,0,car,2469.8819444444457,0.7443299471343102,-7215.064589194366,-6154.1223999432,481.9882230391162,car,0 days 03:08:41.035000
2024-05-26 15:16:46.664,0 days 03:08:41.275000,0 days 00:00:58.093000,9959,190,5,60,False,0,car,2482.5486111111127,0.7481472062351248,-7191.964450642672,-6275.104801753558,482.04825854600216,car,0 days 03:08:41.275000
2024-05-26 15:16:46.904,0 days 03:08:41.515000,0 days 00:00:58.333000,10097,193,5,69,False,0,car,2495.415277777779,0.7520247378480573,-7142.66807233211,-6374.278523002328,481.07837699745977,car,0 days 03:08:41.515000
2024-05-26 15:16:47.264,0 days 03:08:41.875000,0 days 00:00:58.693000,10329,196,5,77,False,0,car,2515.015277777779,0.7579314440356334,-6976.584537154268,-6590.7017430819815,480.95309216235177,car,0 days 03:08:41.875000
2024-05-26 15:16:47.623,0 days 03:08:42.234000,0 days 00:00:59.052000,10831,202,5,75,False,0,car,2535.1591666666677,0.7640020579714418,-6935.649952972892,-6716.098581482977,479.98432070311696,car,0 days 03:08:42.234000
2024-05-26 15:16:47.823,0 days 03:08:42.434000,0 days 00:00:59.252000,10714,205,5,80,False,0,car,2546.548055555557,0.7674342426892794,-6901.001213619904,-6826.323884668246,479.9720767688807,car,0 days 03:08:42.434000
2024-05-26 15:16:48.263,0 days 03:08:42.874000,0 days 00:00:59.692000,10854,211,5,50,True,0,car,2572.3369444444456,0.7752060482796219,-6820.334741404686,-7137.236550572066,478.9955650344781,car,0 days 03:08:42.874000
2024-05-26 15:16:48.623,0 days 03:08:43.234000,0 days 00:01:00.052000,11116,187,5,0,True,0,car,2591.0369444444455,0.7808415281626664,-6795.692549424576,-7266.793620440926,478.9970319523717,car,0 days 03:08:43.234000
2024-05-26 15:16:48.863,0 days 03:08:43.474000,0 days 00:01:00.292000,11170,172,4,0,True,0,car,2602.503611111112,0.7842971521907721,-6771.27236544834,-7436.2807316250155,479.0001399713484,car,0 days 03:08:43.474000
2024-05-26 15:16:49.103,0 days 03:08:43.714000,0 days 00:01:00.532000,10908,155,3,0,True,0,car,2612.836944444445,0.7874112319835417,-6764.769388115475,-7492.4683662722355,479.00007991596675,car,0 days 03:08:43.714000
2024-05-26 15:16:49.503,0 days 03:08:44.114000,0 days 00:01:00.932000,9801,138,3,0,True,0,car,2628.1702777777787,0.7920321245792645,-6749.524846154285,-7650.693371768268,479.00000854733526,car,0 days 03:08:44.114000
2024-05-26 15:16:49.783,0 days 03:08:44.394000,0 days 00:01:01.212000,9355,133,3,0,True,0,car,2638.514722222223,0.7951495528449297,-6746.226678593676,-7755.436691207883,479.00001619136634,car,0 days 03:08:44.394000
2024-05-26 15:16:49.983,0 days 03:08:44.594000,0 days 00:01:01.412000,9243,129,3,0,False,0,car,2645.6813888888896,0.7973093178624958,-6743.688181115691,-7820.387464241054,478.99969229941667,car,0 days 03:08:44.594000
2024-05-26 15:16:50.303,0 days 03:08:44.914000,0 days 00:01:01.732000,8941,124,3,0,False,0,car,2656.703611111112,0.8006310029747835,-6789.023170897034,-7963.09534183689,478.99776063383507,car,0 days 03:08:44.914000
2024-05-26 15:16:50.583,0 days 03:08:45.194000,0 days 00:01:02.012000,8821,122,3,0,False,0,car,2666.192500000001,0.803490598827499,-6830.774482073354,-7996.267873477446,478.9982117586271,car,0 days 03:08:45.194000
2024-05-26 15:16:50.943,0 days 03:08:45.554000,0 days 00:01:02.372000,8413,118,3,0,False,0,car,2677.992500000001,0.8070466770424682,-6897.174220851929,-8143.482125272023,479.01239390480714,car,0 days 03:08:45.554000
2024-05-26 15:16:51.263,0 days 03:08:45.874000,0 days 00:01:02.692000,8150,114,3,25,False,0,car,2688.1258333333344,0.8101004843231199,-6899.057660031893,-8203.102766843265,478.1017713805568,car,0 days 03:08:45.874000
2024-05-26 15:16:51.503,0 days 03:08:46.114000,0 days 00:01:02.932000,8688,117,3,50,False,0,car,2695.9258333333346,0.8124511122957268,-6882.00591752718,-8311.402323084652,478.0054307841519,car,0 days 03:08:46.114000
2024-05-26 15:16:51.943,0 days 03:08:46.554000,0 days 00:01:03.372000,9339,126,3,69,False,0,car,2711.3258333333347,0.8170920957288222,-6854.7143531554875,-8428.637329211262,477.03529109012754,car,0 days 03:08:46.554000
2024-05-26 15:16:52.143,0 days 03:08:46.754000,0 days 00:01:03.572000,9983,134,3,77,False,0,car,2718.770277777779,0.8193355725687745,-6833.272243343996,-8498.228901842192,476.08450434858423,car,0 days 03:08:46.754000
2024-05-26 15:16:52.503,0 days 03:08:47.114000,0 days 00:01:03.932000,10746,151,3,98,False,0,car,2733.870277777779,0.8238861472336929,-6762.153622180151,-8669.736918406325,477.35623111737556,car,0 days 03:08:47.114000
2024-05-26 15:16:52.783,0 days 03:08:47.394000,0 days 00:01:04.212000,9879,160,4,100,False,0,car,2746.3147222222233,0.8276364368765983,-6711.934282864158,-8775.464261483376,478.33864671105744,car,0 days 03:08:47.394000
2024-05-26 15:16:53.144,0 days 03:08:47.755000,0 days 00:01:04.573000,10803,178,4,100,False,0,car,2764.1641666666674,0.833015591159496,-6635.120873959248,-8892.716031418082,477.97921955792566,car,0 days 03:08:47.755000
2024-05-26 15:16:53.384,0 days 03:08:47.995000,0 days 00:01:04.813000,10686,181,4,76,False,0,car,2776.2308333333344,0.8366520327239562,-6570.041509908807,-8978.694342314087,477.00020550851747,car,0 days 03:08:47.995000
2024-05-26 15:16:53.864,0 days 03:08:48.475000,0 days 00:01:05.293000,11549,168,4,0,True,0,car,2798.6308333333345,0.843402554081186,-6391.678069741213,-9150.68526132927,479.20179859870956,car,0 days 03:08:48.475000
2024-05-26 15:16:54.183,0 days 03:08:48.794000,0 days 00:01:05.612000,10553,151,3,0,True,0,car,2812.011111111112,0.8474348688537107,-6284.642908699023,-9215.511698779224,477.42677797495037,car,0 days 03:08:48.794000
2024-05-26 15:16:54.343,0 days 03:08:48.954000,0 days 00:01:05.772000,9808,139,3,0,True,0,car,2818.1888888888902,0.8492966197835818,-6226.752025332834,-9247.529267869624,476.9640840945907,car,0 days 03:08:48.954000
2024-05-26 15:16:54.583,0 days 03:08:49.194000,0 days 00:01:06.012000,9154,132,3,0,True,0,car,2826.98888888889,0.8519486103167792,-6149.283667393391,-9288.324800655522,479.40161587954367,car,0 days 03:08:49.194000
2024-05-26 15:16:54.823,0 days 03:08:49.434000,0 days 00:01:06.252000,9495,107,3,0,True,0,car,2834.122222222223,0.8540983299156588,-6081.175245293276,-9326.640131181755,480.38338192671824,car,0 days 03:08:49.434000
2024-05-26 15:16:55.223,0 days 03:08:49.834000,0 days 00:01:06.652000,10160,88,2,0,True,0,car,2843.900000000001,0.857044986063656,-5995.130634379595,-9389.219345650099,481.784526263553,car,0 days 03:08:49.834000
2024-05-26 15:16:55.463,0 days 03:08:50.074000,0 days 00:01:06.892000,9794,81,1,0,True,0,car,2849.300000000001,0.8586723438908453,-5958.951299404546,-9429.604075141728,482.9820643772953,car,0 days 03:08:50.074000
2024-05-26 15:16:55.703,0 days 03:08:50.314000,0 days 00:01:07.132000,8849,71,1,0,True,0,car,2854.0333333333347,0.8600987933443077,-5938.013923616921,-9472.756369652452,483.111075722165,car,0 days 03:08:50.314000
2024-05-26 15:16:55.903,0 days 03:08:50.514000,0 days 00:01:07.332000,8315,68,1,0,True,0,car,2857.811111111112,0.861237274128761,-5930.436069386453,-9510.764646856342,484.67307943572894,car,0 days 03:08:50.514000
2024-05-26 15:16:56.143,0 days 03:08:50.754000,0 days 00:01:07.572000,7694,68,1,0,True,0,car,2862.3444444444453,0.8626034510701052,-5932.339249324474,-9556.74091820105,486.01385812886116,car,0 days 03:08:50.754000
2024-05-26 15:16:56.463,0 days 03:08:51.074000,0 days 00:01:07.892000,6978,62,1,0,False,0,car,2867.8555555555563,0.8642642936262489,-5944.190337418076,-9612.597868468136,486.6535296716071,car,0 days 03:08:51.074000
2024-05-26 15:16:56.743,0 days 03:08:51.354000,0 days 00:01:08.172000,6653,58,1,3,False,0,car,2872.3666666666672,0.8656237736218021,-5963.836000740719,-9653.413600036174,488.03868813164473,car,0 days 03:08:51.354000
2024-05-26 15:16:57.063,0 days 03:08:51.674000,0 days 00:01:08.492000,7133,56,1,18,False,0,car,2877.3444444444453,0.8671238894789643,-5992.984379859613,-9689.641957617838,489.5142594258653,car,0 days 03:08:51.674000
2024-05-26 15:16:57.343,0 days 03:08:51.954000,0 days 00:01:08.772000,7662,58,1,26,False,0,car,2881.8555555555563,0.8684833694745175,-6034.0768803361,-9718.884250822248,491.203717285763,car,0 days 03:08:51.954000
2024-05-26 15:16:57.503,0 days 03:08:52.114000,0 days 00:01:08.932000,7887,59,1,36,False,0,car,2884.4777777777786,0.8692736090778441,-6055.79262205261,-9727.217951660445,492.87727935381554,car,0 days 03:08:52.114000
2024-05-26 15:16:57.703,0 days 03:08:52.314000,0 days 00:01:09.132000,8307,63,1,44,False,0,car,2887.9777777777786,0.8703283780399113,-6090.7620135972575,-9738.962894538347,494.81725219933855,car,0 days 03:08:52.314000
2024-05-26 15:16:57.863,0 days 03:08:52.474000,0 days 00:01:09.292000,8953,69,1,50,False,0,car,2891.044444444445,0.8712525565590558,-6118.685007772927,-9746.655963264348,496.9000790009561,car,0 days 03:08:52.474000
2024-05-26 15:16:58.143,0 days 03:08:52.754000,0 days 00:01:09.572000,9905,78,1,53,False,0,car,2897.1111111111118,0.8730808227599722,-6169.6038104271665,-9757.085946383162,500.2832346409284,car,0 days 03:08:52.754000
2024-05-26 15:16:58.383,0 days 03:08:52.994000,0 days 00:01:09.812000,8412,85,2,57,False,0,car,2902.7777777777783,0.8747885439366523,-6267.122670155328,-9766.409749763214,504.1214527149628,car,0 days 03:08:52.994000
2024-05-26 15:16:58.743,0 days 03:08:53.354000,0 days 00:01:10.172000,9353,96,2,65,False,0,car,2912.377777777778,0.8776816245183222,-6366.620967653127,-9771.510126251453,508.38849580012015,car,0 days 03:08:53.354000
2024-05-26 15:16:58.943,0 days 03:08:53.554000,0 days 00:01:10.372000,9713,106,2,65,False,0,car,2918.2666666666673,0.8794563151529114,-6394.514267303711,-9772.810525424087,510.06736021823286,car,0 days 03:08:53.554000
2024-05-26 15:16:59.383,0 days 03:08:53.994000,0 days 00:01:10.812000,8480,106,2,0,True,0,car,2931.2222222222226,0.8833606345490076,-6504.595402548799,-9770.47051645449,514.9698095217158,car,0 days 03:08:53.994000
2024-05-26 15:16:59.784,0 days 03:08:54.395000,0 days 00:01:11.213000,7914,88,2,0,True,0,car,2941.0244444444447,0.8863146573373747,-6639.997817251688,-9746.845479951411,519.8364998253085,car,0 days 03:08:54.395000
2024-05-26 15:17:00.224,0 days 03:08:54.835000,0 days 00:01:11.653000,7047,81,2,0,False,0,car,2950.924444444445,0.8892981466872218,-6700.285190503301,-9719.715082416276,520.1427747391507,car,0 days 03:08:54.835000
2024-05-26 15:17:00.664,0 days 03:08:55.275000,0 days 00:01:12.093000,7721,75,2,25,False,0,car,2960.0911111111113,0.8920606368259691,-6761.878898085353,-9649.77220486576,515.7894417830801,car,0 days 03:08:55.275000
2024-05-26 15:17:00.903,0 days 03:08:55.514000,0 days 00:01:12.332000,7452,79,2,31,False,0,car,2965.3358333333335,0.8936411997444446,-6781.746651314088,-9602.132979189482,512.3660243345621,car,0 days 03:08:55.514000
2024-05-26 15:17:01.183,0 days 03:08:55.794000,0 days 00:01:12.612000,7917,82,2,45,False,0,car,2971.7136111111113,0.8955632231864336,-6797.5902861082395,-9543.195796722273,511.07283544610186,car,0 days 03:08:55.794000
2024-05-26 15:17:01.423,0 days 03:08:56.034000,0 days 00:01:12.852000,9075,95,2,74,False,0,car,2978.0469444444448,0.8974718527368408,-6816.610561432353,-9455.73084254587,509.53395612262943,car,0 days 03:08:56.034000
2024-05-26 15:17:01.703,0 days 03:08:56.314000,0 days 00:01:13.132000,9864,110,2,77,False,0,car,2986.6025000000004,0.9000501768663384,-6838.999840086902,-9364.273747254078,506.9892707020089,car,0 days 03:08:56.314000
2024-05-26 15:17:02.063,0 days 03:08:56.674000,0 days 00:01:13.492000,9198,124,3,88,False,0,car,2999.0025000000005,0.903787072617662,-6868.7639639190065,-9281.539312914569,505.7772615581801,car,0 days 03:08:56.674000
2024-05-26 15:17:02.463,0 days 03:08:57.074000,0 days 00:01:13.892000,10492,143,3,94,False,0,car,3014.891388888889,0.9085753888581574,-6934.85123246808,-9163.726068569786,505.3256095718293,car,0 days 03:08:57.074000
2024-05-26 15:17:02.863,0 days 03:08:57.474000,0 days 00:01:14.292000,10134,162,4,100,False,0,car,3032.8913888888897,0.9139999149487886,-7034.568645382756,-9017.34007297002,503.7842051941815,car,0 days 03:08:57.474000
2024-05-26 15:17:04.223,0 days 03:08:58.834000,0 days 00:01:15.652000,11241,215,5,100,False,0,car,3114.113611111112,0.9384772518145376,-7338.401561374018,-8348.01469157854,502.969909456803,car,0 days 03:08:58.834000
2024-05-26 15:17:04.463,0 days 03:08:59.074000,0 days 00:01:15.892000,10754,221,5,100,False,0,car,3128.846944444445,0.942917326873906,-7367.357834251325,-8251.387400835043,503.05583992120114,car,0 days 03:08:59.074000
2024-05-26 15:17:04.703,0 days 03:08:59.314000,0 days 00:01:16.132000,10199,228,6,100,False,0,car,3144.0469444444457,0.9474980377948835,-7416.936057964191,-8078.913346112413,502.6941784177161,car,0 days 03:08:59.314000
2024-05-26 15:17:05.063,0 days 03:08:59.674000,0 days 00:01:16.492000,10542,232,6,100,False,0,car,3167.2469444444455,0.9544896492005858,-7486.6909888005175,-7825.9485418725835,501.71688607841565,car,0 days 03:08:59.674000
2024-05-26 15:17:05.343,0 days 03:08:59.954000,0 days 00:01:16.772000,10867,242,6,100,False,0,car,3186.0691666666676,0.9601619622854802,-7519.7000475622135,-7699.429547376679,502.0113726941639,car,0 days 03:08:59.954000
2024-05-26 15:17:05.703,0 days 03:09:00.314000,0 days 00:01:17.132000,11204,249,6,100,False,0,car,3210.9691666666677,0.9676658900441867,-7581.479706904135,-7423.134942186752,501.96125246973367,car,0 days 03:09:00.314000
2024-05-26 15:17:06.104,0 days 03:09:00.715000,0 days 00:01:17.533000,11445,255,6,100,False,0,car,3239.373333333334,0.9762258424422958,-7628.104405977423,-7088.560288958691,502.99225877347817,car,0 days 03:09:00.715000
2024-05-26 15:17:06.264,0 days 03:09:00.875000,0 days 00:01:17.693000,11445,255,6,100,False,0,car,3250.706666666667,0.979641284795656,-7633.559699300556,-7032.202993550566,502.52980876722165,car,0 days 03:09:00.875000
2024-05-26 15:17:06.544,0 days 03:09:01.155000,0 days 00:01:17.973000,11567,260,6,100,False,0,car,3270.928888888889,0.9857355054653775,-7645.884981734948,-6849.828308388398,501.90403269198566,car,0 days 03:09:01.155000
2024-05-26 15:17:06.824,0 days 03:09:01.435000,0 days 00:01:18.253000,10406,264,7,100,False,0,car,3291.4622222222224,0.9919234833761714,-7663.521645135245,-6586.792226095262,502.02393633959116,car,0 days 03:09:01.435000
