Date_x,SessionTime_x,Time,RPM_x,Speed_x,nGear_x,Throttle_x,Brake_x,DRS_x,Source_x,Distance,RelativeDistance,X,Y,Z,Source_y,SessionTime_y
2024-10-20 19:26:19.444,0 days 01:19:41.846000,0 days 00:00:00.058000,11406,215,5,100,False,0,car,3.5488888888888903,0.0006504228282936171,-1275,-434,1302,car,0 days 01:19:41.846000
2024-10-20 19:26:19.604,0 days 01:19:42.006000,0 days 00:00:00.218000,11653,220,5,100,False,0,car,13.326666666666668,0.002442445648889681,-1221,-476,1302,car,0 days 01:19:42.006000
2024-10-20 19:26:19.844,0 days 01:19:42.246000,0 days 00:00:00.458000,10673,225,5,100,False,0,car,28.326666666666668,0.0051915715668495515,-1111,-560,1301,car,0 days 01:19:42.246000
2024-10-20 19:26:20.164,0 days 01:19:42.566000,0 days 00:00:00.778000,10715,232,6,100,False,0,car,48.94888888888889,0.008971110606652158,-946,-687,1302,car,0 days 01:19:42.566000
2024-10-20 19:26:20.484,0 days 01:19:42.886000,0 days 00:00:01.098000,11038,240,6,100,False,0,car,70.28222222222223,0.012880978578861753,-779,-814,1302,car,0 days 01:19:42.886000
2024-10-20 19:26:20.804,0 days 01:19:43.206000,0 days 00:00:01.418000,11255,246,6,100,False,0,car,92.14888888888888,0.016888593250376584,-606,-947,1302,car,0 days 01:19:43.206000
2024-10-20 19:26:21.084,0 days 01:19:43.486000,0 days 00:00:01.698000,11465,251,6,100,False,0,car,111.6711111111111,0.020466529722862135,-458,-1060,1301,car,0 days 01:19:43.486000
2024-10-20 19:26:21.365,0 days 01:19:43.767000,0 days 00:00:01.979000,11691,254,6,100,False,0,car,131.49722222222223,0.024100161450055987,-229,-1235,1304,car,0 days 01:19:43.767000
2024-10-20 19:26:21.525,0 days 01:19:43.927000,0 days 00:00:02.139000,11697,257,6,100,False,0,car,142.91944444444442,0.0261935699268432,-134,-1308,1305,car,0 days 01:19:43.927000
2024-10-20 19:26:21.725,0 days 01:19:44.127000,0 days 00:00:02.339000,10454,260,7,100,False,0,car,157.36388888888888,0.028840876366360114,-96,-1337,1305,car,0 days 01:19:44.127000
2024-10-20 19:26:21.885,0 days 01:19:44.287000,0 days 00:00:02.499000,10501,262,7,100,False,0,car,169.00833333333333,0.03097501263452452,24,-1430,1304,car,0 days 01:19:44.287000
2024-10-20 19:26:22.125,0 days 01:19:44.527000,0 days 00:00:02.739000,10619,265,7,100,False,0,car,186.67499999999998,0.034212872049010586,213,-1575,1302,car,0 days 01:19:44.527000
2024-10-20 19:26:22.485,0 days 01:19:44.887000,0 days 00:00:03.099000,10778,270,7,100,False,0,car,213.675,0.03916129870133836,348,-1679,1302,car,0 days 01:19:44.887000
2024-10-20 19:26:22.645,0 days 01:19:45.047000,0 days 00:00:03.259000,10865,271,7,100,False,0,car,225.71944444444443,0.04136874499398169,446,-1754,1302,car,0 days 01:19:45.047000
2024-10-20 19:26:22.845,0 days 01:19:45.247000,0 days 00:00:03.459000,10928,273,7,100,False,0,car,240.88611111111112,0.04414841675547445,566,-1846,1302,car,0 days 01:19:45.247000
2024-10-20 19:26:23.045,0 days 01:19:45.447000,0 days 00:00:03.659000,11037,275,7,100,False,0,car,256.1638888888889,0.0469484524126558,688,-1939,1301,car,0 days 01:19:45.447000
2024-10-20 19:26:23.485,0 days 01:19:45.887000,0 days 00:00:04.099000,11185,280,7,100,False,0,car,290.3861111111111,0.05322053228474202,980,-2164,1302,car,0 days 01:19:45.887000
2024-10-20 19:26:23.765,0 days 01:19:46.167000,0 days 00:00:04.379000,11266,283,7,100,False,0,car,312.3972222222222,0.057254620020652014,1188,-2322,1306,car,0 days 01:19:46.167000
2024-10-20 19:26:24.085,0 days 01:19:46.487000,0 days 00:00:04.699000,11323,284,7,100,False,0,car,337.64166666666665,0.06188129712110004,1324,-2425,1311,car,0 days 01:19:46.487000
2024-10-20 19:26:24.445,0 days 01:19:46.847000,0 days 00:00:05.059000,11403,285,7,100,False,0,car,366.14166666666665,0.06710463636522379,1584,-2625,1322,car,0 days 01:19:46.847000
2024-10-20 19:26:24.725,0 days 01:19:47.127000,0 days 00:00:05.339000,11473,286,7,100,False,0,car,388.3861111111111,0.07118148828207985,1779,-2773,1335,car,0 days 01:19:47.127000
2024-10-20 19:26:25.085,0 days 01:19:47.487000,0 days 00:00:05.699000,11462,288,7,100,False,0,car,417.1861111111111,0.07645981004456279,2052,-2982,1356,car,0 days 01:19:47.487000
2024-10-20 19:26:25.244,0 days 01:19:47.646000,0 days 00:00:05.858000,11462,288,7,100,False,0,car,429.90611111111104,0.07879106882299275,2097,-3017,1361,car,0 days 01:19:47.646000
2024-10-20 19:26:25.524,0 days 01:19:47.926000,0 days 00:00:06.138000,11556,289,7,100,False,0,car,452.38388888888886,0.08291068492079484,2363,-3226,1394,car,0 days 01:19:47.926000
2024-10-20 19:26:25.844,0 days 01:19:48.246000,0 days 00:00:06.458000,11231,287,7,100,False,0,car,477.895,0.08758623537089548,2466,-3306,1406,car,0 days 01:19:48.246000
2024-10-20 19:26:26.164,0 days 01:19:48.566000,0 days 00:00:06.778000,11076,282,7,0,False,0,car,502.9616666666666,0.09218033023824175,2769,-3537,1448,car,0 days 01:19:48.566000
2024-10-20 19:26:26.364,0 days 01:19:48.766000,0 days 00:00:06.978000,10555,275,7,0,True,0,car,518.2394444444444,0.09498036589542311,2808,-3566,1453,car,0 days 01:19:48.766000
2024-10-20 19:26:26.604,0 days 01:19:49.006000,0 days 00:00:07.218000,9764,248,7,0,True,0,car,534.7727777777777,0.09801051357388553,2932,-3670,1473,car,0 days 01:19:49.006000
2024-10-20 19:26:26.844,0 days 01:19:49.246000,0 days 00:00:07.458000,8693,235,7,0,True,0,car,550.4394444444443,0.10088182286597695,3072,-3789,1498,car,0 days 01:19:49.246000
2024-10-20 19:26:27.004,0 days 01:19:49.406000,0 days 00:00:07.618000,8944,201,7,0,True,0,car,559.3727777777777,0.10251908007933973,3128,-3836,1509,car,0 days 01:19:49.406000
2024-10-20 19:26:27.364,0 days 01:19:49.766000,0 days 00:00:07.978000,8701,170,7,0,True,0,car,576.3727777777777,0.10563475611969425,3223,-3913,1525,car,0 days 01:19:49.766000
2024-10-20 19:26:27.604,0 days 01:19:50.006000,0 days 00:00:08.218000,9556,153,7,0,True,0,car,586.5727777777778,0.10750416174390696,3328,-3994,1542,car,0 days 01:19:50.006000
2024-10-20 19:26:27.965,0 days 01:19:50.367000,0 days 00:00:08.579000,9142,128,4,0,True,0,car,599.4083333333334,0.10985659897385308,3424,-4042,1552,car,0 days 01:19:50.367000
2024-10-20 19:26:28.165,0 days 01:19:50.567000,0 days 00:00:08.779000,8029,120,3,0,True,0,car,606.075,0.11107843271516858,3469,-4058,1556,car,0 days 01:19:50.567000
2024-10-20 19:26:28.325,0 days 01:19:50.727000,0 days 00:00:08.939000,7728,112,3,0,True,0,car,611.0527777777778,0.11199073524201748,3519,-4067,1559,car,0 days 01:19:50.727000
2024-10-20 19:26:28.485,0 days 01:19:50.887000,0 days 00:00:09.099000,7485,106,3,0,True,0,car,615.7638888888889,0.11285416441921377,3597,-4071,1563,car,0 days 01:19:50.887000
2024-10-20 19:26:28.805,0 days 01:19:51.207000,0 days 00:00:09.419000,7066,99,3,0,True,0,car,624.5638888888889,0.11446698495775022,3671,-4065,1566,car,0 days 01:19:51.207000
2024-10-20 19:26:29.005,0 days 01:19:51.407000,0 days 00:00:09.619000,6575,95,3,0,True,0,car,629.8416666666666,0.1154342700029583,3698,-4046,1565,car,0 days 01:19:51.407000
2024-10-20 19:26:29.365,0 days 01:19:51.767000,0 days 00:00:09.979000,6148,90,3,0,False,0,car,638.8416666666666,0.11708374555373423,3767,-3986,1567,car,0 days 01:19:51.767000
2024-10-20 19:26:29.525,0 days 01:19:51.927000,0 days 00:00:10.139000,6026,85,3,0,False,0,car,642.6194444444444,0.11777611800714635,3788,-3946,1568,car,0 days 01:19:51.927000
2024-10-20 19:26:29.765,0 days 01:19:52.167000,0 days 00:00:10.379000,5708,82,3,0,False,0,car,648.0861111111111,0.11877802167502506,3808,-3890,1569,car,0 days 01:19:52.167000
2024-10-20 19:26:29.925,0 days 01:19:52.327000,0 days 00:00:10.539000,6268,78,3,17,False,0,car,651.5527777777778,0.11941337522050913,3811,-3865,1568,car,0 days 01:19:52.327000
2024-10-20 19:26:30.205,0 days 01:19:52.607000,0 days 00:00:10.819000,6395,81,3,39,False,0,car,657.8527777777779,0.12056800810605228,3811,-3798,1568,car,0 days 01:19:52.607000
2024-10-20 19:26:30.365,0 days 01:19:52.767000,0 days 00:00:10.979000,6302,83,3,44,False,0,car,661.5416666666667,0.12124408944291352,3806,-3740,1567,car,0 days 01:19:52.767000
2024-10-20 19:26:30.605,0 days 01:19:53.007000,0 days 00:00:11.219000,6663,88,3,57,False,0,car,667.4083333333334,0.12231930313527117,3798,-3666,1564,car,0 days 01:19:53.007000
2024-10-20 19:26:30.805,0 days 01:19:53.207000,0 days 00:00:11.419000,7052,94,3,65,False,0,car,672.6305555555557,0.12327640623263499,3791,-3621,1561,car,0 days 01:19:53.207000
2024-10-20 19:26:31.045,0 days 01:19:53.447000,0 days 00:00:11.659000,7844,100,3,71,False,0,car,679.2972222222223,0.12449823997395047,3785,-3580,1558,car,0 days 01:19:53.447000
2024-10-20 19:26:31.205,0 days 01:19:53.607000,0 days 00:00:11.819000,8178,107,3,73,False,0,car,684.0527777777779,0.1253698147094222,3778,-3546,1554,car,0 days 01:19:53.607000
2024-10-20 19:26:31.525,0 days 01:19:53.927000,0 days 00:00:12.139000,9119,113,3,82,False,0,car,694.0972222222223,0.12721071087967087,3756,-3445,1544,car,0 days 01:19:53.927000
2024-10-20 19:26:31.924,0 days 01:19:54.326000,0 days 00:00:12.538000,10323,135,3,91,False,0,car,709.0597222222223,0.12995296398283585,3701,-3288,1523,car,0 days 01:19:54.326000
2024-10-20 19:26:32.084,0 days 01:19:54.486000,0 days 00:00:12.698000,10904,145,3,96,False,0,car,715.5041666666667,0.13113406993277416,3661,-3198,1510,car,0 days 01:19:54.486000
2024-10-20 19:26:32.484,0 days 01:19:54.886000,0 days 00:00:13.098000,10504,165,4,100,False,0,car,733.8375000000001,0.13449411272139178,3614,-3099,1497,car,0 days 01:19:54.886000
2024-10-20 19:26:32.684,0 days 01:19:55.086000,0 days 00:00:13.298000,10754,170,4,100,False,0,car,743.2819444444445,0.13622504385492207,3574,-3012,1487,car,0 days 01:19:55.086000
2024-10-20 19:26:32.884,0 days 01:19:55.286000,0 days 00:00:13.498000,11157,182,4,100,False,0,car,753.3930555555556,0.1380781583625839,3533,-2923,1477,car,0 days 01:19:55.286000
2024-10-20 19:26:33.164,0 days 01:19:55.566000,0 days 00:00:13.778000,11647,190,4,100,False,0,car,768.1708333333335,0.1407865564891666,3475,-2788,1462,car,0 days 01:19:55.566000
2024-10-20 19:26:33.364,0 days 01:19:55.766000,0 days 00:00:13.978000,10681,198,4,100,False,0,car,779.1708333333335,0.14280258216233718,3438,-2687,1451,car,0 days 01:19:55.766000
2024-10-20 19:26:33.564,0 days 01:19:55.966000,0 days 00:00:14.178000,10918,204,5,99,False,0,car,790.5041666666668,0.14487969952257354,3404,-2584,1441,car,0 days 01:19:55.966000
2024-10-20 19:26:33.884,0 days 01:19:56.286000,0 days 00:00:14.498000,11405,214,5,100,False,0,car,809.526388888889,0.1483659984644604,3354,-2404,1426,car,0 days 01:19:56.286000
2024-10-20 19:26:34.044,0 days 01:19:56.446000,0 days 00:00:14.658000,11543,217,5,99,False,0,car,819.1708333333335,0.15013358461023016,3335,-2312,1420,car,0 days 01:19:56.446000
2024-10-20 19:26:34.284,0 days 01:19:56.686000,0 days 00:00:14.898000,11113,224,5,99,False,0,car,834.1041666666669,0.1528704921907769,3324,-2171,1409,car,0 days 01:19:56.686000
2024-10-20 19:26:34.444,0 days 01:19:56.846000,0 days 00:00:15.058000,10217,226,5,100,False,0,car,844.1486111111113,0.15471138836102558,3334,-2057,1402,car,0 days 01:19:56.846000
2024-10-20 19:26:34.725,0 days 01:19:57.127000,0 days 00:00:15.339000,10663,231,6,99,False,0,car,862.1794444444447,0.15801599044363102,3366,-1868,1393,car,0 days 01:19:57.127000
2024-10-20 19:26:34.965,0 days 01:19:57.367000,0 days 00:00:15.579000,10825,235,6,99,False,0,car,877.8461111111113,0.16088729973572244,3399,-1740,1388,car,0 days 01:19:57.367000
2024-10-20 19:26:35.165,0 days 01:19:57.567000,0 days 00:00:15.779000,10974,238,6,100,False,0,car,891.0683333333335,0.16331060332266484,3455,-1596,1384,car,0 days 01:19:57.567000
2024-10-20 19:26:35.525,0 days 01:19:57.927000,0 days 00:00:16.139000,11148,244,6,100,False,0,car,915.4683333333335,0.16778251481587955,3617,-1324,1378,car,0 days 01:19:57.927000
2024-10-20 19:26:35.805,0 days 01:19:58.207000,0 days 00:00:16.419000,11351,248,6,100,False,0,car,934.7572222222225,0.17131768710741907,3692,-1230,1379,car,0 days 01:19:58.207000
2024-10-20 19:26:36.205,0 days 01:19:58.607000,0 days 00:00:16.819000,11525,251,6,100,False,0,car,962.6461111111113,0.17642902492525556,3884,-1063,1381,car,0 days 01:19:58.607000
2024-10-20 19:26:36.365,0 days 01:19:58.767000,0 days 00:00:16.979000,11618,253,6,100,False,0,car,973.8905555555557,0.17848985116894103,3975,-995,1383,car,0 days 01:19:58.767000
2024-10-20 19:26:36.565,0 days 01:19:58.967000,0 days 00:00:17.179000,11680,255,6,100,False,0,car,988.0572222222223,0.18108624786923644,4094,-916,1387,car,0 days 01:19:58.967000
2024-10-20 19:26:36.725,0 days 01:19:59.127000,0 days 00:00:17.339000,11744,257,6,100,False,0,car,999.4794444444445,0.18317965634602368,4196,-855,1391,car,0 days 01:19:59.127000
2024-10-20 19:26:37.005,0 days 01:19:59.407000,0 days 00:00:17.619000,11282,260,6,100,False,0,car,1019.7016666666668,0.18688588536134737,4409,-743,1397,car,0 days 01:19:59.407000
2024-10-20 19:26:37.165,0 days 01:19:59.567000,0 days 00:00:17.779000,10546,261,7,100,False,0,car,1031.3016666666667,0.18901187607123632,4517,-686,1399,car,0 days 01:19:59.567000
2024-10-20 19:26:37.365,0 days 01:19:59.767000,0 days 00:00:17.979000,10598,264,7,100,False,0,car,1045.9683333333332,0.19169991030213038,4626,-629,1402,car,0 days 01:19:59.767000
2024-10-20 19:26:37.645,0 days 01:20:00.047000,0 days 00:00:18.259000,10667,268,7,100,False,0,car,1066.8127777777777,0.19552017713331016,4802,-532,1404,car,0 days 01:20:00.047000
2024-10-20 19:26:38.045,0 days 01:20:00.447000,0 days 00:00:18.659000,10808,269,7,100,False,0,car,1096.7016666666664,0.2009980650735413,5043,-357,1404,car,0 days 01:20:00.447000
2024-10-20 19:26:38.285,0 days 01:20:00.687000,0 days 00:00:18.899000,10863,270,7,100,False,0,car,1114.7016666666666,0.20429701617509316,5187,-248,1404,car,0 days 01:20:00.687000
2024-10-20 19:26:38.485,0 days 01:20:00.887000,0 days 00:00:19.099000,10856,270,7,100,False,0,car,1129.7016666666666,0.20704614209305303,5303,-149,1403,car,0 days 01:20:00.887000
2024-10-20 19:26:38.644,0 days 01:20:01.046000,0 days 00:00:19.258000,10862,270,7,100,False,0,car,1141.6266666666666,0.20923169719783113,5397,-50,1401,car,0 days 01:20:01.046000
2024-10-20 19:26:38.964,0 days 01:20:01.366000,0 days 00:00:19.578000,10833,270,7,100,False,0,car,1165.6266666666666,0.2136302986665669,5517,141,1399,car,0 days 01:20:01.366000
2024-10-20 19:26:39.284,0 days 01:20:01.686000,0 days 00:00:19.898000,10905,271,7,100,False,0,car,1189.7155555555555,0.2180451912518536,5630,343,1395,car,0 days 01:20:01.686000
2024-10-20 19:26:39.444,0 days 01:20:01.846000,0 days 00:00:20.058000,10691,271,7,62,False,0,car,1201.76,0.22025263754449692,5689,449,1394,car,0 days 01:20:01.846000
2024-10-20 19:26:39.684,0 days 01:20:02.086000,0 days 00:00:20.298000,10776,266,7,8,False,0,car,1219.493333333333,0.22350271529639612,5782,598,1391,car,0 days 01:20:02.086000
2024-10-20 19:26:39.884,0 days 01:20:02.286000,0 days 00:00:20.498000,10500,261,7,0,False,0,car,1233.9933333333333,0.22616020368375736,5870,712,1389,car,0 days 01:20:02.286000
2024-10-20 19:26:40.044,0 days 01:20:02.446000,0 days 00:00:20.658000,11480,261,7,0,False,0,car,1245.5933333333332,0.2282861943936463,5948,794,1386,car,0 days 01:20:02.446000
2024-10-20 19:26:40.484,0 days 01:20:02.886000,0 days 00:00:21.098000,10968,243,6,0,False,0,car,1275.293333333333,0.23372946371120684,6205,955,1382,car,0 days 01:20:02.886000
2024-10-20 19:26:40.724,0 days 01:20:03.126000,0 days 00:00:21.338000,10744,241,6,0,False,0,car,1291.36,0.2366740830277772,6359,1026,1381,car,0 days 01:20:03.126000
2024-10-20 19:26:40.924,0 days 01:20:03.326000,0 days 00:00:21.538000,10744,236,6,3,False,0,pos,1304.471111111111,0.23907702271903103,6481,1112,1381,car,0 days 01:20:03.326000
2024-10-20 19:26:41.245,0 days 01:20:03.647000,0 days 00:00:21.859000,10185,228,6,12,False,0,car,1324.8011111111111,0.24280300471317265,6589,1248,1382,car,0 days 01:20:03.647000
2024-10-20 19:26:41.485,0 days 01:20:03.887000,0 days 00:00:22.099000,10042,221,6,55,False,0,car,1339.5344444444445,0.24550325728147993,6664,1386,1382,car,0 days 01:20:03.887000
2024-10-20 19:26:41.765,0 days 01:20:04.167000,0 days 00:00:22.379000,10085,220,6,71,False,0,car,1356.6455555555556,0.248639297217523,6727,1571,1382,car,0 days 01:20:04.167000
2024-10-20 19:26:42.165,0 days 01:20:04.567000,0 days 00:00:22.779000,10280,223,6,85,False,0,car,1381.4233333333332,0.2531804459560789,6781,1799,1380,car,0 days 01:20:04.567000
2024-10-20 19:26:42.565,0 days 01:20:04.967000,0 days 00:00:23.179000,10364,228,6,78,False,0,car,1406.7566666666664,0.2578234141730778,6851,2030,1377,car,0 days 01:20:04.967000
2024-10-20 19:26:43.005,0 days 01:20:05.407000,0 days 00:00:23.619000,10184,224,6,4,False,0,car,1434.1344444444444,0.2628410780707468,6977,2260,1376,car,0 days 01:20:05.407000
2024-10-20 19:26:43.285,0 days 01:20:05.687000,0 days 00:00:23.899000,11136,222,5,0,False,0,car,1451.401111111111,0.26600562746075396,7135,2422,1377,car,0 days 01:20:05.687000
2024-10-20 19:26:43.605,0 days 01:20:06.007000,0 days 00:00:24.219000,10828,209,5,0,False,0,car,1469.9788888888888,0.26941047081988645,7306,2560,1379,car,0 days 01:20:06.007000
2024-10-20 19:26:43.765,0 days 01:20:06.167000,0 days 00:00:24.379000,10481,208,5,0,False,0,car,1479.2233333333334,0.2711047469411773,7355,2587,1380,car,0 days 01:20:06.167000
2024-10-20 19:26:44.045,0 days 01:20:06.447000,0 days 00:00:24.659000,10104,201,5,5,False,0,car,1494.8566666666666,0.2739699470645621,7469,2647,1382,car,0 days 01:20:06.447000
2024-10-20 19:26:44.285,0 days 01:20:06.687000,0 days 00:00:24.899000,10136,197,5,43,False,0,car,1507.99,0.27637695953495367,7578,2698,1384,car,0 days 01:20:06.687000
2024-10-20 19:26:44.645,0 days 01:20:07.047000,0 days 00:00:25.259000,10188,194,5,57,False,0,car,1527.3899999999999,0.27993249572218176,7852,2757,1391,car,0 days 01:20:07.047000
2024-10-20 19:26:45.005,0 days 01:20:07.407000,0 days 00:00:25.619000,10291,195,5,64,False,0,car,1546.8899999999999,0.2835063594155296,8052,2740,1396,car,0 days 01:20:07.407000
2024-10-20 19:26:45.245,0 days 01:20:07.647000,0 days 00:00:25.859000,10474,196,5,71,False,0,car,1559.9566666666667,0.285901153548508,8128,2722,1398,car,0 days 01:20:07.647000
2024-10-20 19:26:45.484,0 days 01:20:07.886000,0 days 00:00:26.098000,10655,198,5,83,False,0,car,1573.1016666666665,0.2883103042279468,8219,2691,1400,car,0 days 01:20:07.886000
2024-10-20 19:26:45.764,0 days 01:20:08.166000,0 days 00:00:26.378000,10892,202,5,86,False,0,car,1588.8127777777777,0.2911897590783137,8379,2628,1403,car,0 days 01:20:08.166000
2024-10-20 19:26:45.964,0 days 01:20:08.366000,0 days 00:00:26.578000,11057,206,5,87,False,0,car,1600.257222222222,0.2932872403342386,8528,2554,1405,car,0 days 01:20:08.366000
2024-10-20 19:26:46.244,0 days 01:20:08.646000,0 days 00:00:26.858000,10486,211,5,59,False,0,car,1616.6683333333333,0.2962949877274436,8665,2479,1407,car,0 days 01:20:08.646000
2024-10-20 19:26:46.644,0 days 01:20:09.046000,0 days 00:00:27.258000,10505,205,5,0,True,0,car,1639.446111111111,0.3004695863436048,8846,2399,1406,car,0 days 01:20:09.046000
2024-10-20 19:26:46.804,0 days 01:20:09.206000,0 days 00:00:27.418000,10274,198,5,0,True,0,car,1648.2461111111108,0.3020824068821413,8935,2369,1405,car,0 days 01:20:09.206000
2024-10-20 19:26:47.124,0 days 01:20:09.526000,0 days 00:00:27.738000,9863,192,5,0,False,0,car,1665.3127777777775,0.30521030125990894,9081,2338,1402,car,0 days 01:20:09.526000
2024-10-20 19:26:47.284,0 days 01:20:09.686000,0 days 00:00:27.898000,9632,187,5,0,False,0,car,1673.6238888888886,0.3067335206574156,9165,2329,1401,car,0 days 01:20:09.686000
2024-10-20 19:26:47.644,0 days 01:20:10.046000,0 days 00:00:28.258000,9330,180,5,7,False,0,pos,1691.6238888888886,0.3100324717589675,9336,2361,1399,car,0 days 01:20:10.046000
2024-10-20 19:26:47.845,0 days 01:20:10.247000,0 days 00:00:28.459000,9387,177,5,28,False,0,car,1701.5063888888885,0.31184368755125,9474,2437,1397,car,0 days 01:20:10.247000
2024-10-20 19:26:48.165,0 days 01:20:10.567000,0 days 00:00:28.779000,9338,176,5,63,False,0,car,1717.150833333333,0.3147109240642037,9597,2515,1397,car,0 days 01:20:10.567000
2024-10-20 19:26:48.365,0 days 01:20:10.767000,0 days 00:00:28.979000,9441,179,5,72,False,0,car,1727.0952777777773,0.31653349272833264,9643,2550,1398,car,0 days 01:20:10.767000
2024-10-20 19:26:48.685,0 days 01:20:11.087000,0 days 00:00:29.299000,9826,183,5,83,False,0,car,1743.361944444444,0.31951476705714243,9798,2706,1402,car,0 days 01:20:11.087000
2024-10-20 19:26:48.885,0 days 01:20:11.287000,0 days 00:00:29.499000,9919,187,5,84,False,0,car,1753.7508333333328,0.3214187913040258,9863,2785,1405,car,0 days 01:20:11.287000
2024-10-20 19:26:49.085,0 days 01:20:11.487000,0 days 00:00:29.699000,9834,190,5,30,False,0,car,1764.3063888888885,0.323353361394442,9893,2825,1407,car,0 days 01:20:11.487000
2024-10-20 19:26:49.405,0 days 01:20:11.807000,0 days 00:00:30.019000,10087,187,5,0,True,0,car,1780.9286111111105,0.32639980018945525,10041,2998,1419,car,0 days 01:20:11.807000
2024-10-20 19:26:49.565,0 days 01:20:11.967000,0 days 00:00:30.179000,10342,180,5,0,True,0,car,1788.9286111111105,0.3278660006790339,10070,3029,1421,car,0 days 01:20:11.967000
2024-10-20 19:26:49.765,0 days 01:20:12.167000,0 days 00:00:30.379000,9863,172,5,0,True,0,car,1798.4841666666662,0.32961729570825277,10107,3070,1424,car,0 days 01:20:12.167000
2024-10-20 19:26:50.045,0 days 01:20:12.447000,0 days 00:00:30.659000,9331,160,4,0,True,0,car,1810.9286111111105,0.33189805202537503,10227,3172,1432,car,0 days 01:20:12.447000
2024-10-20 19:26:50.245,0 days 01:20:12.647000,0 days 00:00:30.859000,9052,155,4,0,True,0,car,1819.5397222222218,0.3334762539412409,10328,3233,1438,car,0 days 01:20:12.647000
2024-10-20 19:26:50.645,0 days 01:20:13.047000,0 days 00:00:31.259000,8607,146,4,0,False,0,car,1835.761944444444,0.33644938271177527,10423,3258,1443,car,0 days 01:20:13.047000
2024-10-20 19:26:50.845,0 days 01:20:13.247000,0 days 00:00:31.459000,8298,143,4,0,False,0,car,1843.7063888888883,0.33790540125350954,10507,3269,1448,car,0 days 01:20:13.247000
2024-10-20 19:26:51.285,0 days 01:20:13.687000,0 days 00:00:31.899000,8547,136,4,29,False,0,car,1860.3286111111106,0.34095184004852286,10726,3235,1460,car,0 days 01:20:13.687000
2024-10-20 19:26:51.485,0 days 01:20:13.887000,0 days 00:00:32.099000,8513,135,4,62,False,0,car,1867.8286111111104,0.3423264030075028,10753,3222,1461,car,0 days 01:20:13.887000
2024-10-20 19:26:51.765,0 days 01:20:14.167000,0 days 00:00:32.379000,8750,137,4,68,False,0,car,1878.484166666666,0.3442793006040387,10841,3175,1468,car,0 days 01:20:14.167000
2024-10-20 19:26:51.965,0 days 01:20:14.367000,0 days 00:00:32.579000,8888,141,4,71,False,0,car,1886.3174999999994,0.34571495525008444,10940,3102,1475,car,0 days 01:20:14.367000
2024-10-20 19:26:52.164,0 days 01:20:14.566000,0 days 00:00:32.778000,9244,144,4,83,False,0,car,1894.2774999999992,0.3471738247372151,11015,3037,1480,car,0 days 01:20:14.566000
2024-10-20 19:26:52.364,0 days 01:20:14.766000,0 days 00:00:32.978000,9376,148,4,87,False,0,car,1902.4997222222216,0.3486807530181709,11056,2992,1483,car,0 days 01:20:14.766000
2024-10-20 19:26:52.644,0 days 01:20:15.046000,0 days 00:00:33.258000,10098,161,4,88,False,0,car,1915.021944444444,0.3509757640622752,11105,2930,1487,car,0 days 01:20:15.046000
2024-10-20 19:26:52.924,0 days 01:20:15.326000,0 days 00:00:33.538000,10086,165,4,59,False,0,car,1927.855277777777,0.3533277940143075,11221,2861,1494,car,0 days 01:20:15.326000
2024-10-20 19:26:53.124,0 days 01:20:15.526000,0 days 00:00:33.738000,10131,164,4,59,False,0,car,1936.9663888888883,0.35499763346077207,11363,2816,1503,car,0 days 01:20:15.526000
2024-10-20 19:26:53.284,0 days 01:20:15.686000,0 days 00:00:33.898000,10208,165,4,65,False,0,car,1944.2997222222218,0.35634165057621914,11391,2812,1503,car,0 days 01:20:15.686000
2024-10-20 19:26:53.564,0 days 01:20:15.966000,0 days 00:00:34.178000,10552,167,4,77,False,0,car,1957.2886111111104,0.35872218998221544,11495,2815,1506,car,0 days 01:20:15.966000
2024-10-20 19:26:53.804,0 days 01:20:16.206000,0 days 00:00:34.418000,10795,173,4,88,False,0,car,1968.821944444444,0.3608359623546913,11618,2822,1510,car,0 days 01:20:16.206000
2024-10-20 19:26:54.164,0 days 01:20:16.566000,0 days 00:00:34.778000,11100,179,4,96,False,0,car,1986.7219444444438,0.36411658595012336,11793,2843,1514,car,0 days 01:20:16.566000
2024-10-20 19:26:54.565,0 days 01:20:16.967000,0 days 00:00:35.179000,10680,191,5,99,False,0,car,2007.9972222222218,0.36801581378683573,11989,2880,1517,car,0 days 01:20:16.967000
2024-10-20 19:26:54.845,0 days 01:20:17.247000,0 days 00:00:35.459000,10878,202,5,99,False,0,car,2023.708333333333,0.37089526863720257,12186,2932,1515,car,0 days 01:20:17.247000
2024-10-20 19:26:55.085,0 days 01:20:17.487000,0 days 00:00:35.699000,11086,210,5,100,False,0,car,2037.7083333333328,0.3734611194939651,12367,2978,1513,car,0 days 01:20:17.487000
2024-10-20 19:26:55.245,0 days 01:20:17.647000,0 days 00:00:35.859000,11440,214,5,99,False,0,car,2047.2194444444442,0.3752042689649086,12442,2997,1511,car,0 days 01:20:17.647000
2024-10-20 19:26:55.565,0 days 01:20:17.967000,0 days 00:00:36.179000,11339,221,5,100,False,0,car,2066.8638888888886,0.37880460572265157,12573,3033,1507,car,0 days 01:20:17.967000
2024-10-20 19:26:55.805,0 days 01:20:18.207000,0 days 00:00:36.419000,10533,228,5,100,False,0,car,2082.0638888888884,0.3815903866528509,12702,3074,1503,car,0 days 01:20:18.207000
2024-10-20 19:26:56.205,0 days 01:20:18.607000,0 days 00:00:36.819000,10845,237,6,100,False,0,car,2108.397222222222,0.38641662993104714,12960,3184,1489,car,0 days 01:20:18.607000
2024-10-20 19:26:56.525,0 days 01:20:18.927000,0 days 00:00:37.139000,11169,242,6,100,False,0,car,2129.908333333333,0.39035908013635845,13201,3294,1472,car,0 days 01:20:18.927000
2024-10-20 19:26:56.725,0 days 01:20:19.127000,0 days 00:00:37.339000,11296,245,6,100,False,0,car,2143.5194444444437,0.3928536573582109,13251,3326,1467,car,0 days 01:20:19.127000
2024-10-20 19:26:56.925,0 days 01:20:19.327000,0 days 00:00:37.539000,11337,248,6,100,False,0,car,2157.2972222222215,0.39537878042359625,13404,3459,1454,car,0 days 01:20:19.327000
2024-10-20 19:26:57.085,0 days 01:20:19.487000,0 days 00:00:37.699000,11471,251,6,100,False,0,car,2168.4527777777766,0.39742331555073074,13518,3563,1444,car,0 days 01:20:19.487000
2024-10-20 19:26:57.365,0 days 01:20:19.767000,0 days 00:00:37.979000,11652,251,6,100,False,0,car,2187.974999999999,0.40100125202321635,13595,3645,1437,car,0 days 01:20:19.767000
2024-10-20 19:26:57.645,0 days 01:20:20.047000,0 days 00:00:38.259000,11512,259,6,100,False,0,car,2208.1194444444436,0.404693226311558,13712,3782,1426,car,0 days 01:20:20.047000
2024-10-20 19:26:57.965,0 days 01:20:20.367000,0 days 00:00:38.579000,10554,263,7,100,False,0,car,2231.4972222222214,0.4089777899644377,13876,3985,1413,car,0 days 01:20:20.367000
2024-10-20 19:26:58.245,0 days 01:20:20.647000,0 days 00:00:38.859000,10743,267,7,100,False,0,car,2252.2638888888882,0.4127838020686355,14049,4202,1401,car,0 days 01:20:20.647000
2024-10-20 19:26:58.445,0 days 01:20:20.847000,0 days 00:00:39.059000,10827,271,7,100,False,0,car,2267.3194444444434,0.4155431099344396,14146,4322,1395,car,0 days 01:20:20.847000
2024-10-20 19:26:58.645,0 days 01:20:21.047000,0 days 00:00:39.259000,10873,271,7,100,False,0,car,2282.374999999999,0.4183024178002438,14196,4384,1393,car,0 days 01:20:21.047000
2024-10-20 19:26:58.845,0 days 01:20:21.247000,0 days 00:00:39.459000,10985,274,7,100,False,0,car,2297.5972222222217,0.42109227150958095,14277,4484,1391,car,0 days 01:20:21.247000
2024-10-20 19:26:59.204,0 days 01:20:21.606000,0 days 00:00:39.818000,11061,277,7,100,False,0,car,2325.220277777777,0.4261548887069824,14476,4724,1385,car,0 days 01:20:21.606000
2024-10-20 19:26:59.524,0 days 01:20:21.926000,0 days 00:00:40.138000,11086,278,7,100,False,0,car,2349.9313888888883,0.43068381910812525,14612,4890,1384,car,0 days 01:20:21.926000
2024-10-20 19:26:59.724,0 days 01:20:22.126000,0 days 00:00:40.338000,11098,278,7,100,False,0,car,2365.375833333333,0.43351440060883956,14706,5010,1384,car,0 days 01:20:22.126000
2024-10-20 19:27:00.004,0 days 01:20:22.406000,0 days 00:00:40.618000,10921,277,7,7,False,0,car,2386.9202777777778,0.4374629599828575,14879,5225,1386,car,0 days 01:20:22.406000
2024-10-20 19:27:00.244,0 days 01:20:22.646000,0 days 00:00:40.858000,10639,273,7,0,True,0,car,2405.1202777777776,0.4407985660966488,15011,5384,1389,car,0 days 01:20:22.646000
2024-10-20 19:27:00.444,0 days 01:20:22.846000,0 days 00:00:41.058000,10274,264,7,0,True,0,car,2419.7869444444445,0.44348660032754295,15067,5450,1391,car,0 days 01:20:22.846000
2024-10-20 19:27:00.764,0 days 01:20:23.166000,0 days 00:00:41.378000,9026,236,7,0,True,0,car,2440.764722222222,0.447331303833549,15202,5611,1397,car,0 days 01:20:23.166000
2024-10-20 19:27:01.045,0 days 01:20:23.447000,0 days 00:00:41.659000,8831,202,7,0,True,0,car,2456.5319444444444,0.4502210424512386,15357,5785,1406,car,0 days 01:20:23.447000
2024-10-20 19:27:01.365,0 days 01:20:23.767000,0 days 00:00:41.979000,9085,182,6,0,True,0,car,2472.7097222222224,0.4531860256634976,15403,5843,1408,car,0 days 01:20:23.767000
2024-10-20 19:27:01.645,0 days 01:20:24.047000,0 days 00:00:42.259000,8795,148,4,0,True,0,car,2484.2208333333333,0.45529572525683565,15477,5943,1414,car,0 days 01:20:24.047000
2024-10-20 19:27:01.925,0 days 01:20:24.327000,0 days 00:00:42.539000,8612,128,3,0,True,0,car,2494.176388888889,0.4571203303105335,15527,6037,1417,car,0 days 01:20:24.327000
2024-10-20 19:27:02.085,0 days 01:20:24.487000,0 days 00:00:42.699000,8192,117,3,0,True,0,car,2499.376388888889,0.45807336062875953,15552,6093,1419,car,0 days 01:20:24.487000
2024-10-20 19:27:02.485,0 days 01:20:24.887000,0 days 00:00:43.099000,7055,102,3,0,True,0,car,2510.7097222222224,0.4601504779889959,15581,6208,1420,car,0 days 01:20:24.887000
2024-10-20 19:27:02.725,0 days 01:20:25.127000,0 days 00:00:43.339000,6688,96,3,0,True,0,car,2517.1097222222224,0.4613234383806588,15578,6264,1421,car,0 days 01:20:25.127000
2024-10-20 19:27:02.925,0 days 01:20:25.327000,0 days 00:00:43.539000,6379,93,3,0,True,0,car,2522.276388888889,0.4622703595301783,15563,6306,1420,car,0 days 01:20:25.327000
2024-10-20 19:27:03.085,0 days 01:20:25.487000,0 days 00:00:43.699000,5898,87,3,0,True,0,car,2526.1430555555557,0.4629790231001413,15543,6338,1420,car,0 days 01:20:25.487000
2024-10-20 19:27:03.325,0 days 01:20:25.727000,0 days 00:00:43.939000,5497,83,3,0,True,0,car,2531.676388888889,0.46399314510543316,15502,6378,1420,car,0 days 01:20:25.727000
2024-10-20 19:27:03.605,0 days 01:20:26.007000,0 days 00:00:44.219000,5363,79,3,0,False,0,car,2537.8208333333337,0.4651192685370123,15414,6422,1419,car,0 days 01:20:26.007000
2024-10-20 19:27:03.765,0 days 01:20:26.167000,0 days 00:00:44.379000,5225,78,3,0,False,0,car,2541.2875000000004,0.46575462208249635,15393,6429,1419,car,0 days 01:20:26.167000
2024-10-20 19:27:04.125,0 days 01:20:26.527000,0 days 00:00:44.739000,5241,75,3,18,False,0,car,2548.7875000000004,0.4671291850414763,15342,6434,1418,car,0 days 01:20:26.527000
2024-10-20 19:27:04.325,0 days 01:20:26.727000,0 days 00:00:44.939000,5764,76,3,32,False,0,car,2553.0097222222225,0.46790301307764276,15276,6435,1416,car,0 days 01:20:26.727000
2024-10-20 19:27:04.805,0 days 01:20:27.207000,0 days 00:00:45.419000,6293,84,3,56,False,0,car,2564.2097222222224,0.4699556937630528,15189,6430,1413,car,0 days 01:20:27.207000
2024-10-20 19:27:05.205,0 days 01:20:27.607000,0 days 00:00:45.819000,7142,95,3,73,False,0,car,2574.765277777778,0.471890263853469,15078,6412,1409,car,0 days 01:20:27.607000
2024-10-20 19:27:05.445,0 days 01:20:27.847000,0 days 00:00:46.059000,7885,102,3,79,False,0,car,2581.5652777777777,0.4731365342696108,14993,6394,1404,car,0 days 01:20:27.847000
2024-10-20 19:27:05.724,0 days 01:20:28.126000,0 days 00:00:46.338000,8854,115,3,84,False,0,car,2590.4777777777776,0.4747699732525319,14946,6381,1402,car,0 days 01:20:28.126000
2024-10-20 19:27:06.004,0 days 01:20:28.406000,0 days 00:00:46.618000,10165,126,3,93,False,0,car,2600.277777777778,0.4765660688522657,14843,6349,1394,car,0 days 01:20:28.406000
2024-10-20 19:27:06.204,0 days 01:20:28.606000,0 days 00:00:46.818000,10366,137,3,98,False,0,car,2607.8888888888887,0.4779609957069342,14742,6313,1387,car,0 days 01:20:28.606000
2024-10-20 19:27:06.364,0 days 01:20:28.766000,0 days 00:00:46.978000,10926,137,3,99,False,0,car,2613.9777777777776,0.479076937190669,14665,6285,1382,car,0 days 01:20:28.766000
2024-10-20 19:27:06.564,0 days 01:20:28.966000,0 days 00:00:47.178000,11833,156,3,100,False,0,car,2622.644444444444,0.48066532105437915,14619,6268,1379,car,0 days 01:20:28.966000
2024-10-20 19:27:07.004,0 days 01:20:29.406000,0 days 00:00:47.618000,10794,175,4,100,False,0,car,2644.0333333333333,0.4845853709744331,14500,6224,1371,car,0 days 01:20:29.406000
2024-10-20 19:27:07.244,0 days 01:20:29.646000,0 days 00:00:47.858000,11415,179,4,100,False,0,car,2655.9666666666662,0.48677245337138775,14386,6183,1366,car,0 days 01:20:29.646000
2024-10-20 19:27:07.405,0 days 01:20:29.807000,0 days 00:00:48.019000,10999,179,4,99,False,0,car,2663.971944444444,0.48823962114601155,14310,6156,1361,car,0 days 01:20:29.807000
2024-10-20 19:27:07.645,0 days 01:20:30.047000,0 days 00:00:48.259000,10661,198,5,100,False,0,car,2677.1719444444443,0.4906588519538163,14189,6112,1356,car,0 days 01:20:30.047000
2024-10-20 19:27:07.845,0 days 01:20:30.247000,0 days 00:00:48.459000,10958,204,5,100,False,0,car,2688.505277777778,0.49273596931405267,14084,6073,1352,car,0 days 01:20:30.247000
2024-10-20 19:27:08.005,0 days 01:20:30.407000,0 days 00:00:48.619000,10982,210,5,100,False,0,car,2697.838611111111,0.4944465365518943,13997,6043,1349,car,0 days 01:20:30.407000
2024-10-20 19:27:08.165,0 days 01:20:30.567000,0 days 00:00:48.779000,11357,213,5,100,False,0,car,2707.3052777777775,0.4961815404645623,13910,6012,1346,car,0 days 01:20:30.567000
2024-10-20 19:27:08.365,0 days 01:20:30.767000,0 days 00:00:48.979000,11646,218,5,100,False,0,car,2719.4163888888884,0.49840120509461877,13765,5961,1343,car,0 days 01:20:30.767000
2024-10-20 19:27:08.725,0 days 01:20:31.127000,0 days 00:00:49.339000,10457,228,6,100,False,0,car,2742.2163888888886,0.5025798764899178,13577,5896,1341,car,0 days 01:20:31.127000
2024-10-20 19:27:09.125,0 days 01:20:31.527000,0 days 00:00:49.739000,10800,237,6,100,False,0,car,2768.5497222222216,0.507406119768114,13237,5781,1341,car,0 days 01:20:31.527000
2024-10-20 19:27:09.285,0 days 01:20:31.687000,0 days 00:00:49.899000,11003,241,6,100,False,0,car,2779.260833333333,0.5093691993124942,13135,5747,1341,car,0 days 01:20:31.687000
2024-10-20 19:27:09.725,0 days 01:20:32.127000,0 days 00:00:50.339000,11324,248,6,100,False,0,car,2809.571944444444,0.514924470056342,12939,5686,1345,car,0 days 01:20:32.127000
2024-10-20 19:27:10.125,0 days 01:20:32.527000,0 days 00:00:50.739000,11573,254,6,100,False,0,car,2837.794166666666,0.5200968995612443,12665,5608,1353,car,0 days 01:20:32.527000
2024-10-20 19:27:10.565,0 days 01:20:32.967000,0 days 00:00:51.179000,10307,259,7,100,False,0,car,2869.449722222222,0.5258985734429241,12365,5523,1364,car,0 days 01:20:32.967000
2024-10-20 19:27:10.765,0 days 01:20:33.167000,0 days 00:00:51.379000,10484,261,7,100,False,0,car,2883.9497222222217,0.5285560618302853,12246,5490,1366,car,0 days 01:20:33.167000
2024-10-20 19:27:11.125,0 days 01:20:33.527000,0 days 00:00:51.739000,10667,266,7,100,False,0,car,2910.5497222222216,0.533431178458134,11984,5419,1373,car,0 days 01:20:33.527000
2024-10-20 19:27:11.325,0 days 01:20:33.727000,0 days 00:00:51.939000,10730,268,7,100,False,0,car,2925.4386111111107,0.5361599404804054,11837,5379,1376,car,0 days 01:20:33.727000
2024-10-20 19:27:11.805,0 days 01:20:34.207000,0 days 00:00:52.419000,10951,273,7,100,False,0,car,2961.8386111111104,0.542831152707988,11470,5285,1381,car,0 days 01:20:34.207000
2024-10-20 19:27:12.205,0 days 01:20:34.607000,0 days 00:00:52.819000,11014,277,7,100,False,0,car,2992.6163888888887,0.548471951813728,11082,5189,1383,car,0 days 01:20:34.607000
2024-10-20 19:27:12.484,0 days 01:20:34.886000,0 days 00:00:53.098000,11144,279,7,100,False,0,car,3014.238888888888,0.552434816824467,10906,5146,1384,car,0 days 01:20:34.886000
2024-10-20 19:27:12.804,0 days 01:20:35.206000,0 days 00:00:53.418000,11230,282,7,100,False,0,car,3039.3055555555547,0.5570289116918132,10747,5109,1383,car,0 days 01:20:35.206000
2024-10-20 19:27:12.964,0 days 01:20:35.366000,0 days 00:00:53.578000,11332,283,7,100,False,0,car,3051.8833333333328,0.5593341046837619,10518,5056,1381,car,0 days 01:20:35.366000
2024-10-20 19:27:13.244,0 days 01:20:35.646000,0 days 00:00:53.858000,11417,284,7,100,False,0,car,3073.9722222222213,0.5633824471466539,10359,5020,1379,car,0 days 01:20:35.646000
2024-10-20 19:27:13.404,0 days 01:20:35.806000,0 days 00:00:54.018000,11442,286,7,100,False,0,car,3086.6833333333325,0.5657120768134287,10278,5002,1377,car,0 days 01:20:35.806000
2024-10-20 19:27:13.684,0 days 01:20:36.086000,0 days 00:00:54.298000,11516,289,7,100,False,0,car,3109.16111111111,0.5698316929112308,10012,4944,1372,car,0 days 01:20:36.086000
2024-10-20 19:27:13.924,0 days 01:20:36.326000,0 days 00:00:54.538000,11589,290,7,100,False,0,car,3128.494444444443,0.5733750107610457,9872,4914,1369,car,0 days 01:20:36.326000
2024-10-20 19:27:14.245,0 days 01:20:36.647000,0 days 00:00:54.859000,11655,292,7,100,False,0,car,3154.53111111111,0.5781468824377534,9528,4844,1362,car,0 days 01:20:36.647000
2024-10-20 19:27:14.725,0 days 01:20:37.127000,0 days 00:00:55.339000,10395,294,8,100,False,0,car,3193.73111111111,0.5853312648366885,9220,4783,1357,car,0 days 01:20:37.127000
2024-10-20 19:27:15.045,0 days 01:20:37.447000,0 days 00:00:55.659000,10470,297,8,100,False,0,car,3220.13111111111,0.5901697264522978,8951,4732,1355,car,0 days 01:20:37.447000
2024-10-20 19:27:15.365,0 days 01:20:37.767000,0 days 00:00:55.979000,10586,298,8,100,False,0,car,3246.619999999999,0.5950244791844581,8635,4674,1353,car,0 days 01:20:37.767000
2024-10-20 19:27:15.605,0 days 01:20:38.007000,0 days 00:00:56.219000,10565,300,8,100,False,0,car,3266.619999999999,0.5986899804084046,8410,4635,1353,car,0 days 01:20:38.007000
2024-10-20 19:27:15.885,0 days 01:20:38.287000,0 days 00:00:56.499000,10653,301,8,100,False,0,car,3290.03111111111,0.6029806532299908,8272,4612,1354,car,0 days 01:20:38.287000
2024-10-20 19:27:16.325,0 days 01:20:38.727000,0 days 00:00:56.939000,10678,302,8,100,False,0,car,3326.942222222221,0.609745539377741,7799,4534,1355,car,0 days 01:20:38.727000
2024-10-20 19:27:16.485,0 days 01:20:38.887000,0 days 00:00:57.099000,10689,303,8,100,False,0,car,3340.4088888888873,0.6122136435351982,7709,4519,1356,car,0 days 01:20:38.887000
2024-10-20 19:27:16.645,0 days 01:20:39.047000,0 days 00:00:57.259000,10728,303,8,100,False,0,car,3353.8755555555545,0.6146817476926556,7640,4509,1356,car,0 days 01:20:39.047000
2024-10-20 19:27:16.925,0 days 01:20:39.327000,0 days 00:00:57.539000,10772,305,8,100,False,0,car,3377.5977777777766,0.6190294394221699,7400,4478,1357,car,0 days 01:20:39.327000
2024-10-20 19:27:17.285,0 days 01:20:39.687000,0 days 00:00:57.899000,10804,306,8,100,False,0,car,3408.1977777777765,0.624637656294808,7104,4444,1357,car,0 days 01:20:39.687000
2024-10-20 19:27:17.485,0 days 01:20:39.887000,0 days 00:00:58.099000,10779,306,8,100,False,0,car,3425.197777777776,0.6277533323351625,6816,4413,1359,car,0 days 01:20:39.887000
2024-10-20 19:27:17.805,0 days 01:20:40.207000,0 days 00:00:58.419000,10724,305,8,100,False,0,car,3452.3088888888874,0.6327221228831789,6652,4395,1359,car,0 days 01:20:40.207000
2024-10-20 19:27:17.965,0 days 01:20:40.367000,0 days 00:00:58.579000,10717,305,8,100,False,0,car,3465.864444444443,0.6352065181571871,6536,4384,1360,car,0 days 01:20:40.367000
2024-10-20 19:27:18.245,0 days 01:20:40.647000,0 days 00:00:58.859000,10657,304,8,100,False,0,car,3489.5088888888877,0.6395399551597194,6287,4360,1361,car,0 days 01:20:40.647000
2024-10-20 19:27:18.485,0 days 01:20:40.887000,0 days 00:00:59.099000,10660,302,8,100,False,0,car,3509.6422222222204,0.6432298930584921,6087,4340,1360,car,0 days 01:20:40.887000
2024-10-20 19:27:18.765,0 days 01:20:41.167000,0 days 00:00:59.379000,10583,302,8,100,False,0,car,3533.1311111111095,0.6475348206070605,5868,4319,1359,car,0 days 01:20:41.167000
2024-10-20 19:27:18.965,0 days 01:20:41.367000,0 days 00:00:59.579000,10619,301,8,99,False,0,car,3549.853333333332,0.6505995869081935,5721,4305,1359,car,0 days 01:20:41.367000
2024-10-20 19:27:19.364,0 days 01:20:41.766000,0 days 00:00:59.978000,10007,292,8,0,False,0,car,3582.2166666666653,0.6565309788054096,5298,4263,1356,car,0 days 01:20:41.766000
2024-10-20 19:27:19.804,0 days 01:20:42.206000,0 days 00:01:00.418000,9132,259,8,0,True,0,car,3613.872222222221,0.6623326526870894,5041,4236,1352,car,0 days 01:20:42.206000
2024-10-20 19:27:20.044,0 days 01:20:42.446000,0 days 00:01:00.658000,8347,237,8,0,True,0,car,3629.672222222221,0.6652283986540071,4880,4220,1350,car,0 days 01:20:42.446000
2024-10-20 19:27:20.484,0 days 01:20:42.886000,0 days 00:01:01.098000,7965,196,7,0,True,0,car,3653.6277777777764,0.6696188545644675,4578,4194,1346,car,0 days 01:20:42.886000
2024-10-20 19:27:20.645,0 days 01:20:43.047000,0 days 00:01:01.259000,7671,178,7,0,True,0,car,3661.588333333332,0.6710778258710766,4524,4189,1346,car,0 days 01:20:43.047000
2024-10-20 19:27:20.965,0 days 01:20:43.367000,0 days 00:01:01.579000,8853,148,5,0,True,0,car,3674.7438888888873,0.6734889111206058,4368,4171,1343,car,0 days 01:20:43.367000
2024-10-20 19:27:21.285,0 days 01:20:43.687000,0 days 00:01:01.899000,9079,136,3,0,True,0,car,3686.8327777777763,0.6757045029715246,4273,4159,1342,car,0 days 01:20:43.687000
2024-10-20 19:27:21.485,0 days 01:20:43.887000,0 days 00:01:02.099000,8439,120,3,0,True,0,car,3693.499444444443,0.6769263367128401,4199,4125,1340,car,0 days 01:20:43.887000
2024-10-20 19:27:21.845,0 days 01:20:44.247000,0 days 00:01:02.459000,7576,110,3,0,True,0,car,3704.499444444443,0.6789423623860106,4100,4074,1338,car,0 days 01:20:44.247000
2024-10-20 19:27:22.045,0 days 01:20:44.447000,0 days 00:01:02.659000,7247,105,3,0,True,0,car,3710.332777777776,0.6800114669096616,4075,4049,1336,car,0 days 01:20:44.447000
2024-10-20 19:27:22.245,0 days 01:20:44.647000,0 days 00:01:02.859000,6910,102,3,0,True,0,car,3715.999444444443,0.6810500255897799,4036,4010,1335,car,0 days 01:20:44.647000
2024-10-20 19:27:22.485,0 days 01:20:44.887000,0 days 00:01:03.099000,6625,94,3,0,True,0,car,3722.2661111111092,0.6821985493066164,4005,3955,1333,car,0 days 01:20:44.887000
2024-10-20 19:27:22.685,0 days 01:20:45.087000,0 days 00:01:03.299000,6312,93,3,0,False,0,car,3727.4327777777758,0.6831454704561358,3985,3875,1330,car,0 days 01:20:45.087000
2024-10-20 19:27:22.845,0 days 01:20:45.247000,0 days 00:01:03.459000,6181,89,3,0,False,0,car,3731.3883333333315,0.6838704251426497,3983,3855,1330,car,0 days 01:20:45.247000
2024-10-20 19:27:23.005,0 days 01:20:45.407000,0 days 00:01:03.619000,6021,86,3,0,False,0,car,3735.2105555555536,0.6845709431543373,3987,3831,1331,car,0 days 01:20:45.407000
2024-10-20 19:27:23.285,0 days 01:20:45.687000,0 days 00:01:03.899000,6491,86,3,30,False,0,car,3741.8994444444425,0.6857968496747905,3999,3762,1331,car,0 days 01:20:45.687000
2024-10-20 19:27:23.645,0 days 01:20:46.047000,0 days 00:01:04.259000,6862,88,3,49,False,0,car,3750.6994444444426,0.687409670213327,4043,3652,1330,car,0 days 01:20:46.047000
2024-10-20 19:27:23.885,0 days 01:20:46.287000,0 days 00:01:04.499000,7188,95,3,63,False,0,car,3757.0327777777757,0.6885704122675766,4066,3605,1329,car,0 days 01:20:46.287000
2024-10-20 19:27:24.045,0 days 01:20:46.447000,0 days 00:01:04.659000,7607,98,3,69,False,0,car,3761.3883333333315,0.6893686769785695,4078,3586,1330,car,0 days 01:20:46.447000
2024-10-20 19:27:24.285,0 days 01:20:46.687000,0 days 00:01:04.899000,8070,108,3,79,False,0,car,3768.5883333333313,0.6906882574191902,4123,3519,1329,car,0 days 01:20:46.687000
2024-10-20 19:27:24.605,0 days 01:20:47.007000,0 days 00:01:05.219000,8553,119,3,83,False,0,car,3779.166111111109,0.6926269002887441,4204,3415,1329,car,0 days 01:20:47.007000
2024-10-20 19:27:24.885,0 days 01:20:47.287000,0 days 00:01:05.499000,9992,132,3,94,False,0,car,3789.4327777777758,0.69450852425037,4243,3375,1330,car,0 days 01:20:47.287000
2024-10-20 19:27:25.085,0 days 01:20:47.487000,0 days 00:01:05.699000,10898,140,3,97,False,0,car,3797.2105555555536,0.6959339969485714,4297,3320,1329,car,0 days 01:20:47.487000
2024-10-20 19:27:25.285,0 days 01:20:47.687000,0 days 00:01:05.899000,11318,148,3,99,False,0,car,3805.4327777777758,0.6974409252295272,4358,3261,1331,car,0 days 01:20:47.687000
2024-10-20 19:27:25.445,0 days 01:20:47.847000,0 days 00:01:06.059000,11587,157,3,99,False,0,car,3812.4105555555534,0.6987197778787707,4438,3187,1331,car,0 days 01:20:47.847000
2024-10-20 19:27:25.765,0 days 01:20:48.167000,0 days 00:01:06.379000,10509,170,4,99,False,0,car,3827.5216666666647,0.7014892676924193,4520,3110,1333,car,0 days 01:20:48.167000
2024-10-20 19:27:25.924,0 days 01:20:48.326000,0 days 00:01:06.538000,10953,178,4,99,False,0,car,3835.383333333331,0.7029301151318654,4564,3067,1335,car,0 days 01:20:48.326000
2024-10-20 19:27:26.364,0 days 01:20:48.766000,0 days 00:01:06.978000,11288,189,4,97,False,0,car,3858.483333333331,0.7071637690455236,4735,2897,1342,car,0 days 01:20:48.766000
2024-10-20 19:27:26.564,0 days 01:20:48.966000,0 days 00:01:07.178000,10840,190,4,2,True,0,car,3869.0388888888865,0.7090983391359399,4811,2812,1345,car,0 days 01:20:48.966000
2024-10-20 19:27:26.804,0 days 01:20:49.206000,0 days 00:01:07.418000,10218,172,4,0,True,0,car,3880.5055555555537,0.7111998931710026,4882,2720,1348,car,0 days 01:20:49.206000
2024-10-20 19:27:27.165,0 days 01:20:49.567000,0 days 00:01:07.779000,10250,151,4,0,True,0,car,3895.6474999999978,0.7139750339657046,4966,2585,1351,car,0 days 01:20:49.567000
2024-10-20 19:27:27.325,0 days 01:20:49.727000,0 days 00:01:07.939000,10250,141,3,0,True,0,car,3901.914166666664,0.7151235576825411,4989,2532,1353,car,0 days 01:20:49.727000
2024-10-20 19:27:27.605,0 days 01:20:50.007000,0 days 00:01:08.219000,8896,127,3,0,True,0,car,3911.791944444442,0.7169339080092569,5018,2418,1354,car,0 days 01:20:50.007000
2024-10-20 19:27:27.765,0 days 01:20:50.167000,0 days 00:01:08.379000,8404,124,3,0,True,0,car,3917.3030555555533,0.717943957235411,5027,2358,1355,car,0 days 01:20:50.167000
2024-10-20 19:27:27.925,0 days 01:20:50.327000,0 days 00:01:08.539000,8162,117,3,0,True,0,car,3922.503055555553,0.7188969875536372,5030,2315,1355,car,0 days 01:20:50.327000
2024-10-20 19:27:28.205,0 days 01:20:50.607000,0 days 00:01:08.819000,7570,109,3,0,True,0,car,3930.980833333331,0.7204507527946766,5022,2235,1356,car,0 days 01:20:50.607000
2024-10-20 19:27:28.605,0 days 01:20:51.007000,0 days 00:01:09.219000,7062,103,3,0,False,0,car,3942.425277777775,0.7225482340506015,4967,2096,1359,car,0 days 01:20:51.007000
2024-10-20 19:27:28.885,0 days 01:20:51.287000,0 days 00:01:09.499000,6804,96,3,0,False,0,car,3949.891944444442,0.7239166878408749,4930,2042,1360,car,0 days 01:20:51.287000
2024-10-20 19:27:29.245,0 days 01:20:51.647000,0 days 00:01:09.859000,6460,94,3,0,False,0,car,3959.291944444442,0.7256394734161298,4884,1995,1361,car,0 days 01:20:51.647000
2024-10-20 19:27:29.405,0 days 01:20:51.807000,0 days 00:01:10.019000,6993,90,3,15,False,0,car,3963.2919444444424,0.7263725736609192,4833,1966,1362,car,0 days 01:20:51.807000
2024-10-20 19:27:29.725,0 days 01:20:52.127000,0 days 00:01:10.339000,6921,90,3,36,False,0,car,3971.2919444444424,0.7278387741504978,4748,1937,1363,car,0 days 01:20:52.127000
2024-10-20 19:27:29.925,0 days 01:20:52.327000,0 days 00:01:10.539000,7033,94,3,42,False,0,car,3976.5141666666646,0.7287958772478615,4718,1936,1362,car,0 days 01:20:52.327000
2024-10-20 19:27:30.205,0 days 01:20:52.607000,0 days 00:01:10.819000,7388,97,3,53,False,0,car,3984.058611111109,0.730178585765117,4640,1933,1363,car,0 days 01:20:52.607000
2024-10-20 19:27:30.405,0 days 01:20:52.807000,0 days 00:01:11.019000,7744,102,3,56,False,0,car,3989.725277777776,0.7312171444452351,4584,1932,1362,car,0 days 01:20:52.807000
2024-10-20 19:27:30.725,0 days 01:20:53.127000,0 days 00:01:11.339000,8249,109,3,65,False,0,car,3999.4141666666646,0.7329928761492803,4491,1941,1361,car,0 days 01:20:53.127000
2024-10-20 19:27:31.165,0 days 01:20:53.567000,0 days 00:01:11.779000,9211,120,3,73,False,0,car,4014.080833333331,0.7356809103801744,4358,1990,1358,car,0 days 01:20:53.567000
2024-10-20 19:27:31.525,0 days 01:20:53.927000,0 days 00:01:12.139000,9942,129,3,80,False,0,car,4026.9808333333312,0.73804515866962,4250,2056,1354,car,0 days 01:20:53.927000
2024-10-20 19:27:31.725,0 days 01:20:54.127000,0 days 00:01:12.339000,10592,141,3,83,False,0,car,4034.8141666666647,0.7394808133156656,4192,2107,1352,car,0 days 01:20:54.127000
2024-10-20 19:27:32.005,0 days 01:20:54.407000,0 days 00:01:12.619000,11342,152,3,90,False,0,car,4046.636388888887,0.7416475318169318,4101,2206,1350,car,0 days 01:20:54.407000
2024-10-20 19:27:32.285,0 days 01:20:54.687000,0 days 00:01:12.899000,11622,164,3,98,False,0,car,4059.3919444444423,0.7439853070419821,4008,2330,1348,car,0 days 01:20:54.687000
2024-10-20 19:27:32.604,0 days 01:20:55.006000,0 days 00:01:13.218000,11022,176,4,99,False,0,car,4074.987499999998,0.7468435834408328,3966,2410,1346,car,0 days 01:20:55.006000
2024-10-20 19:27:32.844,0 days 01:20:55.246000,0 days 00:01:13.458000,11308,179,4,99,False,0,car,4086.920833333331,0.7490306658377874,3906,2518,1345,car,0 days 01:20:55.246000
2024-10-20 19:27:33.124,0 days 01:20:55.526000,0 days 00:01:13.738000,11672,191,4,100,False,0,car,4101.776388888887,0.7517533186913522,3838,2651,1342,car,0 days 01:20:55.526000
2024-10-20 19:27:33.364,0 days 01:20:55.766000,0 days 00:01:13.978000,11620,195,4,80,False,0,car,4114.776388888887,0.7541358944869174,3758,2782,1341,car,0 days 01:20:55.766000
2024-10-20 19:27:33.564,0 days 01:20:55.966000,0 days 00:01:14.178000,11170,194,4,13,True,0,car,4125.554166666665,0.7561111923687109,3696,2862,1340,car,0 days 01:20:55.966000
2024-10-20 19:27:33.805,0 days 01:20:56.207000,0 days 00:01:14.419000,10495,176,4,0,True,0,car,4137.336388888887,0.7582705798675292,3628,2933,1338,car,0 days 01:20:56.207000
2024-10-20 19:27:33.965,0 days 01:20:56.367000,0 days 00:01:14.579000,10126,170,4,0,True,0,car,4144.891944444443,0.7596553247743534,3580,2982,1338,car,0 days 01:20:56.367000
2024-10-20 19:27:34.205,0 days 01:20:56.607000,0 days 00:01:14.819000,10678,153,3,0,True,0,car,4155.0919444444435,0.7615247303985663,3464,3078,1338,car,0 days 01:20:56.607000
2024-10-20 19:27:34.485,0 days 01:20:56.887000,0 days 00:01:15.099000,9607,139,3,0,True,0,car,4165.903055555555,0.7635061374490663,3393,3124,1339,car,0 days 01:20:56.887000
2024-10-20 19:27:34.805,0 days 01:20:57.207000,0 days 00:01:15.419000,8790,126,3,0,True,0,car,4177.103055555554,0.7655588181344762,3297,3163,1340,car,0 days 01:20:57.207000
2024-10-20 19:27:35.165,0 days 01:20:57.567000,0 days 00:01:15.779000,7838,115,3,0,True,0,car,4188.603055555554,0.7676664813382454,3181,3185,1341,car,0 days 01:20:57.567000
2024-10-20 19:27:35.485,0 days 01:20:57.887000,0 days 00:01:16.099000,7279,104,3,0,True,0,car,4197.847499999999,0.7693607574595364,3085,3179,1341,car,0 days 01:20:57.887000
2024-10-20 19:27:35.645,0 days 01:20:58.047000,0 days 00:01:16.259000,6875,102,3,0,True,0,car,4202.380833333332,0.7701916044036308,3025,3163,1341,car,0 days 01:20:58.047000
2024-10-20 19:27:35.845,0 days 01:20:58.247000,0 days 00:01:16.459000,6544,98,3,0,True,0,car,4207.825277777776,0.7711894352923717,2974,3144,1340,car,0 days 01:20:58.247000
2024-10-20 19:27:36.205,0 days 01:20:58.607000,0 days 00:01:16.819000,6119,90,3,0,False,0,car,4216.825277777776,0.7728389108431477,2912,3099,1340,car,0 days 01:20:58.607000
2024-10-20 19:27:36.445,0 days 01:20:58.847000,0 days 00:01:17.059000,6078,88,3,0,False,0,car,4222.691944444443,0.7739141245355053,2870,3056,1340,car,0 days 01:20:58.847000
2024-10-20 19:27:36.645,0 days 01:20:59.047000,0 days 00:01:17.259000,5837,86,3,0,False,0,car,4227.469722222221,0.7747897720501149,2848,3019,1341,car,0 days 01:20:59.047000
2024-10-20 19:27:36.925,0 days 01:20:59.327000,0 days 00:01:17.539000,5577,80,3,4,False,0,car,4233.691944444444,0.7759301502086761,2831,2960,1342,car,0 days 01:20:59.327000
2024-10-20 19:27:37.125,0 days 01:20:59.527000,0 days 00:01:17.739000,5889,79,3,20,False,0,car,4238.0808333333325,0.7767345240883754,2832,2916,1343,car,0 days 01:20:59.527000
2024-10-20 19:27:37.525,0 days 01:20:59.927000,0 days 00:01:18.139000,6146,82,3,37,False,0,car,4247.191944444444,0.77840436353484,2860,2792,1344,car,0 days 01:20:59.927000
2024-10-20 19:27:37.965,0 days 01:21:00.367000,0 days 00:01:18.579000,7078,90,3,62,False,0,car,4258.191944444444,0.7804203892080105,2889,2724,1344,car,0 days 01:21:00.367000
2024-10-20 19:27:38.125,0 days 01:21:00.527000,0 days 00:01:18.739000,7080,96,3,67,False,0,car,4262.458611111111,0.7812023628024526,2908,2693,1345,car,0 days 01:21:00.527000
2024-10-20 19:27:38.445,0 days 01:21:00.847000,0 days 00:01:19.059000,7941,106,3,78,False,0,car,4271.880833333334,0.7829292211568452,2964,2608,1345,car,0 days 01:21:00.847000
2024-10-20 19:27:38.645,0 days 01:21:01.047000,0 days 00:01:19.259000,8590,110,3,80,False,0,car,4277.991944444445,0.7840492354197177,3001,2556,1345,car,0 days 01:21:01.047000
2024-10-20 19:27:38.965,0 days 01:21:01.367000,0 days 00:01:19.579000,9606,125,3,87,False,0,car,4289.103055555556,0.7860856249885769,3042,2496,1344,car,0 days 01:21:01.367000
2024-10-20 19:27:39.165,0 days 01:21:01.567000,0 days 00:01:19.779000,10788,134,3,93,False,0,car,4296.547500000001,0.7874500059997126,3080,2447,1345,car,0 days 01:21:01.567000
2024-10-20 19:27:39.524,0 days 01:21:01.926000,0 days 00:01:20.138000,11001,149,3,99,False,0,car,4311.406111111112,0.7901732188604088,3170,2332,1345,car,0 days 01:21:01.926000
2024-10-20 19:27:39.724,0 days 01:21:02.126000,0 days 00:01:20.338000,10376,161,3,99,False,0,car,4320.350555555557,0.7918125124633404,3223,2263,1346,car,0 days 01:21:02.126000
2024-10-20 19:27:39.924,0 days 01:21:02.326000,0 days 00:01:20.538000,10465,170,4,99,False,0,car,4329.795000000001,0.7935434435968707,3282,2192,1345,car,0 days 01:21:02.326000
2024-10-20 19:27:40.164,0 days 01:21:02.566000,0 days 00:01:20.778000,11130,174,4,99,False,0,pos,4341.395000000001,0.7956694343067597,3356,2103,1346,car,0 days 01:21:02.566000
2024-10-20 19:27:40.445,0 days 01:21:02.847000,0 days 00:01:21.059000,11428,189,4,99,False,0,car,4356.147500000001,0.7983731996470732,3444,1988,1347,car,0 days 01:21:02.847000
2024-10-20 19:27:40.725,0 days 01:21:03.127000,0 days 00:01:21.339000,10401,200,4,99,False,0,car,4371.703055555557,0.801224145043476,3526,1861,1349,car,0 days 01:21:03.127000
2024-10-20 19:27:41.005,0 days 01:21:03.407000,0 days 00:01:21.619000,10858,205,5,99,False,0,car,4387.647500000001,0.8041463640747889,3600,1724,1352,car,0 days 01:21:03.407000
2024-10-20 19:27:41.325,0 days 01:21:03.727000,0 days 00:01:21.939000,11353,212,5,99,False,0,car,4406.491944444445,0.8076000807835739,3682,1478,1357,car,0 days 01:21:03.727000
2024-10-20 19:27:41.605,0 days 01:21:04.007000,0 days 00:01:22.219000,11070,221,5,97,False,0,car,4423.680833333334,0.8107503754465991,3714,1346,1358,car,0 days 01:21:04.007000
2024-10-20 19:27:41.965,0 days 01:21:04.367000,0 days 00:01:22.579000,10361,227,6,86,False,0,car,4446.380833333334,0.8149107193357783,3728,1162,1360,car,0 days 01:21:04.367000
2024-10-20 19:27:42.285,0 days 01:21:04.687000,0 days 00:01:22.899000,10451,228,6,77,False,0,car,4466.647500000001,0.8186250939093775,3722,960,1364,car,0 days 01:21:04.687000
2024-10-20 19:27:42.605,0 days 01:21:05.007000,0 days 00:01:23.219000,10433,228,6,73,False,0,car,4486.914166666667,0.8223394684829767,3663,715,1368,car,0 days 01:21:05.007000
2024-10-20 19:27:42.765,0 days 01:21:05.167000,0 days 00:01:23.379000,10433,228,6,72,False,0,car,4497.0475000000015,0.8241966557697763,3637,642,1370,car,0 days 01:21:05.167000
2024-10-20 19:27:43.165,0 days 01:21:05.567000,0 days 00:01:23.779000,10480,229,6,72,False,0,car,4522.491944444446,0.8288599878824638,3533,443,1372,car,0 days 01:21:05.567000
2024-10-20 19:27:43.365,0 days 01:21:05.767000,0 days 00:01:23.979000,10460,229,6,74,False,0,car,4535.2141666666685,0.8311916539388077,3457,345,1374,car,0 days 01:21:05.767000
2024-10-20 19:27:43.565,0 days 01:21:05.967000,0 days 00:01:24.179000,10550,229,6,78,False,0,car,4547.936388888891,0.8335233199951514,3368,252,1376,car,0 days 01:21:05.967000
2024-10-20 19:27:43.845,0 days 01:21:06.247000,0 days 00:01:24.459000,10576,230,6,81,False,0,car,4565.82527777778,0.8368019072010147,3225,149,1380,car,0 days 01:21:06.247000
2024-10-20 19:27:44.045,0 days 01:21:06.447000,0 days 00:01:24.659000,10741,233,6,82,False,0,car,4578.769722222224,0.8391743010487356,3099,88,1381,car,0 days 01:21:06.447000
2024-10-20 19:27:44.245,0 days 01:21:06.647000,0 days 00:01:24.859000,10819,234,6,84,False,0,car,4591.769722222223,0.8415568768443006,2939,12,1380,car,0 days 01:21:06.647000
2024-10-20 19:27:44.485,0 days 01:21:06.887000,0 days 00:01:25.099000,10902,237,6,87,False,0,car,4607.569722222223,0.8444526228112184,2864,-20,1380,car,0 days 01:21:06.887000
2024-10-20 19:27:44.685,0 days 01:21:07.087000,0 days 00:01:25.299000,10963,239,6,90,False,0,car,4620.847500000002,0.8468861083460052,2734,-43,1379,car,0 days 01:21:07.087000
2024-10-20 19:27:45.125,0 days 01:21:07.527000,0 days 00:01:25.739000,11130,243,6,93,False,0,car,4650.5475000000015,0.8523293776635656,2445,-86,1375,car,0 days 01:21:07.527000
2024-10-20 19:27:45.445,0 days 01:21:07.847000,0 days 00:01:26.059000,11434,247,6,97,False,0,car,4672.503055555557,0.8563532834516313,2141,-42,1367,car,0 days 01:21:07.847000
2024-10-20 19:27:45.645,0 days 01:21:08.047000,0 days 00:01:26.259000,11516,250,6,99,False,0,car,4686.3919444444455,0.8588987704127052,2038,-25,1365,car,0 days 01:21:08.047000
2024-10-20 19:27:45.925,0 days 01:21:08.327000,0 days 00:01:26.539000,11556,253,6,100,False,0,car,4706.069722222223,0.8625052163391549,1918,15,1361,car,0 days 01:21:08.327000
2024-10-20 19:27:46.124,0 days 01:21:08.526000,0 days 00:01:26.738000,11687,255,6,100,False,0,car,4720.165555555556,0.8650886310559487,1783,70,1355,car,0 days 01:21:08.526000
2024-10-20 19:27:46.484,0 days 01:21:08.886000,0 days 00:01:27.098000,10456,258,6,99,False,0,car,4745.965555555556,0.8698171276348398,1557,191,1343,car,0 days 01:21:08.886000
2024-10-20 19:27:46.885,0 days 01:21:09.287000,0 days 00:01:27.499000,10579,263,7,100,False,0,car,4775.260833333334,0.8751862214623545,1330,367,1332,car,0 days 01:21:09.287000
2024-10-20 19:27:47.045,0 days 01:21:09.447000,0 days 00:01:27.659000,10590,264,7,99,False,0,car,4786.994166666668,0.87733664884707,1250,458,1328,car,0 days 01:21:09.447000
2024-10-20 19:27:47.245,0 days 01:21:09.647000,0 days 00:01:27.859000,10716,265,7,99,False,0,car,4801.71638888889,0.8800348650258083,1162,564,1324,car,0 days 01:21:09.647000
2024-10-20 19:27:47.565,0 days 01:21:09.967000,0 days 00:01:28.179000,10788,268,7,99,False,0,car,4825.538611111113,0.8844008842614425,982,856,1316,car,0 days 01:21:09.967000
2024-10-20 19:27:48.005,0 days 01:21:10.407000,0 days 00:01:28.619000,10919,273,7,99,False,0,car,4858.90527777778,0.8905161621367266,873,1046,1313,car,0 days 01:21:10.407000
2024-10-20 19:27:48.165,0 days 01:21:10.567000,0 days 00:01:28.779000,10797,273,7,19,True,0,car,4871.038611111113,0.8927398995459207,805,1162,1312,car,0 days 01:21:10.567000
2024-10-20 19:27:48.325,0 days 01:21:10.727000,0 days 00:01:28.939000,10554,266,7,0,True,0,car,4882.860833333335,0.8949066180471869,733,1280,1312,car,0 days 01:21:10.727000
2024-10-20 19:27:48.525,0 days 01:21:10.927000,0 days 00:01:29.139000,10991,253,7,0,True,0,car,4896.916388888891,0.8974826508517937,652,1398,1313,car,0 days 01:21:10.927000
2024-10-20 19:27:48.805,0 days 01:21:11.207000,0 days 00:01:29.419000,11862,238,6,0,True,0,car,4915.427500000002,0.900875275873513,544,1528,1314,car,0 days 01:21:11.207000
2024-10-20 19:27:49.165,0 days 01:21:11.567000,0 days 00:01:29.779000,10781,215,5,0,True,0,car,4936.927500000002,0.9048156896892555,384,1694,1315,car,0 days 01:21:11.567000
2024-10-20 19:27:49.445,0 days 01:21:11.847000,0 days 00:01:30.059000,10363,204,5,0,False,0,car,4952.794166666668,0.9077236539935865,269,1779,1314,car,0 days 01:21:11.847000
2024-10-20 19:27:49.845,0 days 01:21:12.247000,0 days 00:01:30.459000,10002,198,5,10,False,0,car,4974.794166666668,0.9117557053399276,71,1878,1310,car,0 days 01:21:12.247000
2024-10-20 19:27:50.045,0 days 01:21:12.447000,0 days 00:01:30.659000,9883,190,5,35,False,0,car,4985.349722222224,0.9136902754303439,-27,1903,1308,car,0 days 01:21:12.447000
2024-10-20 19:27:50.205,0 days 01:21:12.607000,0 days 00:01:30.819000,9848,189,5,61,False,0,car,4993.749722222224,0.9152297859444013,-110,1911,1306,car,0 days 01:21:12.607000
2024-10-20 19:27:50.565,0 days 01:21:12.967000,0 days 00:01:31.179000,10346,192,5,82,False,0,car,5012.9497222222235,0.9187486671193899,-379,1884,1295,car,0 days 01:21:12.967000
2024-10-20 19:27:50.765,0 days 01:21:13.167000,0 days 00:01:31.379000,10589,195,5,86,False,0,car,5023.783055555557,0.9207341469490277,-471,1863,1292,car,0 days 01:21:13.167000
2024-10-20 19:27:51.085,0 days 01:21:13.487000,0 days 00:01:31.699000,10984,206,5,99,False,0,car,5042.094166666669,0.9240901169585076,-574,1814,1287,car,0 days 01:21:13.487000
2024-10-20 19:27:51.485,0 days 01:21:13.887000,0 days 00:01:32.099000,11552,216,5,100,False,0,car,5066.094166666669,0.9284887184272433,-861,1679,1276,car,0 days 01:21:13.887000
2024-10-20 19:27:51.765,0 days 01:21:14.167000,0 days 00:01:32.379000,11499,221,5,99,False,0,car,5083.283055555557,0.9316390130902685,-954,1635,1273,car,0 days 01:21:14.167000
2024-10-20 19:27:52.045,0 days 01:21:14.447000,0 days 00:01:32.659000,10547,226,6,100,False,0,car,5100.860833333335,0.9348605813882036,-1125,1555,1270,car,0 days 01:21:14.447000
2024-10-20 19:27:52.285,0 days 01:21:14.687000,0 days 00:01:32.899000,10788,235,6,100,False,0,car,5116.527500000001,0.9377318906802949,-1261,1492,1267,car,0 days 01:21:14.687000
2024-10-20 19:27:52.525,0 days 01:21:14.927000,0 days 00:01:33.139000,10846,238,6,100,False,0,car,5132.394166666667,0.9406398549846257,-1385,1439,1265,car,0 days 01:21:14.927000
2024-10-20 19:27:52.884,0 days 01:21:15.286000,0 days 00:01:33.498000,11090,244,6,87,False,0,car,5156.72638888889,0.9450993445014706,-1674,1322,1266,car,0 days 01:21:15.286000
2024-10-20 19:27:53.164,0 days 01:21:15.566000,0 days 00:01:33.778000,10557,242,6,0,True,0,car,5175.548611111112,0.948548988431118,-1803,1270,1268,car,0 days 01:21:15.566000
2024-10-20 19:27:53.565,0 days 01:21:15.967000,0 days 00:01:34.179000,9589,220,6,0,True,0,car,5200.054166666668,0.9530402456252368,-2060,1161,1273,car,0 days 01:21:15.967000
2024-10-20 19:27:53.965,0 days 01:21:16.367000,0 days 00:01:34.579000,9932,173,6,0,True,0,car,5219.276388888889,0.9565631995793631,-2266,1061,1279,car,0 days 01:21:16.367000
2024-10-20 19:27:54.365,0 days 01:21:16.767000,0 days 00:01:34.979000,10034,145,5,0,True,0,car,5235.387500000001,0.959515964454209,-2388,977,1282,car,0 days 01:21:16.767000
2024-10-20 19:27:54.525,0 days 01:21:16.927000,0 days 00:01:35.139000,9389,140,3,0,True,0,car,5241.609722222222,0.96065634261277,-2413,957,1284,car,0 days 01:21:16.927000
2024-10-20 19:27:54.765,0 days 01:21:17.167000,0 days 00:01:35.379000,8591,127,3,0,True,0,car,5250.07638888889,0.9622080714642407,-2454,912,1285,car,0 days 01:21:17.167000
2024-10-20 19:27:55.125,0 days 01:21:17.527000,0 days 00:01:35.739000,8132,116,3,0,True,0,car,5261.67638888889,0.9643340621741298,-2523,815,1288,car,0 days 01:21:17.527000
2024-10-20 19:27:55.405,0 days 01:21:17.807000,0 days 00:01:36.019000,7762,109,3,0,True,0,car,5270.154166666668,0.9658878274151693,-2555,702,1292,car,0 days 01:21:17.807000
2024-10-20 19:27:55.605,0 days 01:21:18.007000,0 days 00:01:36.219000,7357,106,3,0,False,0,car,5276.043055555557,0.9669671138866647,-2551,640,1295,car,0 days 01:21:18.007000
2024-10-20 19:27:55.765,0 days 01:21:18.167000,0 days 00:01:36.379000,7221,102,3,0,False,0,car,5280.5763888888905,0.9677979608307593,-2541,602,1296,car,0 days 01:21:18.167000
2024-10-20 19:27:56.045,0 days 01:21:18.447000,0 days 00:01:36.659000,6906,98,3,3,False,0,car,5288.198611111113,0.9691949240749967,-2522,553,1298,car,0 days 01:21:18.447000
2024-10-20 19:27:56.245,0 days 01:21:18.647000,0 days 00:01:36.859000,6714,95,3,7,False,0,car,5293.47638888889,0.9701622091202047,-2499,509,1299,car,0 days 01:21:18.647000
2024-10-20 19:27:56.405,0 days 01:21:18.807000,0 days 00:01:37.019000,7008,96,3,25,False,0,car,5297.7430555555575,0.9709441827146468,-2477,473,1300,car,0 days 01:21:18.807000
2024-10-20 19:27:56.565,0 days 01:21:18.967000,0 days 00:01:37.179000,7179,95,3,34,False,0,car,5301.965277777779,0.9717180107508131,-2457,444,1301,car,0 days 01:21:18.967000
2024-10-20 19:27:56.805,0 days 01:21:19.207000,0 days 00:01:37.419000,7428,98,3,46,False,0,car,5308.498611111112,0.9729154078173022,-2395,368,1302,car,0 days 01:21:19.207000
2024-10-20 19:27:57.045,0 days 01:21:19.447000,0 days 00:01:37.659000,7867,101,3,52,False,0,car,5315.231944444446,0.974149459896031,-2356,324,1303,car,0 days 01:21:19.447000
2024-10-20 19:27:57.205,0 days 01:21:19.607000,0 days 00:01:37.819000,8015,106,3,58,False,0,car,5319.943055555556,0.9750128890732271,-2348,318,1303,car,0 days 01:21:19.607000
2024-10-20 19:27:57.405,0 days 01:21:19.807000,0 days 00:01:38.019000,8632,111,3,74,False,0,car,5326.109722222223,0.9761430852839441,-2306,279,1303,car,0 days 01:21:19.807000
2024-10-20 19:27:57.685,0 days 01:21:20.087000,0 days 00:01:38.299000,9258,122,3,86,False,0,car,5335.598611111112,0.9778821619757498,-2236,222,1304,car,0 days 01:21:20.087000
2024-10-20 19:27:58.085,0 days 01:21:20.487000,0 days 00:01:38.699000,10271,140,3,95,False,0,car,5351.154166666668,0.9807331073721527,-2118,135,1304,car,0 days 01:21:20.487000
2024-10-20 19:27:58.325,0 days 01:21:20.727000,0 days 00:01:38.939000,11276,151,3,99,False,0,car,5361.220833333335,0.982578076321539,-2040,81,1303,car,0 days 01:21:20.727000
2024-10-20 19:27:58.525,0 days 01:21:20.927000,0 days 00:01:39.139000,11138,159,3,99,False,0,car,5370.054166666668,0.984197006028782,-1959,30,1302,car,0 days 01:21:20.927000
2024-10-20 19:27:58.685,0 days 01:21:21.087000,0 days 00:01:39.299000,10540,168,3,99,False,0,car,5377.520833333335,0.9855654598190555,-1864,-28,1302,car,0 days 01:21:21.087000
2024-10-20 19:27:58.845,0 days 01:21:21.247000,0 days 00:01:39.459000,10680,173,4,99,False,0,car,5385.209722222224,0.986974641400706,-1796,-70,1303,car,0 days 01:21:21.247000
2024-10-20 19:27:59.045,0 days 01:21:21.447000,0 days 00:01:39.659000,11145,180,4,100,False,0,car,5395.209722222224,0.9888073920126793,-1749,-100,1302,car,0 days 01:21:21.447000
2024-10-20 19:27:59.405,0 days 01:21:21.807000,0 days 00:01:40.019000,10313,194,4,99,False,0,car,5414.609722222223,0.9923629281999073,-1600,-196,1302,car,0 days 01:21:21.807000
2024-10-20 19:27:59.684,0 days 01:21:22.086000,0 days 00:01:40.298000,10748,203,5,100,False,0,car,5430.342222222223,0.9952463031001942,-1474,-280,1302,car,0 days 01:21:22.086000
2024-10-20 19:27:59.924,0 days 01:21:22.326000,0 days 00:01:40.538000,11030,209,5,100,False,0,car,5444.275555555557,0.9977999356195436,-1360,-369,1301,car,0 days 01:21:22.326000
