Date_x,SessionTime_x,Time,RPM_x,Speed_x,nGear_x,Throttle_x,Brake_x,DRS_x,Source_x,Distance,RelativeDistance,X,Y,Z,Source_y,SessionTime_y
2024-11-03 16:07:22.109,0 days 01:29:19.363000,0 days 00:00:00.205000,10815,307,8,100,False,1,car,17.48194444444444,0.004100049147168927,-3631.985049377005,-5436.663986293548,7773.3839745951955,car,0 days 01:29:19.363000
2024-11-03 16:07:22.309,0 days 01:29:19.563000,0 days 00:00:00.405000,10789,308,8,100,False,1,car,34.59305555555555,0.00811312656777123,-3576.692526128865,-5654.911376159704,7781.261145489962,car,0 days 01:29:19.563000
2024-11-03 16:07:22.469,0 days 01:29:19.723000,0 days 00:00:00.565000,10791,308,8,100,False,1,car,48.281944444444434,0.01132358850425307,-3536.7059251309315,-5810.46703256775,7786.55652915256,car,0 days 01:29:19.723000
2024-11-03 16:07:22.708,0 days 01:29:19.962000,0 days 00:00:00.804000,10841,308,8,100,False,1,car,68.72972222222222,0.016119216021872825,-3488.4123524911506,-5992.819509762456,7791.819252745981,car,0 days 01:29:19.962000
2024-11-03 16:07:22.908,0 days 01:29:20.162000,0 days 00:00:01.004000,10839,308,8,100,False,1,car,85.84083333333334,0.02013229344247513,-3454.1591244710216,-6121.7123526885425,7795.120369064462,car,0 days 01:29:20.162000
2024-11-03 16:07:23.148,0 days 01:29:20.402000,0 days 00:00:01.244000,10872,308,8,100,False,1,car,106.37416666666667,0.02494798634719789,-3411.143432005365,-6283.484458662531,7798.919677243383,car,0 days 01:29:20.402000
2024-11-03 16:07:23.428,0 days 01:29:20.682000,0 days 00:00:01.524000,10905,309,8,85,False,1,car,130.4075,0.030584535997043853,-3350.2131792958216,-6509.705486813612,7803.667606249406,car,0 days 01:29:20.682000
2024-11-03 16:07:23.748,0 days 01:29:21.002000,0 days 00:00:01.844000,9831,287,8,0,True,1,car,155.91861111111112,0.036567669605941835,-3266.4912911811416,-6821.004003755097,7808.932063244403,car,0 days 01:29:21.002000
2024-11-03 16:07:23.908,0 days 01:29:21.162000,0 days 00:00:02.004000,9427,278,8,0,True,1,car,168.27416666666667,0.039465424210948175,-3214.143374592701,-7014.935213865052,7811.622747851374,car,0 days 01:29:21.162000
2024-11-03 16:07:24.229,0 days 01:29:21.483000,0 days 00:00:02.325000,8916,264,8,0,True,1,car,191.8141666666667,0.0449862721481482,-3158.213618200759,-7219.435294276245,7812.008920943565,car,0 days 01:29:21.483000
2024-11-03 16:07:24.509,0 days 01:29:21.763000,0 days 00:00:02.605000,8493,239,8,0,True,1,car,210.40305555555557,0.04934593352780252,-3128.473780034385,-7324.678840628842,7812.685709727126,car,0 days 01:29:21.763000
2024-11-03 16:07:24.749,0 days 01:29:22.003000,0 days 00:00:02.845000,9613,211,7,0,True,1,car,224.46972222222226,0.052644995874869094,-3091.8746390415827,-7453.340233726435,7813.631722817466,car,0 days 01:29:22.003000
2024-11-03 16:07:24.909,0 days 01:29:22.163000,0 days 00:00:03.005000,9194,206,7,0,True,1,car,233.6252777777778,0.05479225288433422,-3066.6791257305376,-7539.562515211209,7814.6649352856875,car,0 days 01:29:22.163000
2024-11-03 16:07:25.269,0 days 01:29:22.523000,0 days 00:00:03.365000,9472,185,5,0,True,1,car,252.1252777777778,0.05913106710855684,-2992.486881781176,-7775.744690826376,7818.072461549553,car,0 days 01:29:22.523000
2024-11-03 16:07:25.549,0 days 01:29:22.803000,0 days 00:00:03.645000,8885,171,5,0,True,1,car,265.4252777777778,0.062250322740024996,-2960.3488503466665,-7867.804838210178,7817.82137090133,car,0 days 01:29:22.803000
2024-11-03 16:07:25.829,0 days 01:29:23.083000,0 days 00:00:03.925000,9702,156,4,0,True,1,car,277.55861111111113,0.06509595945645208,-2919.1578234216,-7975.091011740522,7819.014087089822,car,0 days 01:29:23.083000
2024-11-03 16:07:26.069,0 days 01:29:23.323000,0 days 00:00:04.165000,8847,149,4,0,True,1,car,287.49194444444447,0.06742562907594458,-2879.4734755797576,-8067.94590445693,7816.287169666831,car,0 days 01:29:23.323000
2024-11-03 16:07:26.309,0 days 01:29:23.563000,0 days 00:00:04.405000,8128,140,4,0,True,1,car,296.8252777777778,0.0696145803962731,-2836.9131407901323,-8151.464755424758,7818.034938931609,car,0 days 01:29:23.563000
2024-11-03 16:07:26.589,0 days 01:29:23.843000,0 days 00:00:04.685000,7505,128,4,0,True,1,car,306.7808333333333,0.07194946180462354,-2781.218934421612,-8247.452859697796,7818.594854658218,car,0 days 01:29:23.843000
2024-11-03 16:07:26.949,0 days 01:29:24.203000,0 days 00:00:05.045000,7388,113,4,0,True,1,car,318.0808333333333,0.07459965643887843,-2720.7767586891073,-8333.544684349656,7815.823220944407,car,0 days 01:29:24.203000
2024-11-03 16:07:27.149,0 days 01:29:24.403000,0 days 00:00:05.245000,7660,107,4,0,True,1,car,324.0252777777778,0.07599380995837339,-2685.77238417653,-8374.302010083722,7813.368082807216,car,0 days 01:29:24.403000
2024-11-03 16:07:27.349,0 days 01:29:24.603000,0 days 00:00:05.445000,7297,103,3,0,True,1,car,329.7475,0.0773358455892891,-2644.2490258989133,-8414.90048552528,7810.414036036174,car,0 days 01:29:24.603000
2024-11-03 16:07:27.509,0 days 01:29:24.763000,0 days 00:00:05.605000,7295,101,3,0,True,1,car,334.2363888888889,0.07838862693858996,-2609.8896987524113,-8442.442147128651,7807.092119078892,car,0 days 01:29:24.763000
2024-11-03 16:07:27.709,0 days 01:29:24.963000,0 days 00:00:05.805000,7119,99,3,0,False,1,car,339.7363888888889,0.07967854468092642,-2565.02908785593,-8471.927775246886,7800.879534105363,car,0 days 01:29:24.963000
2024-11-03 16:07:27.869,0 days 01:29:25.123000,0 days 00:00:05.965000,7051,99,3,0,False,1,car,344.13638888888886,0.08071047887479557,-2526.142430253467,-8490.321191087474,7797.522401131315,car,0 days 01:29:25.123000
2024-11-03 16:07:28.029,0 days 01:29:25.283000,0 days 00:00:06.125000,6903,97,3,0,False,1,car,348.4475,0.08172156591323304,-2486.3099288424546,-8504.247164367625,7796.507018445184,car,0 days 01:29:25.283000
2024-11-03 16:07:28.229,0 days 01:29:25.483000,0 days 00:00:06.325000,6816,95,3,0,False,1,car,353.72527777777776,0.08295936576699024,-2435.13983003261,-8515.106052823297,7793.312808406978,car,0 days 01:29:25.483000
2024-11-03 16:07:28.589,0 days 01:29:25.843000,0 days 00:00:06.685000,6611,92,3,0,False,1,car,362.92527777777775,0.08511704635417122,-2341.7418560461165,-8514.542318903223,7785.556451929773,car,0 days 01:29:25.843000
2024-11-03 16:07:28.749,0 days 01:29:26.003000,0 days 00:00:06.845000,6561,91,3,3,False,1,car,366.9697222222222,0.08606559192631358,-2302.6901061053327,-8506.459274620092,7778.295503067899,car,0 days 01:29:26.003000
2024-11-03 16:07:28.949,0 days 01:29:26.203000,0 days 00:00:07.045000,6671,90,3,9,False,1,car,371.9697222222222,0.08723824441934672,-2254.871189653508,-8489.817555886491,7771.283234601192,car,0 days 01:29:26.203000
2024-11-03 16:07:29.149,0 days 01:29:26.403000,0 days 00:00:07.245000,6841,91,3,20,False,1,car,377.0252777777777,0.08842392638452466,-2210.000116435796,-8467.221307733154,7763.801753502501,car,0 days 01:29:26.403000
2024-11-03 16:07:29.548,0 days 01:29:26.802000,0 days 00:00:07.644000,7248,95,3,21,False,1,car,387.55444444444436,0.09089333709277028,-2111.700422079682,-8399.21717917668,7744.021080403557,car,0 days 01:29:26.802000
2024-11-03 16:07:29.708,0 days 01:29:26.962000,0 days 00:00:07.804000,7475,95,3,23,False,1,car,391.7766666666666,0.09188357697577605,-2076.1980613488904,-8369.964513575853,7737.141930519199,car,0 days 01:29:26.962000
2024-11-03 16:07:29.868,0 days 01:29:27.122000,0 days 00:00:07.964000,7614,97,3,34,False,1,car,396.0877777777777,0.09289466401421352,-2057.2788718898564,-8353.129827460354,7735.206087623046,car,0 days 01:29:27.122000
2024-11-03 16:07:30.108,0 days 01:29:27.362000,0 days 00:00:08.204000,7990,102,3,44,False,1,car,402.8877777777777,0.0944894714047386,-2006.965870694926,-8308.764875057008,7725.364699600686,car,0 days 01:29:27.362000
2024-11-03 16:07:30.468,0 days 01:29:27.722000,0 days 00:00:08.564000,8764,115,3,55,False,1,car,414.3877777777777,0.09718657213871482,-1916.4440964274254,-8230.154118430473,7710.630996005333,car,0 days 01:29:27.722000
2024-11-03 16:07:30.709,0 days 01:29:27.963000,0 days 00:00:08.805000,8713,119,3,46,False,1,car,422.35416666666663,0.09905493329692024,-1842.9796246572678,-8171.677300279901,7698.709278864814,car,0 days 01:29:27.963000
2024-11-03 16:07:30.909,0 days 01:29:28.163000,0 days 00:00:09.005000,7745,121,3,25,False,1,car,429.0763888888889,0.10063149942644257,-1807.233850188697,-8144.590707311518,7693.2358931368,car,0 days 01:29:28.163000
2024-11-03 16:07:31.229,0 days 01:29:28.483000,0 days 00:00:09.325000,7565,124,4,5,False,1,car,440.0986111111111,0.1032165466999734,-1686.9715490629383,-8092.027555195502,7685.941254405417,car,0 days 01:29:28.483000
2024-11-03 16:07:31.389,0 days 01:29:28.643000,0 days 00:00:09.485000,7598,123,4,0,False,1,car,445.5652777777778,0.10449864675902297,-1637.5239617735265,-8072.743372840805,7683.062096314599,car,0 days 01:29:28.643000
2024-11-03 16:07:31.549,0 days 01:29:28.803000,0 days 00:00:09.645000,7705,123,4,16,False,1,car,451.0319444444445,0.10578074681807255,-1614.5691490389825,-8067.882576969874,7680.797301311613,car,0 days 01:29:28.803000
2024-11-03 16:07:31.789,0 days 01:29:29.043000,0 days 00:00:09.885000,7817,122,4,35,False,1,car,459.1652777777778,0.10768826154007312,-1491.5791723319742,-8086.457781922366,7671.894038549091,car,0 days 01:29:29.043000
2024-11-03 16:07:31.949,0 days 01:29:29.203000,0 days 00:00:10.045000,7779,124,4,39,False,1,car,464.67638888888894,0.10898078517683854,-1408.7598277456527,-8104.855263158868,7666.706325531749,car,0 days 01:29:29.203000
2024-11-03 16:07:32.149,0 days 01:29:29.403000,0 days 00:00:10.245000,8268,127,4,50,False,1,car,471.7319444444445,0.11063552813922975,-1363.3425555508404,-8124.868987601298,7665.097880538135,car,0 days 01:29:29.403000
2024-11-03 16:07:32.509,0 days 01:29:29.763000,0 days 00:00:10.605000,8649,132,4,47,False,1,car,484.9319444444445,0.11373133072083726,-1277.6980234396462,-8163.817022903683,7661.218207841938,car,0 days 01:29:29.763000
2024-11-03 16:07:32.749,0 days 01:29:30.003000,0 days 00:00:10.845000,8649,133,4,55,False,1,car,493.7986111111112,0.11581083447514935,-1198.2429660962696,-8197.261330922362,7658.013519516585,car,0 days 01:29:30.003000
2024-11-03 16:07:33.029,0 days 01:29:30.283000,0 days 00:00:11.125000,9519,147,4,84,False,1,car,505.2319444444445,0.11849229984255179,-1097.1555699477992,-8236.852916790269,7654.821148449358,car,0 days 01:29:30.283000
2024-11-03 16:07:33.189,0 days 01:29:30.443000,0 days 00:00:11.285000,9659,150,4,86,False,1,car,511.89861111111117,0.12005583649992932,-1035.3164469561686,-8260.530149216462,7652.1637550881305,car,0 days 01:29:30.443000
2024-11-03 16:07:33.509,0 days 01:29:30.763000,0 days 00:00:11.605000,10592,163,4,80,False,1,car,526.3875,0.12345392283529646,-904.9949734599444,-8302.826693590163,7648.88512968818,car,0 days 01:29:30.763000
2024-11-03 16:07:33.709,0 days 01:29:30.963000,0 days 00:00:11.805000,10732,169,4,78,False,1,car,535.7763888888888,0.1256559036277698,-801.31210223274,-8326.302272742558,7646.208762708087,car,0 days 01:29:30.963000
2024-11-03 16:07:33.949,0 days 01:29:31.203000,0 days 00:00:12.045000,11318,176,4,74,False,1,car,547.5097222222222,0.1284077281447542,-638.908481922422,-8350.843985238815,7642.899699738147,car,0 days 01:29:31.203000
2024-11-03 16:07:34.189,0 days 01:29:31.443000,0 days 00:00:12.285000,11233,181,4,64,False,1,car,559.5763888888889,0.13123772949460755,-574.8087441918561,-8355.72007748202,7642.327127461171,car,0 days 01:29:31.443000
2024-11-03 16:07:34.429,0 days 01:29:31.683000,0 days 00:00:12.525000,11338,186,4,64,False,1,car,571.9763888888889,0.13414590767732973,-430.14510239937323,-8347.501570593759,7639.126292110369,car,0 days 01:29:31.683000
2024-11-03 16:07:34.709,0 days 01:29:31.963000,0 days 00:00:12.805000,10112,187,5,71,False,1,car,586.5208333333333,0.13755702348484167,-247.10677111151557,-8325.321898786668,7635.051408050387,car,0 days 01:29:31.963000
2024-11-03 16:07:34.949,0 days 01:29:32.203000,0 days 00:00:13.045000,10112,193,5,71,False,1,car,599.3874999999999,0.1405746492335803,-134.8858384508796,-8298.800524176284,7633.047012276795,car,0 days 01:29:32.203000
2024-11-03 16:07:35.309,0 days 01:29:32.563000,0 days 00:00:13.405000,10668,199,5,81,False,1,car,619.2874999999999,0.14524180615585217,0.1310006074820791,-8251.09638767431,7631.154771114691,car,0 days 01:29:32.563000
2024-11-03 16:07:35.549,0 days 01:29:32.803000,0 days 00:00:13.645000,10874,205,5,89,False,1,car,632.9541666666665,0.1484470563034761,118.95945161397785,-8196.46142427958,7629.485442108771,car,0 days 01:29:32.803000
2024-11-03 16:07:35.909,0 days 01:29:33.163000,0 days 00:00:14.005000,11484,212,5,100,False,1,car,654.1541666666666,0.15341910287393662,297.8889727912216,-8089.027716129938,7625.611036881126,car,0 days 01:29:33.163000
2024-11-03 16:07:36.188,0 days 01:29:33.442000,0 days 00:00:14.284000,11779,220,5,100,False,1,car,671.2041666666665,0.15741784787517962,431.2706360079453,-7986.055091492147,7623.744998499289,car,0 days 01:29:33.442000
2024-11-03 16:07:36.588,0 days 01:29:33.842000,0 days 00:00:14.684000,10654,229,5,100,False,1,car,696.6486111111109,0.1633853461175038,647.5152952562537,-7759.308396695262,7619.084383916799,car,0 days 01:29:33.842000
2024-11-03 16:07:37.028,0 days 01:29:34.282000,0 days 00:00:15.124000,10972,239,6,100,False,1,car,725.8597222222221,0.1702362425712463,774.2798164294892,-7576.914043896604,7616.650645316152,car,0 days 01:29:34.282000
2024-11-03 16:07:37.188,0 days 01:29:34.442000,0 days 00:00:15.284000,11151,241,6,100,False,1,car,736.5708333333332,0.1727483248007662,828.4955572371057,-7482.721576440872,7614.597681601826,car,0 days 01:29:34.442000
2024-11-03 16:07:37.549,0 days 01:29:34.803000,0 days 00:00:15.645000,11388,248,6,100,False,1,car,761.439722222222,0.17858083771167013,929.110390966032,-7260.034428782191,7609.5091416805135,car,0 days 01:29:34.803000
2024-11-03 16:07:37.869,0 days 01:29:35.123000,0 days 00:00:15.965000,11592,253,6,100,False,1,car,783.928611111111,0.1838551680358903,1017.6373364876175,-6979.727756572145,7602.121565822603,car,0 days 01:29:35.123000
2024-11-03 16:07:38.149,0 days 01:29:35.403000,0 days 00:00:16.245000,11817,256,6,100,False,1,car,803.8397222222221,0.18852493085259117,1062.061162623543,-6811.034827949414,7597.966435632809,car,0 days 01:29:35.403000
2024-11-03 16:07:38.389,0 days 01:29:35.643000,0 days 00:00:16.485000,11702,262,6,100,False,1,car,821.3063888888887,0.19262139689492028,1098.7369019483724,-6661.439579337705,7594.5746578455455,car,0 days 01:29:35.643000
2024-11-03 16:07:38.669,0 days 01:29:35.923000,0 days 00:00:16.765000,10599,266,6,100,False,1,car,841.9952777777777,0.19747357232164853,1148.9055078173715,-6460.275111246703,7591.067164893294,car,0 days 01:29:35.923000
2024-11-03 16:07:38.989,0 days 01:29:36.243000,0 days 00:00:17.085000,10775,269,7,100,False,1,car,865.9063888888888,0.20308145713277592,1208.472030885712,-6229.12718594471,7586.543930532408,car,0 days 01:29:36.243000
2024-11-03 16:07:39.229,0 days 01:29:36.483000,0 days 00:00:17.325000,10885,275,7,100,False,1,car,884.2397222222221,0.20738118294056407,1251.6768844783915,-6054.46339324309,7582.1210879203845,car,0 days 01:29:36.483000
2024-11-03 16:07:39.509,0 days 01:29:36.763000,0 days 00:00:17.605000,11022,276,7,100,False,1,car,905.7063888888888,0.2124157709773197,1324.0025756520083,-5751.39704785012,7576.45554577471,car,0 days 01:29:36.763000
2024-11-03 16:07:39.909,0 days 01:29:37.163000,0 days 00:00:18.005000,11177,280,7,100,False,1,car,936.8174999999998,0.21971227537841476,1372.928125007775,-5543.402947458352,7572.095644717223,car,0 days 01:29:37.163000
2024-11-03 16:07:40.189,0 days 01:29:37.443000,0 days 00:00:18.285000,11248,283,7,100,False,1,car,958.828611111111,0.22487455224218955,1425.3888966762015,-5329.847609200315,7567.394797301787,car,0 days 01:29:37.443000
2024-11-03 16:07:40.509,0 days 01:29:37.763000,0 days 00:00:18.605000,11390,285,7,100,False,1,car,984.1619444444443,0.23081599154022414,1483.591441977769,-5089.7793041606,7561.725169469963,car,0 days 01:29:37.763000
2024-11-03 16:07:40.749,0 days 01:29:38.003000,0 days 00:00:18.845000,11421,289,7,100,False,1,car,1003.4286111111109,0.23533461248004514,1553.022009854794,-4815.525190827151,7552.93763222863,car,0 days 01:29:38.003000
2024-11-03 16:07:40.909,0 days 01:29:38.163000,0 days 00:00:19.005000,11509,289,7,100,False,1,car,1016.2730555555553,0.23834702643992584,1575.7500940339814,-4726.750845062881,7549.780095671053,car,0 days 01:29:38.163000
2024-11-03 16:07:41.109,0 days 01:29:38.363000,0 days 00:00:19.205000,11571,290,7,100,False,1,car,1032.3841666666663,0.24212557336192148,1595.909034077513,-4648.271932991603,7547.129455909963,car,0 days 01:29:38.363000
2024-11-03 16:07:41.349,0 days 01:29:38.603000,0 days 00:00:19.445000,11600,293,7,100,False,1,car,1051.9174999999998,0.24670673576803767,1643.716824392626,-4460.256870503617,7541.692212419247,car,0 days 01:29:38.603000
2024-11-03 16:07:41.509,0 days 01:29:38.763000,0 days 00:00:19.605000,11657,294,7,100,False,1,car,1064.9841666666664,0.2497712676164976,1676.2386707447886,-4331.098148893136,7537.973227867529,car,0 days 01:29:38.763000
2024-11-03 16:07:41.669,0 days 01:29:38.923000,0 days 00:00:19.765000,11721,297,7,100,False,1,car,1078.1841666666664,0.2528670701981051,1706.4949496380918,-4212.346513335818,7534.36940178469,car,0 days 01:29:38.923000
2024-11-03 16:07:41.869,0 days 01:29:39.123000,0 days 00:00:19.965000,11785,297,7,100,False,1,car,1094.6841666666664,0.25673682342511445,1756.565067871461,-4018.8140475816313,7528.261953956087,car,0 days 01:29:39.123000
2024-11-03 16:07:42.189,0 days 01:29:39.443000,0 days 00:00:20.285000,10639,298,7,100,False,1,car,1121.1730555555553,0.26294927574376115,1834.1320075895183,-3720.0745786601137,7519.1411953635825,car,0 days 01:29:39.443000
2024-11-03 16:07:42.429,0 days 01:29:39.683000,0 days 00:00:20.525000,10663,301,8,100,False,1,car,1141.2397222222219,0.26765552108246743,1866.7328045179297,-3596.7799198664957,7515.170128314265,car,0 days 01:29:39.683000
2024-11-03 16:07:42.629,0 days 01:29:39.883000,0 days 00:00:20.725000,10643,301,8,100,False,1,car,1157.9619444444443,0.2715773921980561,1911.909574802529,-3426.730720585711,7509.356022657061,car,0 days 01:29:39.883000
2024-11-03 16:07:42.828,0 days 01:29:40.082000,0 days 00:00:20.924000,10678,302,8,100,False,1,car,1174.655833333333,0.2754926182828508,1972.7004518575277,-3198.553190413653,7503.065977933223,car,0 days 01:29:40.082000
2024-11-03 16:07:43.108,0 days 01:29:40.362000,0 days 00:00:21.204000,10738,304,8,100,False,1,car,1198.3002777777776,0.28103796162768313,2010.7960748023922,-3053.726725664083,7500.137786925586,car,0 days 01:29:40.362000
2024-11-03 16:07:43.308,0 days 01:29:40.562000,0 days 00:00:21.404000,10637,305,8,100,True,1,car,1215.244722222222,0.285011950631851,2051.289622704475,-2900.0081304752293,7497.824577286807,car,0 days 01:29:40.562000
2024-11-03 16:07:43.708,0 days 01:29:40.962000,0 days 00:00:21.804000,9639,281,8,0,True,1,car,1246.4669444444442,0.2923345139772357,2161.0232165475322,-2492.0843472461142,7491.592075122316,car,0 days 01:29:40.962000
2024-11-03 16:07:43.909,0 days 01:29:41.163000,0 days 00:00:22.005000,9312,281,8,0,True,1,car,1262.156111111111,0.29601410205829154,2192.612771379311,-2377.4809221705013,7490.740529451773,car,0 days 01:29:41.163000
2024-11-03 16:07:44.189,0 days 01:29:41.443000,0 days 00:00:22.285000,9434,245,8,0,True,1,car,1281.2116666666666,0.3004832110039623,2227.664681838029,-2250.0897078021576,7490.364343256528,car,0 days 01:29:41.443000
2024-11-03 16:07:44.429,0 days 01:29:41.683000,0 days 00:00:22.525000,9474,227,8,0,True,1,car,1296.3449999999998,0.30403243921620926,2268.2972546533233,-2106.7845875295934,7488.459049445661,car,0 days 01:29:41.683000
2024-11-03 16:07:44.709,0 days 01:29:41.963000,0 days 00:00:22.805000,9995,205,6,0,True,1,car,1312.2894444444444,0.30777189772177055,2312.9095597271316,-1949.5770711455016,7487.349915622057,car,0 days 01:29:41.963000
2024-11-03 16:07:45.069,0 days 01:29:42.323000,0 days 00:00:23.165000,8771,172,5,0,True,1,car,1329.4894444444444,0.3118058222978045,2359.8648945050163,-1775.4327328433285,7484.281750384391,car,0 days 01:29:42.323000
2024-11-03 16:07:45.229,0 days 01:29:42.483000,0 days 00:00:23.325000,9645,160,5,0,True,1,car,1336.6005555555555,0.31347359473234054,2375.847910275296,-1704.2299643831566,7483.503400330294,car,0 days 01:29:42.483000
2024-11-03 16:07:45.469,0 days 01:29:42.723000,0 days 00:00:23.565000,9021,150,4,0,True,1,car,1346.6005555555555,0.3158188997184068,2393.421996820755,-1603.244693854278,7481.452759556203,car,0 days 01:29:42.723000
2024-11-03 16:07:45.749,0 days 01:29:43.003000,0 days 00:00:23.845000,8370,139,4,0,True,1,car,1357.4116666666664,0.3183544349977873,2403.3187014292944,-1486.0538005792696,7478.324906349512,car,0 days 01:29:43.003000
2024-11-03 16:07:46.109,0 days 01:29:43.363000,0 days 00:00:24.205000,7753,130,4,0,True,1,car,1370.4116666666664,0.3214033314796735,2398.945729435042,-1320.8072251687536,7472.0003672766525,car,0 days 01:29:43.363000
2024-11-03 16:07:46.549,0 days 01:29:43.803000,0 days 00:00:24.645000,7262,121,4,0,True,1,car,1385.2005555555554,0.32487177696462266,2377.0857437890068,-1210.9294147165872,7467.850263452354,car,0 days 01:29:43.803000
2024-11-03 16:07:46.909,0 days 01:29:44.163000,0 days 00:00:25.005000,7029,117,4,0,False,1,car,1396.9005555555555,0.32761578379832024,2325.9631037884888,-1072.50711882848,7459.66778357306,car,0 days 01:29:44.163000
2024-11-03 16:07:47.109,0 days 01:29:44.363000,0 days 00:00:25.205000,6945,114,4,0,False,1,car,1403.2338888888887,0.32910114362282883,2304.6351269806105,-1033.854080812758,7456.526275826862,car,0 days 01:29:44.363000
2024-11-03 16:07:47.389,0 days 01:29:44.643000,0 days 00:00:25.485000,6760,113,4,20,False,1,car,1412.0227777777777,0.33116240611613823,2266.5713136730465,-982.8023195925803,7451.561846904254,car,0 days 01:29:44.643000
2024-11-03 16:07:47.669,0 days 01:29:44.923000,0 days 00:00:25.765000,7321,114,4,39,False,1,car,1420.8894444444445,0.3332419098704504,2173.6999058198066,-897.7636514496668,7446.449534146463,car,0 days 01:29:44.923000
2024-11-03 16:07:47.949,0 days 01:29:45.203000,0 days 00:00:26.045000,7572,119,4,39,False,1,car,1430.1450000000002,0.33541261992977617,2112.046148158003,-853.53710020218,7441.90975265284,car,0 days 01:29:45.203000
2024-11-03 16:07:48.389,0 days 01:29:45.643000,0 days 00:00:26.485000,8156,126,4,49,False,1,car,1445.545,0.3390243896083182,1989.2263576836822,-791.310381774295,7434.527941812683,car,0 days 01:29:45.643000
2024-11-03 16:07:48.549,0 days 01:29:45.803000,0 days 00:00:26.645000,8274,130,4,55,False,1,car,1451.322777777778,0.34037945471137876,1940.6717189920241,-772.6192473619872,7431.064703198349,car,0 days 01:29:45.803000
2024-11-03 16:07:48.909,0 days 01:29:46.163000,0 days 00:00:27.005000,9048,138,4,61,False,1,car,1465.1227777777779,0.34361597559215024,1763.0343796200114,-724.4701606063367,7419.696235177971,car,0 days 01:29:46.163000
2024-11-03 16:07:49.189,0 days 01:29:46.443000,0 days 00:00:27.285000,9502,145,4,65,False,1,car,1476.4005555555557,0.34626095843754723,1672.9932665948206,-701.8985799059619,7413.808893931293,car,0 days 01:29:46.443000
2024-11-03 16:07:49.349,0 days 01:29:46.603000,0 days 00:00:27.445000,9810,151,4,78,False,1,car,1483.111666666667,0.3478349186726406,1636.2040561125373,-695.8781543521852,7411.337721599675,car,0 days 01:29:46.603000
2024-11-03 16:07:49.788,0 days 01:29:47.042000,0 days 00:00:27.884000,10436,165,4,85,False,1,car,1503.2325000000003,0.3525538677466881,1417.464158821649,-670.5683030807392,7398.118579600861,car,0 days 01:29:47.042000
2024-11-03 16:07:50.148,0 days 01:29:47.402000,0 days 00:00:28.244000,11686,181,4,100,False,1,car,1521.3325000000002,0.3567988697714681,1243.8416916988556,-669.1780996387196,7391.682050429857,car,0 days 01:29:47.402000
2024-11-03 16:07:50.348,0 days 01:29:47.602000,0 days 00:00:28.444000,11049,181,4,100,False,1,car,1531.3880555555556,0.3591572042296792,1155.4863992997211,-669.1071812552846,7388.696971490454,car,0 days 01:29:47.602000
2024-11-03 16:07:50.669,0 days 01:29:47.923000,0 days 00:00:28.765000,10616,200,5,100,False,1,car,1549.2213888888891,0.36333966478816404,1040.1991620741712,-679.1985345414396,7387.936938725299,car,0 days 01:29:47.923000
2024-11-03 16:07:50.909,0 days 01:29:48.163000,0 days 00:00:29.005000,11117,206,5,100,False,1,car,1562.9547222222225,0.36656055030236173,916.9004488552359,-692.6673092115452,7388.91790426149,car,0 days 01:29:48.163000
2024-11-03 16:07:51.229,0 days 01:29:48.483000,0 days 00:00:29.325000,11726,217,5,100,False,1,car,1582.2436111111115,0.37108438303104074,677.0961593392198,-763.979976635022,7390.808608903337,car,0 days 01:29:48.483000
2024-11-03 16:07:51.389,0 days 01:29:48.643000,0 days 00:00:29.485000,11718,220,5,100,False,1,car,1592.0213888888893,0.3733775701285278,582.6231086610563,-800.5891736188358,7391.328139996367,car,0 days 01:29:48.643000
2024-11-03 16:07:51.589,0 days 01:29:48.843000,0 days 00:00:29.685000,11833,223,5,100,False,1,car,1604.4102777777782,0.37628314241682104,522.1703531868078,-835.1691266451314,7391.781518552982,car,0 days 01:29:48.843000
2024-11-03 16:07:51.829,0 days 01:29:49.083000,0 days 00:00:29.925000,10519,230,6,100,False,1,car,1619.7436111111117,0.37987927672878935,362.0451052568397,-940.2346442185931,7393.373588148856,car,0 days 01:29:49.083000
2024-11-03 16:07:52.029,0 days 01:29:49.283000,0 days 00:00:30.125000,10749,234,6,100,False,1,car,1632.7436111111117,0.3829281732106755,224.15571883370527,-1044.132317070888,7394.678338269866,car,0 days 01:29:49.283000
2024-11-03 16:07:52.269,0 days 01:29:49.523000,0 days 00:00:30.365000,10879,238,6,100,False,1,car,1648.6102777777783,0.386649390455234,103.80515149026557,-1154.9943493262924,7395.728123024049,car,0 days 01:29:49.523000
2024-11-03 16:07:52.429,0 days 01:29:49.683000,0 days 00:00:30.525000,11081,238,6,100,False,1,car,1659.188055555556,0.3891302019516063,54.17810562065583,-1203.4718153558397,7396.372848020475,car,0 days 01:29:49.683000
2024-11-03 16:07:52.909,0 days 01:29:50.163000,0 days 00:00:31.005000,11414,248,6,100,False,1,car,1692.2547222222227,0.3968853437721988,-119.27923156625157,-1418.4562997748517,7398.0561739103705,car,0 days 01:29:50.163000
2024-11-03 16:07:53.269,0 days 01:29:50.523000,0 days 00:00:31.365000,11561,252,6,100,False,1,car,1717.4547222222227,0.4027955123370858,-303.96420345144907,-1681.1984597820606,7399.931824016638,car,0 days 01:29:50.523000
2024-11-03 16:07:53.429,0 days 01:29:50.683000,0 days 00:00:31.525000,11645,258,6,100,False,1,car,1728.9213888888894,0.4054847953877752,-330.7528960649916,-1719.4662156216648,7401.337544651443,car,0 days 01:29:50.683000
2024-11-03 16:07:53.589,0 days 01:29:50.843000,0 days 00:00:31.685000,11867,259,6,100,False,1,car,1740.4325000000006,0.4081845020161804,-396.68732714350614,-1812.3497431543528,7404.060423761557,car,0 days 01:29:50.843000
2024-11-03 16:07:53.789,0 days 01:29:51.043000,0 days 00:00:31.885000,11867,261,6,100,False,1,car,1754.9325000000008,0.41158519424597656,-510.05923388035853,-1971.9714090372865,7409.41939896808,car,0 days 01:29:51.043000
2024-11-03 16:07:54.149,0 days 01:29:51.403000,0 days 00:00:32.245000,10720,268,7,100,False,1,car,1781.7325000000005,0.41787061160863415,-675.1872698823313,-2206.1891430825467,7422.835044368572,car,0 days 01:29:51.403000
2024-11-03 16:07:54.589,0 days 01:29:51.843000,0 days 00:00:32.685000,10801,270,7,100,False,1,car,1814.732500000001,0.425610118062653,-806.9872293989041,-2393.7178922521434,7437.354721477204,car,0 days 01:29:51.843000
2024-11-03 16:07:54.869,0 days 01:29:52.123000,0 days 00:00:32.965000,10912,273,7,100,False,1,car,1835.9658333333343,0.4305899823164004,-927.6221302113614,-2571.3192401884708,7450.653261503483,car,0 days 01:29:52.123000
2024-11-03 16:07:55.069,0 days 01:29:52.323000,0 days 00:00:33.165000,10999,276,7,100,False,1,car,1851.2991666666674,0.4341861166283686,-1012.3894899209488,-2697.878953266483,7460.381378197853,car,0 days 01:29:52.323000
2024-11-03 16:07:55.349,0 days 01:29:52.603000,0 days 00:00:33.445000,11114,279,7,100,False,1,car,1872.9991666666674,0.43927542844813244,-1132.8815885407112,-2876.9421599914704,7472.755249489322,car,0 days 01:29:52.603000
2024-11-03 16:07:55.549,0 days 01:29:52.803000,0 days 00:00:33.645000,10732,280,7,9,True,1,car,1888.5547222222233,0.44292368064868004,-1220.7208960030807,-3007.1355158892843,7482.019550179673,car,0 days 01:29:52.803000
2024-11-03 16:07:55.709,0 days 01:29:52.963000,0 days 00:00:33.805000,10664,274,7,0,True,1,car,1900.7325000000008,0.4457797409428229,-1284.7336608687212,-3102.0557085651326,7488.682574229821,car,0 days 01:29:52.963000
2024-11-03 16:07:55.869,0 days 01:29:53.123000,0 days 00:00:33.965000,10100,263,7,0,True,1,car,1912.4213888888899,0.4485211418820916,-1379.2475481523002,-3242.4338234098354,7498.454848803747,car,0 days 01:29:53.123000
2024-11-03 16:07:56.189,0 days 01:29:53.443000,0 days 00:00:34.285000,9174,238,7,0,True,1,car,1933.576944444445,0.45348276487483613,-1505.8276742259543,-3430.756473565903,7512.373714858033,car,0 days 01:29:53.443000
2024-11-03 16:07:56.628,0 days 01:29:53.882000,0 days 00:00:34.724000,9150,210,6,0,True,1,car,1959.1852777777783,0.45948870005998754,-1630.254013070863,-3607.730729472814,7524.457014934041,car,0 days 01:29:53.882000
2024-11-03 16:07:56.949,0 days 01:29:54.203000,0 days 00:00:35.045000,9780,192,6,0,True,1,car,1976.3052777777787,0.4635038621961331,-1742.29664732639,-3743.389221904763,7532.6179842019765,car,0 days 01:29:54.203000
2024-11-03 16:07:57.189,0 days 01:29:54.443000,0 days 00:00:35.285000,9548,188,5,0,True,1,car,1988.8386111111117,0.46644331111200277,-1819.8853236190425,-3820.0679128574843,7536.88405867101,car,0 days 01:29:54.443000
2024-11-03 16:07:57.389,0 days 01:29:54.643000,0 days 00:00:35.485000,9227,179,5,0,True,1,car,1998.7830555555563,0.4687755866259243,-1895.656084592432,-3885.1706167537677,7540.88996354739,car,0 days 01:29:54.643000
2024-11-03 16:07:57.589,0 days 01:29:54.843000,0 days 00:00:35.685000,9137,177,5,0,True,1,car,2008.6163888888898,0.47108180319555615,-1974.5838660339175,-3939.9732942445657,7544.044313490078,car,0 days 01:29:54.843000
2024-11-03 16:07:57.789,0 days 01:29:55.043000,0 days 00:00:35.885000,8681,169,5,0,True,1,car,2018.0052777777785,0.47328378398802945,-2057.2382871054674,-3984.6382222921925,7546.897042199547,car,0 days 01:29:55.043000
2024-11-03 16:07:58.069,0 days 01:29:55.323000,0 days 00:00:36.165000,8685,164,5,0,False,1,car,2030.7608333333342,0.47627535079247846,-2179.627118000074,-4032.3678963346206,7552.403377089383,car,0 days 01:29:55.323000
2024-11-03 16:07:58.429,0 days 01:29:55.683000,0 days 00:00:36.525000,8234,159,5,0,False,1,car,2046.660833333334,0.4800043857203238,-2385.7791708308514,-4079.70764083028,7561.771115394218,car,0 days 01:29:55.683000
2024-11-03 16:07:58.709,0 days 01:29:55.963000,0 days 00:00:36.805000,8283,156,5,21,False,1,car,2058.7941666666675,0.4828500224367509,-2461.4241849508617,-4081.37404251916,7566.8645739933545,car,0 days 01:29:55.963000
2024-11-03 16:07:59.029,0 days 01:29:56.283000,0 days 00:00:37.125000,8328,154,5,50,False,1,car,2072.4830555555563,0.48606048437323274,-2635.035351411493,-4080.4384673168297,7579.742355120132,car,0 days 01:29:56.283000
2024-11-03 16:07:59.309,0 days 01:29:56.563000,0 days 00:00:37.405000,8466,157,5,48,False,1,car,2084.6941666666676,0.4889243623506626,-2712.547117779666,-4065.861187834479,7585.366628340749,car,0 days 01:29:56.563000
2024-11-03 16:07:59.669,0 days 01:29:56.923000,0 days 00:00:37.765000,8517,158,5,49,False,1,car,2100.4941666666678,0.49262994422864737,-2861.645342487795,-4019.2698895379503,7595.230020357131,car,0 days 01:29:56.923000
2024-11-03 16:07:59.949,0 days 01:29:57.203000,0 days 00:00:38.045000,8581,160,5,53,False,1,car,2112.938611111112,0.4955485459890854,-2987.359022354759,-3955.657526647853,7606.229109744209,car,0 days 01:29:57.203000
2024-11-03 16:08:00.309,0 days 01:29:57.563000,0 days 00:00:38.405000,8835,164,5,53,False,1,car,2129.338611111112,0.4993948461662341,-3147.2984063467147,-3852.6744184858753,7616.8744921441075,car,0 days 01:29:57.563000
2024-11-03 16:08:00.469,0 days 01:29:57.723000,0 days 00:00:38.565000,8841,164,5,46,False,1,car,2136.627500000001,0.5011043129116335,-3162.2179546175607,-3834.2869584958617,7619.2415142544505,car,0 days 01:29:57.723000
2024-11-03 16:08:00.789,0 days 01:29:58.043000,0 days 00:00:38.885000,9031,167,5,49,False,1,car,2151.4719444444454,0.5045857878687274,-3303.372285837019,-3665.2073055105284,7630.795442610441,car,0 days 01:29:58.043000
2024-11-03 16:08:01.029,0 days 01:29:58.283000,0 days 00:00:39.125000,9102,170,5,62,False,1,car,2162.805277777779,0.5072438001862692,-3337.863889270136,-3616.6689265591503,7633.58929809842,car,0 days 01:29:58.283000
2024-11-03 16:08:01.349,0 days 01:29:58.603000,0 days 00:00:39.445000,9271,172,5,61,False,1,car,2178.0941666666677,0.5108295109205216,-3403.0580748483526,-3498.094272561953,7638.519908871098,car,0 days 01:29:58.603000
2024-11-03 16:08:02.469,0 days 01:29:59.723000,0 days 00:00:40.565000,8897,174,5,0,True,1,car,2232.227500000001,0.5235254285784271,-3567.014253217938,-2943.239809012493,7644.955988321273,car,0 days 01:29:59.723000
2024-11-03 16:08:02.869,0 days 01:30:00.123000,0 days 00:00:40.965000,9656,150,4,0,True,1,car,2248.894166666668,0.527434270221871,-3593.9492021018727,-2767.112864276459,7646.714833516171,car,0 days 01:30:00.123000
2024-11-03 16:08:03.028,0 days 01:30:00.282000,0 days 00:00:41.124000,9987,138,4,0,True,1,car,2254.9891666666676,0.5288637336108784,-3599.719191284484,-2702.515800528131,7646.01735479212,car,0 days 01:30:00.282000
2024-11-03 16:08:03.188,0 days 01:30:00.442000,0 days 00:00:41.284000,9690,134,3,0,True,1,car,2260.944722222223,0.5302604930248022,-3603.858169215799,-2641.962136214176,7645.996871303542,car,0 days 01:30:00.442000
2024-11-03 16:08:03.509,0 days 01:30:00.763000,0 days 00:00:41.605000,8500,121,3,0,True,1,car,2271.7338888888894,0.5327908816626855,-3604.4922698931878,-2531.790205074762,7645.9991669846095,car,0 days 01:30:00.763000
2024-11-03 16:08:03.709,0 days 01:30:00.963000,0 days 00:00:41.805000,8360,111,3,0,True,1,car,2277.9005555555564,0.5342371530707598,-3596.841341384754,-2453.5532808282983,7645.993518345126,car,0 days 01:30:00.963000
2024-11-03 16:08:03.869,0 days 01:30:01.123000,0 days 00:00:41.965000,7693,108,3,0,True,1,car,2282.7005555555565,0.5353628994640717,-3586.365172418218,-2378.615268726815,7646.004105973485,car,0 days 01:30:01.123000
2024-11-03 16:08:04.149,0 days 01:30:01.403000,0 days 00:00:42.245000,7029,99,3,0,True,1,car,2290.4005555555564,0.5371687843033426,-3578.3087384236096,-2337.5682415609267,7646.047710980208,car,0 days 01:30:01.403000
2024-11-03 16:08:04.549,0 days 01:30:01.803000,0 days 00:00:42.645000,6448,90,3,0,True,1,car,2300.4005555555564,0.5395140892894089,-3547.205676864629,-2239.302040844389,7644.451339127385,car,0 days 01:30:01.803000
2024-11-03 16:08:04.829,0 days 01:30:02.083000,0 days 00:00:42.925000,5865,83,3,0,True,1,car,2306.8561111111117,0.5410281139526361,-3520.5677294663506,-2179.8932712890487,7644.075853443984,car,0 days 01:30:02.083000
2024-11-03 16:08:05.149,0 days 01:30:02.403000,0 days 00:00:43.245000,5728,77,3,0,False,1,car,2313.700555555556,0.542633344920877,-3463.085973618038,-2105.197841864637,7641.04307827373,car,0 days 01:30:02.403000
2024-11-03 16:08:05.309,0 days 01:30:02.563000,0 days 00:00:43.405000,5536,77,3,0,False,1,car,2317.1227777777785,0.5434359604049975,-3443.6974827185786,-2086.162997873983,7640.807319243531,car,0 days 01:30:02.563000
2024-11-03 16:08:05.469,0 days 01:30:02.723000,0 days 00:00:43.565000,5449,75,3,0,False,1,car,2320.456111111112,0.5442177287336863,-3428.679186009536,-2077.832205325498,7641.232505878066,car,0 days 01:30:02.723000
2024-11-03 16:08:05.669,0 days 01:30:02.923000,0 days 00:00:43.765000,5337,74,3,0,False,1,car,2324.5672222222233,0.5451819096724025,-3394.357150445695,-2061.5376567117205,7640.030543438901,car,0 days 01:30:02.923000
2024-11-03 16:08:05.909,0 days 01:30:03.163000,0 days 00:00:44.005000,5172,72,3,0,False,1,car,2329.3672222222235,0.5463076560657144,-3347.494881137887,-2049.028997926634,7639.838456223795,car,0 days 01:30:03.163000
2024-11-03 16:08:06.069,0 days 01:30:03.323000,0 days 00:00:44.165000,5115,71,3,5,False,1,car,2332.522777777779,0.5470477300835397,-3315.2983062227354,-2045.4032954892207,7638.610633436285,car,0 days 01:30:03.323000
2024-11-03 16:08:06.389,0 days 01:30:03.643000,0 days 00:00:44.485000,5627,72,3,21,False,1,car,2338.922777777779,0.5485487252746222,-3252.3762496140043,-2048.854518928058,7635.736206939147,car,0 days 01:30:03.643000
2024-11-03 16:08:06.709,0 days 01:30:03.963000,0 days 00:00:44.805000,6051,76,3,31,False,1,car,2345.6783333333346,0.5501331090874314,-3187.5483342087527,-2064.1650334904607,7632.62150538948,car,0 days 01:30:03.963000
2024-11-03 16:08:06.989,0 days 01:30:04.243000,0 days 00:00:45.085000,6499,82,3,37,False,1,car,2352.0561111111124,0.5516288924896559,-3128.549816119592,-2087.540259601554,7629.823613081237,car,0 days 01:30:04.243000
2024-11-03 16:08:07.229,0 days 01:30:04.483000,0 days 00:00:45.325000,7278,88,3,41,False,1,car,2357.922777777779,0.5530048047481481,-3059.53989777786,-2120.2395735075124,7626.080361691495,car,0 days 01:30:04.483000
2024-11-03 16:08:07.389,0 days 01:30:04.643000,0 days 00:00:45.485000,7547,90,3,35,False,1,car,2361.922777777779,0.5539429267425746,-3034.559028687542,-2133.0963966865597,7624.890728454736,car,0 days 01:30:04.643000
2024-11-03 16:08:07.749,0 days 01:30:05.003000,0 days 00:00:45.845000,7615,96,3,51,False,1,car,2371.522777777779,0.5561944195291982,-2958.6965469744814,-2173.6638518163627,7620.221434207304,car,0 days 01:30:05.003000
2024-11-03 16:08:08.069,0 days 01:30:05.323000,0 days 00:00:46.165000,8226,109,3,52,False,1,car,2381.211666666668,0.5584667594712536,-2861.6231036715144,-2221.102259740307,7614.317822773808,car,0 days 01:30:05.323000
2024-11-03 16:08:08.269,0 days 01:30:05.523000,0 days 00:00:46.365000,7844,112,3,0,False,1,car,2387.43388888889,0.5599260603514725,-2779.052914632416,-2256.160917481198,7609.142182002352,car,0 days 01:30:05.523000
2024-11-03 16:08:08.669,0 days 01:30:05.923000,0 days 00:00:46.765000,7567,106,3,0,True,1,car,2399.211666666668,0.5626883084461729,-2706.0357909319164,-2278.3264065058656,7602.921179806967,car,0 days 01:30:05.923000
2024-11-03 16:08:08.949,0 days 01:30:06.203000,0 days 00:00:47.045000,7418,102,3,0,True,1,car,2407.1450000000013,0.5645489170684521,-2626.157437063323,-2290.811911631165,7597.1514224459415,car,0 days 01:30:06.203000
2024-11-03 16:08:09.269,0 days 01:30:06.523000,0 days 00:00:47.365000,6963,96,3,0,True,1,car,2415.6783333333346,0.5665502439898953,-2531.005900588686,-2289.2671410450203,7589.705881933893,car,0 days 01:30:06.523000
2024-11-03 16:08:09.429,0 days 01:30:06.683000,0 days 00:00:47.525000,6963,94,3,0,True,1,car,2419.856111111112,0.5675300602951852,-2474.62755818829,-2279.1262154482497,7584.343069909725,car,0 days 01:30:06.683000
2024-11-03 16:08:09.668,0 days 01:30:06.922000,0 days 00:00:47.764000,6604,91,3,0,True,1,car,2425.897500000001,0.5689469502435728,-2423.667831212887,-2263.6714600240766,7579.076148862865,car,0 days 01:30:06.922000
2024-11-03 16:08:09.908,0 days 01:30:07.162000,0 days 00:00:48.004000,6373,89,3,0,True,1,car,2431.8308333333343,0.5703384978686388,-2386.9077823730527,-2240.941970450698,7575.478972916242,car,0 days 01:30:07.162000
2024-11-03 16:08:10.269,0 days 01:30:07.523000,0 days 00:00:48.365000,6143,86,3,0,False,1,car,2440.454722222223,0.572361062829678,-2317.2865789655084,-2186.1602269994128,7567.74237034163,car,0 days 01:30:07.523000
2024-11-03 16:08:10.429,0 days 01:30:07.683000,0 days 00:00:48.525000,5993,84,3,1,False,1,car,2444.1880555555563,0.5732366433578094,-2284.206673118539,-2145.9714598233754,7566.304915897737,car,0 days 01:30:07.683000
2024-11-03 16:08:10.709,0 days 01:30:07.963000,0 days 00:00:48.805000,6358,83,3,23,False,1,car,2450.643611111112,0.5747506680210367,-2253.6088494900637,-2100.3173463363128,7565.043685151354,car,0 days 01:30:07.963000
2024-11-03 16:08:11.069,0 days 01:30:08.323000,0 days 00:00:49.165000,6891,90,3,31,False,1,car,2459.643611111112,0.5768614425084964,-2224.5300705479194,-1998.7663088576821,7561.629978408011,car,0 days 01:30:08.323000
2024-11-03 16:08:11.309,0 days 01:30:08.563000,0 days 00:00:49.405000,7056,92,3,22,False,1,car,2465.7769444444452,0.5782998962332837,-2215.3981405682525,-1920.6553958229279,7560.022226913456,car,0 days 01:30:08.563000
2024-11-03 16:08:11.589,0 days 01:30:08.843000,0 days 00:00:49.685000,7213,96,3,29,False,1,car,2473.243611111112,0.5800510572895465,-2219.508475270255,-1860.0285691941058,7560.090606557704,car,0 days 01:30:08.843000
2024-11-03 16:08:11.869,0 days 01:30:09.123000,0 days 00:00:49.965000,7606,100,3,40,False,1,car,2481.0213888888898,0.5818751833898202,-2227.208769128583,-1817.616680859468,7561.332222792407,car,0 days 01:30:09.123000
2024-11-03 16:08:12.029,0 days 01:30:09.283000,0 days 00:00:50.125000,7966,103,3,41,False,1,car,2485.5991666666673,0.5829488118945528,-2237.637222697828,-1771.4171667619112,7562.068800902251,car,0 days 01:30:09.283000
2024-11-03 16:08:12.229,0 days 01:30:09.483000,0 days 00:00:50.325000,8145,106,3,45,False,1,car,2491.4880555555565,0.584329935941903,-2256.9473331140043,-1713.2625493522937,7563.742809124114,car,0 days 01:30:09.483000
2024-11-03 16:08:12.509,0 days 01:30:09.763000,0 days 00:00:50.605000,8629,111,3,53,False,1,car,2500.1213888888897,0.5863547159132069,-2289.590475193761,-1639.1242212107975,7567.448118059205,car,0 days 01:30:09.763000
2024-11-03 16:08:12.749,0 days 01:30:10.003000,0 days 00:00:50.845000,9074,118,3,56,False,1,car,2507.9880555555565,0.5881996891689123,-2353.960426112535,-1529.1437244336842,7573.227194694549,car,0 days 01:30:10.003000
2024-11-03 16:08:12.909,0 days 01:30:10.163000,0 days 00:00:51.005000,9403,118,3,57,False,1,car,2513.232500000001,0.5894296713393827,-2376.4942805901183,-1493.487764891082,7574.385150733679,car,0 days 01:30:10.163000
2024-11-03 16:08:13.149,0 days 01:30:10.403000,0 days 00:00:51.245000,9905,128,3,62,False,1,car,2521.7658333333343,0.5914309982608259,-2404.1048720053477,-1458.148481448005,7575.417333782619,car,0 days 01:30:10.403000
2024-11-03 16:08:13.429,0 days 01:30:10.683000,0 days 00:00:51.525000,10430,136,3,67,False,1,car,2532.3436111111123,0.5939118097571983,-2470.3590472369638,-1377.145169016974,7578.597259291851,car,0 days 01:30:10.683000
2024-11-03 16:08:13.709,0 days 01:30:10.963000,0 days 00:00:51.805000,10934,142,3,72,False,1,car,2543.388055555557,0.5965020688195871,-2543.0923868350565,-1297.0281091284605,7583.849734141695,car,0 days 01:30:10.963000
2024-11-03 16:08:13.869,0 days 01:30:11.123000,0 days 00:00:51.965000,11249,146,3,75,False,1,car,2549.876944444446,0.5980239111661013,-2587.64065529152,-1250.6397734697757,7586.880752112076,car,0 days 01:30:11.123000
2024-11-03 16:08:14.149,0 days 01:30:11.403000,0 days 00:00:52.245000,11224,159,3,80,False,1,car,2562.2436111111124,0.6009242716655365,-2669.708568099588,-1164.4824951856222,7591.827502776563,car,0 days 01:30:11.403000
2024-11-03 16:08:14.389,0 days 01:30:11.643000,0 days 00:00:52.485000,10398,165,4,83,False,1,car,2573.2436111111124,0.6035041071502094,-2759.426265650814,-1064.4784756038912,7599.73591496086,car,0 days 01:30:11.643000
2024-11-03 16:08:14.549,0 days 01:30:11.803000,0 days 00:00:52.645000,10933,171,4,85,False,1,car,2580.8436111111128,0.6052865389396198,-2822.2844169899154,-990.5570488975859,7603.13794241036,car,0 days 01:30:11.803000
2024-11-03 16:08:14.789,0 days 01:30:12.043000,0 days 00:00:52.885000,11384,178,4,86,False,1,car,2592.710277777779,0.6080696341897518,-2895.737064014318,-894.8970494320932,7608.27975524683,car,0 days 01:30:12.043000
2024-11-03 16:08:15.069,0 days 01:30:12.323000,0 days 00:00:53.165000,11381,184,4,35,False,1,car,2607.02138888889,0.6114260262142556,-2976.9006336281154,-778.2648627949685,7615.587728936899,car,0 days 01:30:12.323000
2024-11-03 16:08:15.469,0 days 01:30:12.723000,0 days 00:00:53.565000,10386,172,4,0,True,1,car,2626.132500000001,0.615908164632071,-3077.31308350463,-606.7497836200431,7624.823676062465,car,0 days 01:30:12.723000
2024-11-03 16:08:15.749,0 days 01:30:13.003000,0 days 00:00:53.845000,9384,155,4,0,True,1,car,2638.1880555555567,0.6187355600874954,-3131.835717798333,-489.4880590322204,7630.68277923232,car,0 days 01:30:13.003000
2024-11-03 16:08:16.069,0 days 01:30:13.323000,0 days 00:00:54.165000,8504,142,4,0,True,1,car,2650.810277777779,0.6216958561587969,-3178.3336097428673,-367.66278503884337,7637.344390721655,car,0 days 01:30:13.323000
2024-11-03 16:08:16.309,0 days 01:30:13.563000,0 days 00:00:54.405000,9193,132,4,0,True,1,car,2659.610277777779,0.6237597245465352,-3206.594690404204,-270.38503123517216,7642.593081823433,car,0 days 01:30:13.563000
2024-11-03 16:08:16.508,0 days 01:30:13.762000,0 days 00:00:54.604000,8653,125,3,0,True,1,car,2666.5200000000013,0.6253802651445463,-3222.8800770847074,-194.6075160980637,7646.418512287462,car,0 days 01:30:13.762000
2024-11-03 16:08:16.789,0 days 01:30:14.043000,0 days 00:00:54.885000,8030,114,3,0,True,1,car,2675.4183333333344,0.6274671956979808,-3229.1481716074713,-124.01789720206251,7648.121667101819,car,0 days 01:30:14.043000
2024-11-03 16:08:16.949,0 days 01:30:14.203000,0 days 00:00:55.045000,7634,109,3,0,True,1,car,2680.262777777779,0.6286033656690085,-3230.138889716076,-73.32170237422525,7649.802656545629,car,0 days 01:30:14.203000
2024-11-03 16:08:17.269,0 days 01:30:14.523000,0 days 00:00:55.365000,7127,100,3,0,True,1,car,2689.1516666666676,0.6306880812121785,-3224.1264667726828,19.01860161438688,7648.985023131889,car,0 days 01:30:14.523000
2024-11-03 16:08:17.469,0 days 01:30:14.723000,0 days 00:00:55.565000,6956,98,3,0,True,1,car,2694.596111111112,0.6319649694823701,-3213.832357382984,75.87537740745714,7650.303873799549,car,0 days 01:30:14.723000
2024-11-03 16:08:17.749,0 days 01:30:15.003000,0 days 00:00:55.845000,6252,89,3,0,True,1,car,2701.5183333333343,0.6335884417116139,-3191.869842336167,140.7726344943723,7652.400477674933,car,0 days 01:30:15.003000
2024-11-03 16:08:17.949,0 days 01:30:15.203000,0 days 00:00:56.045000,6043,85,3,0,True,1,car,2706.2405555555565,0.6346959468439229,-3169.967029138089,179.18441784395765,7653.0121072906695,car,0 days 01:30:15.203000
2024-11-03 16:08:18.189,0 days 01:30:15.443000,0 days 00:00:56.285000,5752,81,3,0,True,1,car,2711.6405555555566,0.6359624115363988,-3136.22529241126,219.8969484866416,7653.599605544161,car,0 days 01:30:15.443000
2024-11-03 16:08:18.589,0 days 01:30:15.843000,0 days 00:00:56.685000,5404,75,3,0,False,1,car,2719.97388888889,0.6379168323581207,-3063.4338288955278,261.0173738520859,7654.764430848774,car,0 days 01:30:15.843000
2024-11-03 16:08:19.029,0 days 01:30:16.283000,0 days 00:00:57.125000,4945,68,3,0,False,1,car,2728.285000000001,0.6398660413909846,-2967.070894796977,265.5509147561528,7653.422974361956,car,0 days 01:30:16.283000
2024-11-03 16:08:19.189,0 days 01:30:16.443000,0 days 00:00:57.285000,4833,68,3,0,False,1,car,2731.3072222222236,0.6405748446756625,-2924.470317107215,258.2972406241485,7653.011247900963,car,0 days 01:30:16.443000
2024-11-03 16:08:19.429,0 days 01:30:16.683000,0 days 00:00:57.525000,4861,66,3,19,False,1,car,2735.7072222222237,0.6416067788695317,-2892.6417920660906,249.0483522792051,7652.940837985166,car,0 days 01:30:16.683000
2024-11-03 16:08:19.589,0 days 01:30:16.843000,0 days 00:00:57.685000,5383,68,3,20,False,1,car,2738.729444444446,0.6423155821542095,-2874.04990046317,240.47245712153034,7652.9994063959,car,0 days 01:30:16.843000
2024-11-03 16:08:19.749,0 days 01:30:17.003000,0 days 00:00:57.845000,5241,69,3,18,False,1,car,2741.7961111111126,0.6430348090166031,-2846.7326020481446,227.86357977480105,7653.003784167312,car,0 days 01:30:17.003000
2024-11-03 16:08:19.989,0 days 01:30:17.243000,0 days 00:00:58.085000,5241,71,3,18,False,1,car,2746.529444444446,0.6441449200433412,-2806.009601563724,204.68260260204406,7652.857775485838,car,0 days 01:30:17.243000
2024-11-03 16:08:20.229,0 days 01:30:17.483000,0 days 00:00:58.325000,5787,74,3,30,False,1,car,2751.4627777777796,0.6453019371698007,-2764.7345631930352,178.40244964619018,7651.994805694049,car,0 days 01:30:17.483000
2024-11-03 16:08:20.389,0 days 01:30:17.643000,0 days 00:00:58.485000,5851,77,3,31,False,1,car,2754.8850000000016,0.646104552653921,-2737.2244903670003,157.46883214882598,7652.117621822547,car,0 days 01:30:17.643000
2024-11-03 16:08:20.549,0 days 01:30:17.803000,0 days 00:00:58.645000,6231,81,3,35,False,1,car,2758.4850000000015,0.6469488624489048,-2713.232352964979,136.53086834796386,7650.59401430339,car,0 days 01:30:17.803000
2024-11-03 16:08:20.789,0 days 01:30:18.043000,0 days 00:00:58.885000,6516,85,3,35,False,1,car,2764.151666666668,0.6482778686076757,-2644.866984614624,72.0243654745654,7647.887613108722,car,0 days 01:30:18.043000
2024-11-03 16:08:21.109,0 days 01:30:18.363000,0 days 00:00:59.205000,6954,92,3,39,False,1,car,2772.329444444446,0.6501958069073922,-2614.6367849057347,40.82996786407446,7645.91406841453,car,0 days 01:30:18.363000
2024-11-03 16:08:21.429,0 days 01:30:18.683000,0 days 00:00:59.525000,7817,101,3,52,False,1,car,2781.3072222222236,0.6523013696059938,-2533.4568454976366,-55.26914130699711,7640.09755718795,car,0 days 01:30:18.683000
2024-11-03 16:08:21.669,0 days 01:30:18.923000,0 days 00:00:59.765000,8460,108,3,56,False,1,car,2788.507222222224,0.6539899891959616,-2509.4165029715505,-84.6414908395822,7638.71351514174,car,0 days 01:30:18.923000
2024-11-03 16:08:21.949,0 days 01:30:19.203000,0 days 00:01:00.045000,9239,115,3,69,False,1,car,2797.451666666668,0.6560877342112765,-2450.0644053728643,-164.33144304680198,7635.562547759255,car,0 days 01:30:19.203000
2024-11-03 16:08:22.349,0 days 01:30:19.603000,0 days 00:01:00.445000,10157,133,3,75,False,1,car,2812.229444444446,0.6595535738017967,-2399.78241993328,-231.24554168544182,7631.287124544834,car,0 days 01:30:19.603000
2024-11-03 16:08:22.669,0 days 01:30:19.923000,0 days 00:01:00.765000,11021,144,3,75,False,1,car,2825.029444444446,0.6625555641839616,-2324.8674987857503,-323.7806269803619,7627.091468398679,car,0 days 01:30:19.923000
2024-11-03 16:08:22.869,0 days 01:30:20.123000,0 days 00:01:00.965000,10739,148,3,67,False,1,car,2833.2516666666684,0.6644839260613938,-2272.4642553969816,-384.51858180851434,7623.868900575183,car,0 days 01:30:20.123000
2024-11-03 16:08:23.109,0 days 01:30:20.363000,0 days 00:01:01.205000,10003,156,4,65,False,1,car,2843.651666666668,0.6669230432469027,-2191.070530404634,-468.17482512997015,7617.312100110401,car,0 days 01:30:20.363000
2024-11-03 16:08:23.349,0 days 01:30:20.603000,0 days 00:01:01.445000,10316,162,4,57,False,1,car,2854.451666666668,0.6694559726318543,-2090.1040066782302,-556.892550264696,7610.616070656812,car,0 days 01:30:20.603000
2024-11-03 16:08:23.549,0 days 01:30:20.803000,0 days 00:01:01.645000,9196,166,4,53,False,1,car,2863.6738888888904,0.6716188650078931,-2034.763710126531,-594.0464507047654,7605.232514868195,car,0 days 01:30:20.803000
2024-11-03 16:08:23.709,0 days 01:30:20.963000,0 days 00:01:01.805000,8974,168,4,55,False,1,car,2871.140555555557,0.673370026064156,-1986.4607443926882,-616.4232132082245,7601.53235917669,car,0 days 01:30:20.963000
2024-11-03 16:08:23.909,0 days 01:30:21.163000,0 days 00:01:02.005000,9094,169,5,55,False,1,car,2880.529444444446,0.6755720068566294,-1899.7577455658852,-651.0832288932157,7596.505290151645,car,0 days 01:30:21.163000
2024-11-03 16:08:24.189,0 days 01:30:21.443000,0 days 00:01:02.285000,9245,172,5,48,False,1,car,2893.9072222222235,0.6787095037491002,-1770.7181944099543,-685.0057003729248,7584.738868719527,car,0 days 01:30:21.443000
2024-11-03 16:08:24.549,0 days 01:30:21.803000,0 days 00:01:02.645000,9382,176,5,59,False,1,car,2911.507222222224,0.682837240524577,-1595.9597657582237,-710.4876611713962,7569.7571207212995,car,0 days 01:30:21.803000
2024-11-03 16:08:24.909,0 days 01:30:22.163000,0 days 00:01:03.005000,9602,177,5,57,False,1,car,2929.2072222222237,0.6869884303499142,-1419.5078667962782,-713.4341365530205,7553.339922208108,car,0 days 01:30:22.163000
2024-11-03 16:08:25.349,0 days 01:30:22.603000,0 days 00:01:03.445000,9793,186,5,62,False,1,car,2951.940555555557,0.6923200903515715,-1134.76296780328,-655.1927932721126,7525.819005270982,car,0 days 01:30:22.603000
2024-11-03 16:08:25.629,0 days 01:30:22.883000,0 days 00:01:03.725000,10179,191,5,69,False,1,car,2966.7961111111126,0.6958041712030945,-1033.3717605438835,-619.4985705859566,7515.177540912595,car,0 days 01:30:22.883000
2024-11-03 16:08:25.869,0 days 01:30:23.123000,0 days 00:01:03.965000,10307,193,5,72,False,1,car,2979.6627777777794,0.6988217969518331,-947.1303379207568,-575.233588093253,7504.825570737279,car,0 days 01:30:23.123000
2024-11-03 16:08:26.229,0 days 01:30:23.483000,0 days 00:01:04.325000,10808,202,5,93,False,1,car,2999.8627777777792,0.7035593130236869,-753.0525850174483,-446.3798671335109,7484.482254778494,car,0 days 01:30:23.483000
2024-11-03 16:08:26.429,0 days 01:30:23.683000,0 days 00:01:04.525000,11085,206,5,100,False,1,car,3011.307222222224,0.7062433842855185,-680.5044445252263,-382.69448037144446,7479.586501777734,car,0 days 01:30:23.683000
2024-11-03 16:08:26.629,0 days 01:30:23.883000,0 days 00:01:04.725000,11323,214,5,100,False,1,car,3023.1961111111123,0.7090316913245082,-614.1466770709918,-310.483430202251,7476.411664641706,car,0 days 01:30:23.883000
2024-11-03 16:08:26.829,0 days 01:30:24.083000,0 days 00:01:04.925000,11685,220,5,100,False,1,car,3035.4183333333344,0.711898175196367,-535.2260558671558,-212.59075840751942,7472.223765808026,car,0 days 01:30:24.083000
2024-11-03 16:08:27.229,0 days 01:30:24.483000,0 days 00:01:05.325000,11666,230,5,100,False,1,car,3060.9738888888905,0.717891732382981,-363.42951814817695,50.43832831689838,7465.8101383349385,car,0 days 01:30:24.483000
2024-11-03 16:08:27.429,0 days 01:30:24.683000,0 days 00:01:05.525000,10600,235,6,100,False,1,car,3074.029444444446,0.720953658337012,-290.66512069703066,174.7548773086415,7466.741841787168,car,0 days 01:30:24.683000
2024-11-03 16:08:27.669,0 days 01:30:24.923000,0 days 00:01:05.765000,10578,237,6,0,True,1,car,3089.829444444446,0.7246592402149966,-234.79789731989422,269.05460214311563,7468.162833471897,car,0 days 01:30:24.923000
2024-11-03 16:08:27.869,0 days 01:30:25.123000,0 days 00:01:05.965000,9928,223,6,0,True,1,car,3102.218333333335,0.7275648125032899,-188.92656915539743,346.3948136239969,7470.521638603568,car,0 days 01:30:25.123000
2024-11-03 16:08:28.029,0 days 01:30:25.283000,0 days 00:01:06.125000,9100,206,6,0,True,1,car,3111.3738888888906,0.729712069512755,-139.1913951955217,431.07244527520567,7473.527435535063,car,0 days 01:30:25.283000
2024-11-03 16:08:28.309,0 days 01:30:25.563000,0 days 00:01:06.405000,9302,189,6,0,True,1,car,3126.073888888891,0.7331596678422725,-61.113269986786875,563.4191384582587,7477.860713290111,car,0 days 01:30:25.563000
2024-11-03 16:08:28.629,0 days 01:30:25.883000,0 days 00:01:06.725000,9908,165,5,0,True,1,car,3140.7405555555574,0.736599448488503,17.632717197917636,700.8664101490211,7483.371701252873,car,0 days 01:30:25.883000
2024-11-03 16:08:28.789,0 days 01:30:26.043000,0 days 00:01:06.885000,9442,158,4,0,True,1,car,3147.7627777777802,0.7382463737676075,52.30929695015077,761.1117814799733,7485.872294070416,car,0 days 01:30:26.043000
2024-11-03 16:08:29.029,0 days 01:30:26.283000,0 days 00:01:07.125000,8670,140,4,0,True,1,car,3157.0961111111133,0.740435325087936,100.69001049977958,849.5323684915678,7488.930171127492,car,0 days 01:30:26.283000
2024-11-03 16:08:29.229,0 days 01:30:26.483000,0 days 00:01:07.325000,8094,130,4,0,True,1,car,3164.3183333333354,0.7421291564667616,135.54427244808372,916.006611195982,7490.6175143561495,car,0 days 01:30:26.483000
2024-11-03 16:08:29.589,0 days 01:30:26.843000,0 days 00:01:07.685000,6992,121,4,0,True,1,car,3176.4183333333353,0.7449669754999018,186.13202865583168,1028.344989012397,7493.477574211163,car,0 days 01:30:26.843000
2024-11-03 16:08:29.989,0 days 01:30:27.243000,0 days 00:01:08.085000,6566,108,4,0,True,1,car,3188.418333333335,0.7477813414831812,221.60639545274904,1163.5293784037133,7495.103395258572,car,0 days 01:30:27.243000
2024-11-03 16:08:30.349,0 days 01:30:27.603000,0 days 00:01:08.445000,6277,102,4,0,False,1,car,3198.6183333333347,0.7501735525689688,222.7659723751292,1301.7808812108844,7495.2555888216075,car,0 days 01:30:27.603000
2024-11-03 16:08:30.589,0 days 01:30:27.843000,0 days 00:01:08.685000,6080,98,4,0,False,1,car,3205.1516666666685,0.7517058184931988,209.04774297353575,1353.179899277423,7495.879530829626,car,0 days 01:30:27.843000
2024-11-03 16:08:30.749,0 days 01:30:28.003000,0 days 00:01:08.845000,6025,97,4,0,False,1,car,3209.4627777777796,0.7527169055316363,202.77022825890657,1372.713164850948,7496.298820997519,car,0 days 01:30:28.003000
2024-11-03 16:08:31.229,0 days 01:30:28.483000,0 days 00:01:09.325000,5964,95,4,24,False,1,car,3222.1294444444466,0.7556876251806537,153.60238679990817,1467.37102740788,7500.18203338186,car,0 days 01:30:28.483000
2024-11-03 16:08:31.429,0 days 01:30:28.683000,0 days 00:01:09.525000,6116,97,4,27,False,1,car,3227.5183333333357,0.7569514839787005,120.8061918739582,1510.3818533087888,7501.136764923207,car,0 days 01:30:28.683000
2024-11-03 16:08:31.589,0 days 01:30:28.843000,0 days 00:01:09.685000,6190,97,4,28,False,1,car,3231.829444444447,0.757962571017138,69.23504553058663,1558.8737752449829,7503.803036517094,car,0 days 01:30:28.843000
2024-11-03 16:08:31.829,0 days 01:30:29.083000,0 days 00:01:09.925000,6485,101,4,39,False,1,car,3238.56277777778,0.7595417430410892,4.625319137674477,1609.0686317529337,7507.632167085664,car,0 days 01:30:29.083000
2024-11-03 16:08:31.989,0 days 01:30:29.243000,0 days 00:01:10.085000,6626,102,4,41,False,1,car,3243.0961111111133,0.760604947968106,-25.100688775242233,1626.3867077544933,7509.533076745889,car,0 days 01:30:29.243000
2024-11-03 16:08:32.269,0 days 01:30:29.523000,0 days 00:01:10.365000,7041,105,4,48,False,1,car,3251.26277777778,0.7625202803733934,-70.21021007111807,1652.645812736457,7511.963966250762,car,0 days 01:30:29.523000
2024-11-03 16:08:32.549,0 days 01:30:29.803000,0 days 00:01:10.645000,7398,105,4,50,False,1,car,3259.4294444444463,0.7644356127786808,-155.58808237594388,1692.7749466309647,7518.117364495308,car,0 days 01:30:29.803000
2024-11-03 16:08:32.869,0 days 01:30:30.123000,0 days 00:01:10.965000,7829,120,4,60,False,1,car,3270.0961111111133,0.766937271430485,-245.5502156383627,1730.1270922607748,7524.919584168637,car,0 days 01:30:30.123000
2024-11-03 16:08:33.149,0 days 01:30:30.403000,0 days 00:01:11.245000,8396,129,4,67,False,1,car,3280.1294444444466,0.7692903940998381,-316.22669610341677,1756.5148567113322,7529.659258045886,car,0 days 01:30:30.403000
2024-11-03 16:08:33.509,0 days 01:30:30.763000,0 days 00:01:11.605000,8956,137,4,69,False,1,car,3293.8294444444464,0.7725034619307488,-508.9511471357363,1820.2057757520965,7546.196885111458,car,0 days 01:30:30.763000
2024-11-03 16:08:33.669,0 days 01:30:30.923000,0 days 00:01:11.765000,9178,142,4,74,False,1,car,3300.1405555555575,0.7739836099663996,-552.7923950025132,1832.8593771618157,7549.201515429426,car,0 days 01:30:30.923000
2024-11-03 16:08:34.029,0 days 01:30:31.283000,0 days 00:01:12.125000,9831,154,4,76,False,1,car,3315.5405555555576,0.7775953796449416,-662.1827950754919,1856.4762736592404,7556.814987524056,car,0 days 01:30:31.283000
2024-11-03 16:08:34.309,0 days 01:30:31.563000,0 days 00:01:12.405000,10405,161,4,84,False,1,car,3328.06277777778,0.7805322226663824,-789.5103430857527,1874.8764365669604,7566.114368089965,car,0 days 01:30:31.563000
2024-11-03 16:08:34.589,0 days 01:30:31.843000,0 days 00:01:12.685000,10816,171,4,91,False,1,car,3341.36277777778,0.7836514782978506,-947.9229349829182,1886.087090963224,7578.895063929432,car,0 days 01:30:31.843000
2024-11-03 16:08:34.829,0 days 01:30:32.083000,0 days 00:01:12.925000,11569,181,4,100,False,1,car,3353.4294444444467,0.786481479647704,-1028.9846199609674,1887.0189563234853,7587.335828387197,car,0 days 01:30:32.083000
2024-11-03 16:08:35.069,0 days 01:30:32.323000,0 days 00:01:13.165000,11912,185,4,100,False,1,car,3365.7627777777807,0.7893740224638525,-1155.4260538319315,1883.4931995015804,7599.565993892798,car,0 days 01:30:32.323000
2024-11-03 16:08:35.549,0 days 01:30:32.803000,0 days 00:01:13.645000,10935,203,5,100,False,1,car,3392.829444444447,0.7957219812928051,-1413.562184946196,1852.8340113784543,7627.211044005433,car,0 days 01:30:32.803000
2024-11-03 16:08:35.829,0 days 01:30:33.083000,0 days 00:01:13.925000,11338,209,5,100,False,1,car,3409.0850000000023,0.7995344048423773,-1570.6443951819276,1823.6974719321033,7642.246744562381,car,0 days 01:30:33.083000
2024-11-03 16:08:36.109,0 days 01:30:33.363000,0 days 00:01:14.205000,11694,217,5,100,False,1,car,3425.96277777778,0.8034927584799714,-1731.7424741441778,1786.257105870045,7659.029057318206,car,0 days 01:30:33.363000
2024-11-03 16:08:36.269,0 days 01:30:33.523000,0 days 00:01:14.365000,11752,221,5,100,False,1,car,3435.785000000002,0.8057963691551743,-1824.7940561739651,1761.0523137854702,7669.1964698919,car,0 days 01:30:33.523000
2024-11-03 16:08:36.470,0 days 01:30:33.724000,0 days 00:01:14.566000,11697,221,5,100,False,1,car,3448.124166666669,0.8086902800658979,-1974.6266630285286,1714.4147783587046,7684.260894765154,car,0 days 01:30:33.724000
2024-11-03 16:08:36.669,0 days 01:30:33.923000,0 days 00:01:14.765000,10717,228,5,100,False,1,car,3460.7275000000022,0.8116461461166701,-2093.9912084535295,1673.468966112803,7696.037344217419,car,0 days 01:30:33.923000
2024-11-03 16:08:36.949,0 days 01:30:34.203000,0 days 00:01:15.045000,10908,238,6,100,False,1,car,3479.2386111111136,0.8159875662353218,-2231.234779517038,1617.5627455697945,7708.60199081611,car,0 days 01:30:34.203000
2024-11-03 16:08:37.189,0 days 01:30:34.443000,0 days 00:01:15.285000,11098,241,6,100,False,1,car,3495.30527777778,0.8197556895796014,-2380.5777564364935,1549.6712942352374,7720.262085653713,car,0 days 01:30:34.443000
2024-11-03 16:08:37.509,0 days 01:30:34.763000,0 days 00:01:15.605000,11409,247,6,100,False,1,car,3517.260833333336,0.8249049369712316,-2570.994542161555,1447.418288488028,7733.818705443329,car,0 days 01:30:34.763000
2024-11-03 16:08:37.869,0 days 01:30:35.123000,0 days 00:01:15.965000,11553,253,6,100,False,3,car,3542.560833333336,0.8308385585859793,-2782.0236866907485,1311.5230957188621,7747.608574540967,car,0 days 01:30:35.123000
2024-11-03 16:08:38.229,0 days 01:30:35.483000,0 days 00:01:16.325000,11774,259,6,100,False,1,car,3568.4608333333363,0.8369128984998909,-2980.617848156306,1151.1990552262819,7759.421253730531,car,0 days 01:30:35.483000
2024-11-03 16:08:38.629,0 days 01:30:35.883000,0 days 00:01:16.725000,11014,264,6,100,False,1,car,3597.794166666669,0.8437924597923518,-3176.626610570051,951.5506471000951,7769.797430394354,car,0 days 01:30:35.883000
2024-11-03 16:08:38.989,0 days 01:30:36.243000,0 days 00:01:17.085000,10622,266,7,100,False,1,car,3624.3941666666688,0.8500309710552881,-3324.6641508009475,765.9206886558487,7779.792617072665,car,0 days 01:30:36.243000
2024-11-03 16:08:39.269,0 days 01:30:36.523000,0 days 00:01:17.365000,10729,270,7,100,False,1,car,3645.3941666666688,0.8549561115260274,-3439.127579774388,590.5125047361958,7784.384510573967,car,0 days 01:30:36.523000
2024-11-03 16:08:39.629,0 days 01:30:36.883000,0 days 00:01:17.725000,10891,274,7,100,False,1,car,3672.794166666669,0.861382247187849,-3566.4450086179004,351.7342374782706,7790.342933864276,car,0 days 01:30:36.883000
2024-11-03 16:08:39.909,0 days 01:30:37.163000,0 days 00:01:18.005000,10971,275,7,100,False,1,car,3694.183055555558,0.866398593963602,-3658.385580702352,140.9087468934244,7791.027186149468,car,0 days 01:30:37.163000
2024-11-03 16:08:40.109,0 days 01:30:37.363000,0 days 00:01:18.205000,11049,276,7,100,False,1,car,3709.5163888888915,0.8699947282755702,-3729.760173655178,-48.46114953690701,7790.947661867289,car,0 days 01:30:37.363000
2024-11-03 16:08:40.429,0 days 01:30:37.683000,0 days 00:01:18.525000,11177,280,7,100,False,1,car,3734.405277777781,0.8758319317964465,-3783.030187479595,-219.6487319057024,7789.550267684247,car,0 days 01:30:37.683000
2024-11-03 16:08:40.629,0 days 01:30:37.883000,0 days 00:01:18.725000,11257,282,7,100,False,1,car,3750.0719444444467,0.8795062429412834,-3826.8171226393088,-376.4911767656457,7787.369858139494,car,0 days 01:30:37.883000
2024-11-03 16:08:40.829,0 days 01:30:38.083000,0 days 00:01:18.925000,11282,285,7,100,False,1,car,3765.90527777778,0.883219642502555,-3863.518316442042,-528.399132526011,7786.06978803253,car,0 days 01:30:38.083000
2024-11-03 16:08:41.109,0 days 01:30:38.363000,0 days 00:01:19.205000,11427,287,7,100,False,1,car,3788.2275000000027,0.8884548844103409,-3932.4789221854944,-843.406615669018,7781.485974691963,car,0 days 01:30:38.363000
2024-11-03 16:08:41.389,0 days 01:30:38.643000,0 days 00:01:19.485000,11474,289,7,100,False,1,car,3810.7052777777803,0.8937266088401321,-3965.4998929756275,-987.5897284173641,7778.070407857664,car,0 days 01:30:38.643000
2024-11-03 16:08:41.709,0 days 01:30:38.963000,0 days 00:01:19.805000,11585,291,7,100,False,1,car,3836.5719444444476,0.899793131070757,-4014.095185214794,-1217.548418388063,7774.846039563643,car,0 days 01:30:38.963000
2024-11-03 16:08:42.029,0 days 01:30:39.283000,0 days 00:01:20.125000,11673,295,7,100,False,1,car,3862.7941666666693,0.9059430419231085,-4060.87854841982,-1474.1968163973713,7770.492502280397,car,0 days 01:30:39.283000
2024-11-03 16:08:42.229,0 days 01:30:39.483000,0 days 00:01:20.325000,11700,295,7,100,False,1,car,3879.1830555555584,0.9097867362058283,-4083.8932976171463,-1632.0941692345498,7769.201837065522,car,0 days 01:30:39.483000
2024-11-03 16:08:42.549,0 days 01:30:39.803000,0 days 00:01:20.645000,10518,297,7,100,False,1,car,3905.583055555558,0.9159783413690431,-4117.9002940107675,-1948.139339808302,7768.1345459628565,car,0 days 01:30:39.803000
2024-11-03 16:08:42.949,0 days 01:30:40.203000,0 days 00:01:21.045000,10615,299,8,100,False,1,car,3938.8052777777807,0.9237699657116412,-4132.7807772257665,-2164.6238109855585,7765.998569506115,car,0 days 01:30:40.203000
2024-11-03 16:08:43.150,0 days 01:30:40.404000,0 days 00:01:21.246000,10595,299,8,100,False,1,car,3955.499444444447,0.9276852569437966,-4139.270071299234,-2329.5756046335687,7763.922675620834,car,0 days 01:30:40.404000
2024-11-03 16:08:43.549,0 days 01:30:40.803000,0 days 00:01:21.645000,10591,302,8,100,False,1,car,3988.9711111111137,0.9355353836163248,-4137.751604005896,-2694.795521154694,7756.369323905157,car,0 days 01:30:40.803000
2024-11-03 16:08:43.789,0 days 01:30:41.043000,0 days 00:01:21.885000,10613,300,8,100,False,1,car,4008.9711111111146,0.9402259935884576,-4129.061894181744,-2895.5203496406975,7753.777247484624,car,0 days 01:30:41.043000
2024-11-03 16:08:44.069,0 days 01:30:41.323000,0 days 00:01:22.165000,10637,302,8,100,False,1,car,4032.4600000000037,0.9457348544112844,-4111.573692801344,-3116.757621626497,7752.895596209717,car,0 days 01:30:41.323000
2024-11-03 16:08:44.349,0 days 01:30:41.603000,0 days 00:01:22.445000,10667,303,8,100,False,1,car,4056.0266666666694,0.9512619564951137,-4086.9132918353444,-3331.046784341151,7748.297341909665,car,0 days 01:30:41.603000
2024-11-03 16:08:44.669,0 days 01:30:41.923000,0 days 00:01:22.765000,10764,304,8,100,False,1,car,4083.048888888892,0.9575994917463507,-4025.1546920918418,-3739.034733945282,7743.270961846263,car,0 days 01:30:41.923000
2024-11-03 16:08:44.949,0 days 01:30:42.203000,0 days 00:01:23.045000,10751,305,8,100,False,1,car,4106.771111111115,0.9631630763521858,-3993.3114418520972,-3908.3770142866306,7742.9379680939255,car,0 days 01:30:42.203000
2024-11-03 16:08:45.109,0 days 01:30:42.363000,0 days 00:01:23.205000,10786,306,8,100,False,1,car,4120.371111111114,0.9663526911332359,-3973.4336451212776,-4006.0962749859177,7743.033209666768,car,0 days 01:30:42.363000
2024-11-03 16:08:45.389,0 days 01:30:42.643000,0 days 00:01:23.485000,10752,307,8,100,False,1,car,4144.248888888892,0.9719527582610763,-3929.3884436932867,-4219.514605683844,7743.60336165966,car,0 days 01:30:42.643000
2024-11-03 16:08:45.549,0 days 01:30:42.803000,0 days 00:01:23.645000,10769,307,8,100,False,1,car,4157.893333333336,0.9751527966198422,-3899.8166573352455,-4352.429939780499,7745.36423913743,car,0 days 01:30:42.803000
2024-11-03 16:08:45.829,0 days 01:30:43.083000,0 days 00:01:23.925000,10781,307,8,100,False,1,car,4181.771111111114,0.9807528637476828,-3843.9460260440696,-4590.263906840185,7749.654027477992,car,0 days 01:30:43.083000
2024-11-03 16:08:46.149,0 days 01:30:43.403000,0 days 00:01:24.245000,10811,307,8,100,False,1,car,4209.060000000003,0.9871529404652148,-3766.3499242446583,-4905.894090183167,7756.904065485311,car,0 days 01:30:43.403000
2024-11-03 16:08:46.389,0 days 01:30:43.643000,0 days 00:01:24.485000,10829,308,8,100,False,1,car,4229.593333333336,0.9919686333699375,-3731.812940047453,-5045.648164165519,7761.7929682543345,car,0 days 01:30:43.643000
2024-11-03 16:08:46.549,0 days 01:30:43.803000,0 days 00:01:24.645000,10871,307,8,100,False,1,car,4243.23777777778,0.9951686717287034,-3694.0754323771325,-5194.563139353295,7766.253963729404,car,0 days 01:30:43.803000
