Date_x,SessionTime_x,Time,RPM_x,Speed_x,nGear_x,Throttle_x,Brake_x,DRS_x,Source_x,Distance,RelativeDistance,X,Y,Z,Source_y,SessionTime_y
2024-12-08 13:16:24.952,0 days 01:09:37.735000,0 days 00:00:00.181000,10743,226,6,100,False,0,car,12.298055555555557,0.0023583653092043157,711.6581163620863,2097.632610495555,-239.00007826182798,car,0 days 01:09:37.735000
2024-12-08 13:16:25.152,0 days 01:09:37.935000,0 days 00:00:00.381000,10922,231,6,100,False,0,car,25.131388888888893,0.004819379410016084,851.9793819146654,2114.005047755014,-238.99890618628245,car,0 days 01:09:37.935000
2024-12-08 13:16:25.393,0 days 01:09:38.176000,0 days 00:00:00.622000,11264,236,6,100,False,0,car,40.93027777777778,0.007849090189188597,1048.8638659531607,2136.2821932225156,-239.00488582373595,car,0 days 01:09:38.176000
2024-12-08 13:16:25.633,0 days 01:09:38.416000,0 days 00:00:00.862000,11444,238,6,100,False,0,car,56.79694444444445,0.010891798532010418,1161.4679660284867,2149.0581844146095,-239.02148032868286,car,0 days 01:09:38.416000
2024-12-08 13:16:25.913,0 days 01:09:38.696000,0 days 00:00:01.142000,11713,246,6,100,False,0,car,75.93027777777777,0.014560946827766142,1342.897366746937,2169.7622788259896,-238.99365113115812,car,0 days 01:09:38.696000
2024-12-08 13:16:26.153,0 days 01:09:38.936000,0 days 00:00:01.382000,11153,251,7,100,False,0,car,92.66361111111111,0.01776985352544798,1508.3833122176195,2188.259484143248,-239.9506069888528,car,0 days 01:09:38.936000
2024-12-08 13:16:26.353,0 days 01:09:39.136000,0 days 00:00:01.582000,10443,254,7,100,False,0,car,106.77472222222224,0.02047590366227131,1646.7355266509662,2203.744080957286,-240.0000120219826,car,0 days 01:09:39.136000
2024-12-08 13:16:26.593,0 days 01:09:39.376000,0 days 00:00:01.822000,10673,257,7,100,False,0,car,123.90805555555556,0.023761517292965464,1844.7305189340188,2226.3274881322172,-240.09564359549617,car,0 days 01:09:39.376000
2024-12-08 13:16:26.753,0 days 01:09:39.536000,0 days 00:00:01.982000,10733,260,7,100,False,0,car,135.4636111111111,0.025977495357765668,1953.963033242037,2238.7014137738424,-239.4504257623548,car,0 days 01:09:39.536000
2024-12-08 13:16:26.993,0 days 01:09:39.776000,0 days 00:00:02.222000,10907,260,7,100,False,0,car,152.79694444444445,0.02930146245496598,2108.453588526892,2256.2243818537063,-239.4508922223863,car,0 days 01:09:39.776000
2024-12-08 13:16:27.193,0 days 01:09:39.976000,0 days 00:00:02.422000,11015,265,7,100,False,0,car,167.51916666666668,0.03212470373944701,2255.974400920896,2273.1103681512773,-239.49109411523398,car,0 days 01:09:39.976000
2024-12-08 13:16:27.433,0 days 01:09:40.216000,0 days 00:00:02.662000,11132,269,7,100,False,0,car,185.4525,0.03556373123616579,2435.724617344033,2293.0662007499686,-239.54548691604737,car,0 days 01:09:40.216000
2024-12-08 13:16:27.593,0 days 01:09:40.376000,0 days 00:00:02.822000,11201,271,7,100,False,0,car,197.49694444444444,0.03787346221909216,2550.2664471180906,2305.889336520404,-239.9561986517312,car,0 days 01:09:40.376000
2024-12-08 13:16:27.993,0 days 01:09:40.776000,0 days 00:00:03.222000,11296,276,7,100,False,0,car,228.1636111111111,0.043754327083369626,2911.7539887876624,2347.381680579201,-239.88271342794687,car,0 days 01:09:40.776000
2024-12-08 13:16:28.193,0 days 01:09:40.976000,0 days 00:00:03.422000,11384,277,7,100,False,0,car,243.5525,0.046705413256204524,3069.070215528109,2365.073886504168,-240.46807720157204,car,0 days 01:09:40.976000
2024-12-08 13:16:28.393,0 days 01:09:41.176000,0 days 00:00:03.622000,11241,278,7,100,False,0,car,258.9969444444444,0.04966715316973556,3170.051969830201,2376.2693912491704,-240.16131013371202,car,0 days 01:09:41.176000
2024-12-08 13:16:28.633,0 days 01:09:41.416000,0 days 00:00:03.862000,10660,277,7,0,True,0,car,277.4636111111111,0.05320845657713743,3328.3689404113265,2393.792630550607,-239.05132681308424,car,0 days 01:09:41.416000
2024-12-08 13:16:29.033,0 days 01:09:41.816000,0 days 00:00:04.262000,9543,236,7,0,True,0,car,303.6858333333333,0.058237022185722506,3593.8969384307675,2421.5242515826703,-236.3990671704317,car,0 days 01:09:41.816000
2024-12-08 13:16:29.273,0 days 01:09:42.056000,0 days 00:00:04.502000,9587,216,7,0,True,0,car,318.0858333333333,0.06099847177416585,3759.9693470735083,2435.3251929532007,-237.83557242117692,car,0 days 01:09:42.056000
2024-12-08 13:16:29.513,0 days 01:09:42.296000,0 days 00:00:04.742000,10122,191,7,0,True,0,car,330.81916666666666,0.06344030914172454,3903.9213066038965,2452.7587322688487,-236.63728028532347,car,0 days 01:09:42.296000
2024-12-08 13:16:29.873,0 days 01:09:42.656000,0 days 00:00:05.102000,10266,169,4,0,True,0,car,347.7191666666667,0.06668117706149485,4059.0195354117495,2487.43094508375,-234.3814260284434,car,0 days 01:09:42.656000
2024-12-08 13:16:30.073,0 days 01:09:42.856000,0 days 00:00:05.302000,9837,161,4,0,True,0,car,356.6636111111111,0.06839642931357577,4160.519384568858,2536.931713284761,-233.62829905186322,car,0 days 01:09:42.856000
2024-12-08 13:16:30.273,0 days 01:09:43.056000,0 days 00:00:05.502000,9520,155,4,0,True,0,car,365.27472222222224,0.07004775912147977,4265.71557604275,2610.0439316991924,-232.95014130005882,car,0 days 01:09:43.056000
2024-12-08 13:16:30.672,0 days 01:09:43.455000,0 days 00:00:05.901000,8975,145,4,2,False,0,car,381.34555555555556,0.07312961996135996,4320.595199151481,2686.478317569073,-231.9234747622605,car,0 days 01:09:43.455000
2024-12-08 13:16:31.112,0 days 01:09:43.895000,0 days 00:00:06.341000,9260,144,4,50,False,0,car,398.9455555555556,0.07650472501390182,4381.3440446029,2861.261670499076,-231.00105074618193,car,0 days 01:09:43.895000
2024-12-08 13:16:31.312,0 days 01:09:44.095000,0 days 00:00:06.541000,9390,147,4,59,False,0,car,407.1122222222223,0.07807082489623658,4391.148255901512,2944.3579490067086,-231.0358855562186,car,0 days 01:09:44.095000
2024-12-08 13:16:31.712,0 days 01:09:44.495000,0 days 00:00:06.941000,10148,156,4,74,False,0,car,424.4455555555556,0.08139479199343688,4395.988863495964,3113.1005581223308,-229.85943665250636,car,0 days 01:09:44.495000
2024-12-08 13:16:32.153,0 days 01:09:44.936000,0 days 00:00:07.382000,11170,173,4,100,False,0,car,445.6380555555556,0.08545882118809559,4374.321118570686,3417.215895951184,-231.227375148803,car,0 days 01:09:44.936000
2024-12-08 13:16:32.353,0 days 01:09:45.136000,0 days 00:00:07.582000,11702,182,4,100,False,0,car,455.7491666666667,0.08739780199479578,4358.150212602422,3520.680872248467,-229.92422275982386,car,0 days 01:09:45.136000
2024-12-08 13:16:32.513,0 days 01:09:45.296000,0 days 00:00:07.742000,10722,183,4,100,False,0,car,463.88250000000005,0.08895750963271284,4348.156105713483,3572.1444371684674,-229.0084090180789,car,0 days 01:09:45.296000
2024-12-08 13:16:32.753,0 days 01:09:45.536000,0 days 00:00:07.982000,10703,190,5,100,False,0,car,476.54916666666674,0.09138656251143615,4338.241363824238,3632.3323891046093,-229.22132960938535,car,0 days 01:09:45.536000
2024-12-08 13:16:33.153,0 days 01:09:45.936000,0 days 00:00:08.382000,11159,205,5,100,False,0,car,499.3269444444445,0.09575459619685964,4279.205701482734,3919.2432305757466,-226.39292392698601,car,0 days 01:09:45.936000
2024-12-08 13:16:33.513,0 days 01:09:46.296000,0 days 00:00:08.742000,11341,213,5,100,False,0,car,520.6269444444446,0.09983924037976541,4246.345422795485,4059.9173612657632,-223.76408113005442,car,0 days 01:09:46.296000
2024-12-08 13:16:34.033,0 days 01:09:46.816000,0 days 00:00:09.262000,10860,226,6,100,False,0,car,553.271388888889,0.10609937841282599,4166.759116454834,4352.165033248444,-215.4011095903044,car,0 days 01:09:46.816000
2024-12-08 13:16:34.193,0 days 01:09:46.976000,0 days 00:00:09.422000,10916,231,6,100,False,0,car,563.5380555555556,0.1080681896934754,4140.91046413728,4444.898632504382,-211.8263837155262,car,0 days 01:09:46.976000
2024-12-08 13:16:34.473,0 days 01:09:47.256000,0 days 00:00:09.702000,11207,234,6,87,False,0,car,581.7380555555555,0.1115583551455357,4070.705377473747,4663.669975244116,-203.97361404976047,car,0 days 01:09:47.256000
2024-12-08 13:16:34.833,0 days 01:09:47.616000,0 days 00:00:10.062000,11324,238,6,75,False,0,car,605.5380555555555,0.11612241765976843,3982.1152452252372,4882.588685841382,-194.46602897834865,car,0 days 01:09:47.616000
2024-12-08 13:16:35.073,0 days 01:09:47.856000,0 days 00:00:10.302000,11350,238,6,75,False,0,car,621.4047222222222,0.11916512600259026,3925.377630692936,4979.682262765757,-189.27662698591917,car,0 days 01:09:47.856000
2024-12-08 13:16:35.273,0 days 01:09:48.056000,0 days 00:00:10.502000,11457,240,6,74,False,0,car,634.7380555555555,0.12172202376966743,3836.2378020172428,5079.035909447843,-184.32235113304625,car,0 days 01:09:48.056000
2024-12-08 13:16:35.433,0 days 01:09:48.216000,0 days 00:00:10.662000,11421,239,6,75,False,0,car,645.3602777777778,0.12375901899077224,3728.9120366168195,5171.689146124893,-179.23868384774386,car,0 days 01:09:48.216000
2024-12-08 13:16:35.673,0 days 01:09:48.456000,0 days 00:00:10.902000,11466,241,6,82,False,0,car,661.4269444444444,0.1268400808001002,3601.9881483534837,5247.694363030508,-173.06144235410588,car,0 days 01:09:48.456000
2024-12-08 13:16:35.913,0 days 01:09:48.696000,0 days 00:00:11.142000,11655,243,6,90,False,0,car,677.6269444444445,0.12994671158709897,3480.1605384964155,5294.01079651867,-165.57814616386102,car,0 days 01:09:48.696000
2024-12-08 13:16:36.273,0 days 01:09:49.056000,0 days 00:00:11.502000,10395,248,6,100,False,0,car,702.4269444444445,0.13470254143386248,3230.4221056158267,5373.368195068164,-153.8766975225126,car,0 days 01:09:49.056000
2024-12-08 13:16:36.513,0 days 01:09:49.296000,0 days 00:00:11.742000,10462,251,7,100,False,0,car,719.1602777777779,0.13791144813154432,3061.720235610411,5431.33396222154,-148.05824194965078,car,0 days 01:09:49.296000
2024-12-08 13:16:36.793,0 days 01:09:49.576000,0 days 00:00:12.022000,10623,255,7,100,False,0,car,738.9936111111111,0.14171483356007158,2863.7191309491195,5498.58405455907,-142.07158673270666,car,0 days 01:09:49.576000
2024-12-08 13:16:37.033,0 days 01:09:49.816000,0 days 00:00:12.262000,10678,257,7,100,False,0,car,756.1269444444445,0.14500044719076574,2749.2290156895174,5532.22801668288,-139.3973446410625,car,0 days 01:09:49.816000
2024-12-08 13:16:37.312,0 days 01:09:50.095000,0 days 00:00:12.541000,10822,259,7,97,False,0,car,776.1994444444445,0.14884969697298997,2491.5674693989044,5715.551754254747,-133.6883166530022,car,0 days 01:09:50.095000
2024-12-08 13:16:37.552,0 days 01:09:50.335000,0 days 00:00:12.781000,10891,260,7,100,False,0,car,793.5327777777778,0.15217366407019028,2333.6289000511674,5903.99677265871,-131.3537287140373,car,0 days 01:09:50.335000
2024-12-08 13:16:37.832,0 days 01:09:50.615000,0 days 00:00:13.061000,10909,261,7,100,False,0,car,813.8327777777778,0.15606654092056527,2243.0462655904107,6054.276421232738,-131.039535296385,car,0 days 01:09:50.615000
2024-12-08 13:16:38.152,0 days 01:09:50.935000,0 days 00:00:13.381000,10958,263,7,100,False,0,car,837.2105555555556,0.16054963500550723,2189.6161608249477,6204.814705047529,-130.56469221528891,car,0 days 01:09:50.935000
2024-12-08 13:16:38.313,0 days 01:09:51.096000,0 days 00:00:13.542000,11002,263,7,100,False,0,car,848.9725000000001,0.16280519171699365,2159.367931071498,6323.997278137122,-130.07048636738926,car,0 days 01:09:51.096000
2024-12-08 13:16:38.553,0 days 01:09:51.336000,0 days 00:00:13.782000,11112,264,7,100,False,0,car,866.5725000000001,0.1661802967695355,2141.3332216013414,6498.347837356399,-131.4957684293719,car,0 days 01:09:51.336000
2024-12-08 13:16:38.873,0 days 01:09:51.656000,0 days 00:00:14.102000,11049,263,7,100,False,0,car,889.950277777778,0.17066339085447746,2155.2379130505087,6736.8589094196395,-133.6165212646391,car,0 days 01:09:51.656000
2024-12-08 13:16:39.113,0 days 01:09:51.896000,0 days 00:00:14.342000,11045,264,7,100,False,0,car,907.550277777778,0.17403849590701934,2178.6939212521925,6913.914890724189,-135.96738786780915,car,0 days 01:09:51.896000
2024-12-08 13:16:39.593,0 days 01:09:52.376000,0 days 00:00:14.822000,11115,268,7,100,False,0,car,943.2836111111112,0.1808909819227861,2253.123971702199,7370.673961493355,-148.41808130356617,car,0 days 01:09:52.376000
2024-12-08 13:16:39.753,0 days 01:09:52.536000,0 days 00:00:14.982000,11169,270,7,100,False,0,car,955.2836111111112,0.18319218991315556,2262.9422498223034,7428.463425869234,-150.56457984460465,car,0 days 01:09:52.536000
2024-12-08 13:16:39.913,0 days 01:09:52.696000,0 days 00:00:15.142000,11243,272,7,100,False,0,car,967.3725000000001,0.18551044388863883,2274.199140455936,7490.600077420277,-153.1730556000096,car,0 days 01:09:52.696000
2024-12-08 13:16:40.193,0 days 01:09:52.976000,0 days 00:00:15.422000,11314,275,7,100,False,0,car,988.7613888888891,0.18961213405665847,2314.0285952391055,7710.225769598295,-161.94847563652996,car,0 days 01:09:52.976000
2024-12-08 13:16:40.593,0 days 01:09:53.376000,0 days 00:00:15.822000,11469,276,7,100,False,0,car,1019.4280555555556,0.1954929989209359,2366.0103112604534,8014.160656947589,-173.3638923184656,car,0 days 01:09:53.376000
2024-12-08 13:16:40.753,0 days 01:09:53.536000,0 days 00:00:15.982000,11470,279,7,100,False,0,car,1031.8280555555557,0.19787091384431768,2388.0779185702504,8175.528930080756,-178.59215644226225,car,0 days 01:09:53.536000
2024-12-08 13:16:40.913,0 days 01:09:53.696000,0 days 00:00:16.142000,11535,279,7,100,False,0,car,1044.2280555555558,0.20024882876769948,2406.3991188411114,8348.998997149152,-184.2298437868447,car,0 days 01:09:53.696000
2024-12-08 13:16:41.153,0 days 01:09:53.936000,0 days 00:00:16.382000,11579,282,7,100,False,0,car,1063.028055555556,0.2038540546192783,2416.926142513229,8563.395052193602,-191.09258911050574,car,0 days 01:09:53.936000
2024-12-08 13:16:41.393,0 days 01:09:54.176000,0 days 00:00:16.622000,11624,283,7,100,False,0,car,1081.8947222222225,0.20747206495969245,2419.829270999254,8701.893976109464,-195.40983194449092,car,0 days 01:09:54.176000
2024-12-08 13:16:41.553,0 days 01:09:54.336000,0 days 00:00:16.782000,11695,284,7,100,False,0,car,1094.5169444444448,0.20989259484585884,2420.149611019363,8770.26146297825,-197.30726592473908,car,0 days 01:09:54.336000
2024-12-08 13:16:41.873,0 days 01:09:54.656000,0 days 00:00:17.102000,11739,286,7,100,False,0,car,1119.939166666667,0.2147677465884193,2417.2291374865385,9050.003492119671,-203.67408412936808,car,0 days 01:09:54.656000
2024-12-08 13:16:42.193,0 days 01:09:54.976000,0 days 00:00:17.422000,11860,287,7,100,False,0,car,1145.4502777777782,0.21965994431609362,2413.0934944755886,9251.286944041354,-206.4375631676875,car,0 days 01:09:54.976000
2024-12-08 13:16:42.353,0 days 01:09:55.136000,0 days 00:00:17.582000,11915,290,7,100,False,0,car,1158.339166666667,0.22213161215760155,2407.7941303775606,9382.046770805058,-208.75960169613126,car,0 days 01:09:55.136000
2024-12-08 13:16:42.713,0 days 01:09:55.496000,0 days 00:00:17.942000,11949,291,7,100,False,0,car,1187.439166666667,0.22771204153424743,2395.0663175137956,9663.193386497907,-210.35136376909162,car,0 days 01:09:55.496000
2024-12-08 13:16:42.873,0 days 01:09:55.656000,0 days 00:00:18.102000,11985,292,7,100,False,0,car,1200.4169444444449,0.2302007553608692,2388.138836313573,9781.721535394261,-211.03725523459715,car,0 days 01:09:55.656000
2024-12-08 13:16:43.153,0 days 01:09:55.936000,0 days 00:00:18.382000,12025,293,7,100,False,0,car,1223.2058333333339,0.23457091979443195,2371.12445468438,10022.209192422652,-210.99385762418459,car,0 days 01:09:55.936000
2024-12-08 13:16:43.313,0 days 01:09:56.096000,0 days 00:00:18.542000,12008,293,7,100,False,0,car,1236.228055555556,0.23706815661361064,2361.6355688373105,10144.075173475445,-211.00195866250908,car,0 days 01:09:56.096000
2024-12-08 13:16:43.553,0 days 01:09:56.336000,0 days 00:00:18.782000,11965,292,7,100,False,0,car,1255.6947222222225,0.24080122735354326,2343.5290903780306,10375.939976319802,-210.98585374035054,car,0 days 01:09:56.336000
2024-12-08 13:16:43.714,0 days 01:09:56.497000,0 days 00:00:18.943000,11594,292,7,13,False,0,car,1268.7536111111115,0.2433054956415814,2330.3223657180097,10545.329815939822,-210.99469320482896,car,0 days 01:09:56.497000
2024-12-08 13:16:43.952,0 days 01:09:56.735000,0 days 00:00:19.181000,11459,284,7,0,False,0,car,1287.529166666667,0.2469060338472539,2319.205580686905,10677.070648374342,-211.06257625904615,car,0 days 01:09:56.735000
2024-12-08 13:16:44.232,0 days 01:09:57.015000,0 days 00:00:19.461000,10668,268,7,0,True,0,car,1308.3736111111111,0.25090331735645116,2292.1427245381296,10932.912758547975,-210.37832655605473,car,0 days 01:09:57.015000
2024-12-08 13:16:44.472,0 days 01:09:57.255000,0 days 00:00:19.701000,9268,226,7,0,True,0,car,1323.440277777778,0.25379261183324836,2273.121932846635,11098.901664707748,-209.52011883678713,car,0 days 01:09:57.255000
2024-12-08 13:16:44.712,0 days 01:09:57.495000,0 days 00:00:19.941000,9295,201,7,0,True,0,car,1336.8402777777778,0.2563622940891609,2259.4529922961297,11173.695896190524,-208.2213210869662,car,0 days 01:09:57.495000
2024-12-08 13:16:44.913,0 days 01:09:57.696000,0 days 00:00:20.142000,9448,179,7,0,True,0,car,1346.8344444444444,0.25827884877169566,2232.6851857846286,11291.517835780029,-205.8881936019829,car,0 days 01:09:57.696000
2024-12-08 13:16:45.113,0 days 01:09:57.896000,0 days 00:00:20.342000,9762,162,7,0,True,0,car,1355.8344444444444,0.2600047547644727,2206.65753947505,11387.546290951348,-204.1328786158768,car,0 days 01:09:57.896000
2024-12-08 13:16:45.273,0 days 01:09:58.056000,0 days 00:00:20.502000,9861,156,5,0,True,0,car,1362.7677777777778,0.2613343416033529,2189.501975895482,11431.607747544725,-203.50256781154363,car,0 days 01:09:58.056000
2024-12-08 13:16:45.553,0 days 01:09:58.336000,0 days 00:00:20.782000,9384,132,3,0,True,0,car,1373.0344444444445,0.2633031528840023,2147.51812293625,11521.025181479907,-202.00992708760526,car,0 days 01:09:58.336000
2024-12-08 13:16:45.713,0 days 01:09:58.496000,0 days 00:00:20.942000,8839,129,3,0,True,0,car,1378.7677777777778,0.2644026189238455,2118.705167404964,11569.871973779766,-201.93238583853667,car,0 days 01:09:58.496000
2024-12-08 13:16:45.953,0 days 01:09:58.736000,0 days 00:00:21.182000,8297,121,3,0,True,0,car,1386.8344444444444,0.26594954207292715,2072.067776030325,11633.076368372998,-202.00601412292633,car,0 days 01:09:58.736000
2024-12-08 13:16:46.193,0 days 01:09:58.976000,0 days 00:00:21.422000,7719,112,3,0,True,0,car,1394.3011111111111,0.26738140482249034,2019.7067974438787,11686.406832346427,-202.00068498012308,car,0 days 01:09:58.976000
2024-12-08 13:16:46.393,0 days 01:09:59.176000,0 days 00:00:21.622000,7454,106,3,0,True,0,car,1400.19,0.26851070133628274,1975.4084632823633,11720.770376675235,-202.3655450938832,car,0 days 01:09:59.176000
2024-12-08 13:16:46.713,0 days 01:09:59.496000,0 days 00:00:21.942000,7013,99,3,0,True,0,car,1408.99,0.2701982538625537,1860.5027603337492,11768.485526314245,-203.90966720638394,car,0 days 01:09:59.496000
2024-12-08 13:16:47.033,0 days 01:09:59.816000,0 days 00:00:22.262000,6951,95,3,0,False,0,car,1417.4344444444444,0.2718176224483692,1792.9147903165206,11778.234536027228,-204.80573154818077,car,0 days 01:09:59.816000
2024-12-08 13:16:47.353,0 days 01:10:00.136000,0 days 00:00:22.582000,6582,91,3,2,False,0,car,1425.5233333333333,0.27336880709372935,1733.5872961456728,11761.789661883442,-204.99950306466698,car,0 days 01:10:00.136000
2024-12-08 13:16:47.553,0 days 01:10:00.336000,0 days 00:00:22.782000,6694,90,3,17,False,0,car,1430.5233333333333,0.2743276437563833,1686.249817877969,11741.773014631164,-205.0280685742408,car,0 days 01:10:00.336000
2024-12-08 13:16:47.913,0 days 01:10:00.696000,0 days 00:00:23.142000,7262,93,3,35,False,0,car,1439.8233333333333,0.2761110799489196,1585.1300696289557,11673.41767131999,-206.5621874776082,car,0 days 01:10:00.696000
2024-12-08 13:16:48.193,0 days 01:10:00.976000,0 days 00:00:23.422000,7543,99,3,39,False,0,car,1447.5233333333333,0.2775876884094067,1510.5326462343437,11601.339475110108,-208.24840797528424,car,0 days 01:10:00.976000
2024-12-08 13:16:48.353,0 days 01:10:01.136000,0 days 00:00:23.582000,7957,103,3,44,False,0,car,1452.101111111111,0.27846555664276984,1487.8894714026437,11570.493362031953,-208.6262979802804,car,0 days 01:10:01.136000
2024-12-08 13:16:48.553,0 days 01:10:01.336000,0 days 00:00:23.782000,8238,108,3,47,False,0,car,1458.101111111111,0.2796161606379546,1469.7821987624766,11544.459169116435,-209.73306031570596,car,0 days 01:10:01.336000
2024-12-08 13:16:48.833,0 days 01:10:01.616000,0 days 00:00:24.062000,8707,112,3,54,False,0,car,1466.8122222222223,0.28128666717911166,1441.5501486692424,11495.703137930657,-211.20000427195816,car,0 days 01:10:01.616000
2024-12-08 13:16:49.113,0 days 01:10:01.896000,0 days 00:00:24.342000,9744,122,3,65,False,0,car,1476.3011111111111,0.2831063260900149,1396.1238254460288,11404.342194819688,-214.0455441746286,car,0 days 01:10:01.896000
2024-12-08 13:16:49.473,0 days 01:10:02.256000,0 days 00:00:24.702000,10663,137,3,81,False,0,car,1490.0011111111112,0.28573353854568667,1351.7331530203517,11290.88901622286,-217.14880423360236,car,0 days 01:10:02.256000
2024-12-08 13:16:49.873,0 days 01:10:02.656000,0 days 00:00:25.102000,10079,156,3,100,False,0,car,1507.3344444444444,0.28905750564288696,1295.9803036577705,11120.984182274977,-220.36727876241793,car,0 days 01:10:02.656000
2024-12-08 13:16:50.153,0 days 01:10:02.936000,0 days 00:00:25.382000,10596,170,4,100,False,0,car,1520.5566666666666,0.2915930959285718,1260.413869050199,11008.132766409435,-222.68009446536928,car,0 days 01:10:02.936000
2024-12-08 13:16:50.514,0 days 01:10:03.297000,0 days 00:00:25.743000,11277,181,4,100,False,0,car,1538.7069444444442,0.29507372628270906,1205.1484205888612,10833.495808887345,-225.7849885259892,car,0 days 01:10:03.297000
2024-12-08 13:16:50.712,0 days 01:10:03.495000,0 days 00:00:25.941000,10857,188,5,100,False,0,car,1549.046944444444,0.29705660050107735,1173.2484805299582,10731.352426348165,-227.05665670431037,car,0 days 01:10:03.495000
2024-12-08 13:16:50.872,0 days 01:10:03.655000,0 days 00:00:26.101000,10727,195,5,100,False,0,car,1557.7136111111108,0.29871858404967755,1148.2634120553107,10650.585463786292,-228.2654490050462,car,0 days 01:10:03.655000
2024-12-08 13:16:51.152,0 days 01:10:03.935000,0 days 00:00:26.381000,11215,205,5,100,False,0,car,1573.6580555555554,0.301776207629474,1101.5161548798976,10501.998817013753,-229.00248824792146,car,0 days 01:10:03.935000
2024-12-08 13:16:51.432,0 days 01:10:04.215000,0 days 00:00:26.661000,11164,211,5,100,False,0,car,1590.0691666666667,0.30492332263111815,1053.0966282973527,10346.845403045489,-228.88889719845582,car,0 days 01:10:04.215000
2024-12-08 13:16:51.713,0 days 01:10:04.496000,0 days 00:00:26.942000,10581,219,5,100,False,0,car,1607.1633333333332,0.3082014253746215,1003.9170786761033,10192.654537709288,-226.00780253389948,car,0 days 01:10:04.496000
2024-12-08 13:16:52.113,0 days 01:10:04.896000,0 days 00:00:27.342000,11035,230,6,100,False,0,car,1632.7188888888886,0.3131021460948527,905.4234951413389,9878.496810314275,-220.71493185229804,car,0 days 01:10:04.896000
2024-12-08 13:16:52.473,0 days 01:10:05.256000,0 days 00:00:27.702000,11327,238,6,100,False,0,car,1656.5188888888888,0.31766620860908545,851.4778040548638,9711.853410726426,-217.386211310528,car,0 days 01:10:05.256000
2024-12-08 13:16:52.673,0 days 01:10:05.456000,0 days 00:00:27.902000,11480,242,6,100,False,0,car,1669.9633333333331,0.3202444138575549,811.9632632207592,9596.27477019361,-216.1610922455461,car,0 days 01:10:05.456000
2024-12-08 13:16:52.873,0 days 01:10:05.656000,0 days 00:00:28.102000,11664,246,6,100,False,0,car,1683.6299999999997,0.32286523406880896,749.4677860088183,9416.353329702772,-214.5145109842762,car,0 days 01:10:05.656000
2024-12-08 13:16:53.153,0 days 01:10:05.936000,0 days 00:00:28.382000,10465,251,7,100,False,0,car,1703.152222222222,0.32660895854943783,689.7506416942008,9246.062665260813,-214.37601765280928,car,0 days 01:10:05.936000
2024-12-08 13:16:53.353,0 days 01:10:06.136000,0 days 00:00:28.582000,10511,256,7,100,False,0,car,1717.3744444444442,0.32933631616765346,655.8781838469749,9149.820551884519,-215.03886940761993,car,0 days 01:10:06.136000
2024-12-08 13:16:53.593,0 days 01:10:06.376000,0 days 00:00:28.822000,10752,259,7,100,False,0,car,1734.6411111111108,0.33264749877601835,601.1246193969262,8993.234101849233,-214.528099576501,car,0 days 01:10:06.376000
2024-12-08 13:16:53.873,0 days 01:10:06.656000,0 days 00:00:29.102000,10863,263,7,100,False,0,car,1755.0966666666666,0.3365702061003426,536.3673462953552,8808.369232625038,-213.9282420350229,car,0 days 01:10:06.656000
2024-12-08 13:16:54.153,0 days 01:10:06.936000,0 days 00:00:29.382000,11020,265,7,100,False,0,car,1775.7077777777777,0.34052274389861603,473.5488113157401,8627.526902381805,-214.00356991309016,car,0 days 01:10:06.936000
2024-12-08 13:16:54.313,0 days 01:10:07.096000,0 days 00:00:29.542000,11146,269,7,100,False,0,car,1787.6633333333332,0.3428154288964286,429.2425387378093,8501.654589127278,-213.99994238076016,car,0 days 01:10:07.096000
2024-12-08 13:16:54.513,0 days 01:10:07.296000,0 days 00:00:29.742000,11259,272,7,100,False,0,car,1802.7744444444443,0.34571324636578266,383.8304809265349,8372.374032075619,-213.99984527639248,car,0 days 01:10:07.296000
2024-12-08 13:16:54.833,0 days 01:10:07.616000,0 days 00:00:30.062000,11384,276,7,100,False,0,car,1827.3077777777776,0.35041793825720463,272.218090259877,8052.89208852538,-213.9822030904446,car,0 days 01:10:07.616000
2024-12-08 13:16:55.153,0 days 01:10:07.936000,0 days 00:00:30.382000,11565,280,7,100,False,0,car,1852.1966666666665,0.35519081408908204,218.22632422584473,7898.074558201119,-214.109367677813,car,0 days 01:10:07.936000
2024-12-08 13:16:55.433,0 days 01:10:08.216000,0 days 00:00:30.662000,11646,283,7,100,False,0,car,1874.2077777777774,0.3594118261528985,143.7679813849341,7686.28627214637,-214.0438985641199,car,0 days 01:10:08.216000
2024-12-08 13:16:55.633,0 days 01:10:08.416000,0 days 00:00:30.862000,10526,285,7,100,False,0,car,1890.0411111111107,0.3624481422513026,95.05644362808987,7543.944347490244,-212.42668960239797,car,0 days 01:10:08.416000
2024-12-08 13:16:55.873,0 days 01:10:08.656000,0 days 00:00:31.102000,10309,288,8,100,False,0,car,1909.241111111111,0.3661300750358938,16.38240638350491,7320.596120937966,-213.48386485861232,car,0 days 01:10:08.656000
2024-12-08 13:16:56.233,0 days 01:10:09.016000,0 days 00:00:31.462000,10416,290,8,100,False,0,car,1938.241111111111,0.37169132767928664,-72.92364552762523,7061.67288860466,-214.6554990773468,car,0 days 01:10:09.016000
2024-12-08 13:16:56.514,0 days 01:10:09.297000,0 days 00:00:31.743000,10482,293,8,100,False,0,car,1961.1113888888885,0.37607709984296916,-141.69222613353568,6867.863525583961,-213.0075001890507,car,0 days 01:10:09.297000
2024-12-08 13:16:56.873,0 days 01:10:09.656000,0 days 00:00:32.102000,10605,296,8,100,False,0,car,1990.6291666666662,0.38173764534965016,-242.30015267960394,6578.039129613013,-213.07389553702444,car,0 days 01:10:09.656000
2024-12-08 13:16:57.033,0 days 01:10:09.816000,0 days 00:00:32.262000,10643,296,8,100,False,0,car,2003.784722222222,0.38426045114649965,-302.6013170406508,6405.271033843801,-213.0057207326241,car,0 days 01:10:09.816000
2024-12-08 13:16:57.392,0 days 01:10:10.175000,0 days 00:00:32.621000,10728,298,8,100,False,0,car,2033.5019444444442,0.38995924358227985,-377.80037677364817,6191.681923211545,-213.00110793597844,car,0 days 01:10:10.175000
2024-12-08 13:16:57.672,0 days 01:10:10.455000,0 days 00:00:32.901000,10783,301,8,100,False,0,car,2056.9130555555553,0.3944487299116395,-457.17037228656073,5964.896243161569,-213.0004645396328,car,0 days 01:10:10.455000
2024-12-08 13:16:57.913,0 days 01:10:10.696000,0 days 00:00:33.142000,10833,302,8,100,False,0,car,2077.1302777777773,0.3983257326883772,-523.1364425673468,5775.891511779364,-212.9989220505422,car,0 days 01:10:10.696000
2024-12-08 13:16:58.153,0 days 01:10:10.936000,0 days 00:00:33.382000,10891,304,8,100,False,0,car,2097.3969444444438,0.4022122172943344,-589.4645885422979,5585.552539131497,-213.01429945143474,car,0 days 01:10:10.936000
2024-12-08 13:16:58.433,0 days 01:10:11.216000,0 days 00:00:33.662000,10905,305,8,100,False,0,car,2121.119166666666,0.4067613645715925,-668.1551631731176,5361.402163227396,-212.98924579668144,car,0 days 01:10:11.216000
2024-12-08 13:16:58.753,0 days 01:10:11.536000,0 days 00:00:33.982000,10978,306,8,100,False,0,car,2148.3191666666658,0.4119774360164299,-757.4356725569414,5107.245668625208,-213.75879269510762,car,0 days 01:10:11.536000
2024-12-08 13:16:58.913,0 days 01:10:11.696000,0 days 00:00:34.142000,10978,307,8,100,False,0,car,2161.9636111111104,0.4145939947314055,-803.1070077529989,4976.563409649899,-213.00718184445213,car,0 days 01:10:11.696000
2024-12-08 13:16:59.113,0 days 01:10:11.896000,0 days 00:00:34.342000,11039,308,8,100,False,0,car,2179.074722222221,0.4178753468658212,-864.435061840768,4800.083315111859,-212.98267983714175,car,0 days 01:10:11.896000
2024-12-08 13:16:59.313,0 days 01:10:12.096000,0 days 00:00:34.542000,11060,309,8,100,False,0,car,2196.241388888888,0.4211673527409331,-919.1690400749904,4643.4621291937065,-212.96753053821402,car,0 days 01:10:12.096000
2024-12-08 13:16:59.673,0 days 01:10:12.456000,0 days 00:00:34.902000,11109,311,8,100,False,0,car,2227.341388888888,0.42713131678264055,-1009.793929361318,4386.361978460223,-213.59844591807982,car,0 days 01:10:12.456000
2024-12-08 13:16:59.953,0 days 01:10:12.736000,0 days 00:00:35.182000,11143,311,8,100,False,0,car,2251.530277777777,0.43176995548174635,-1130.7818641513966,4038.6553033619493,-214.87006159487103,car,0 days 01:10:12.736000
2024-12-08 13:17:00.113,0 days 01:10:12.896000,0 days 00:00:35.342000,11173,311,8,100,False,0,car,2265.352499999999,0.43442060616694966,-1166.5579605221596,3935.966762098661,-215.85479601511668,car,0 days 01:10:12.896000
2024-12-08 13:17:00.353,0 days 01:10:13.136000,0 days 00:00:35.582000,11214,314,8,100,False,0,car,2286.2858333333324,0.4384349356612608,-1208.9341096188193,3816.5107748049704,-217.9877398189634,car,0 days 01:10:13.136000
2024-12-08 13:17:00.553,0 days 01:10:13.336000,0 days 00:00:35.782000,11115,313,8,100,False,0,car,2303.674722222221,0.4417695564991572,-1272.6576085077118,3638.987261864733,-220.51045712599432,car,0 days 01:10:13.336000
2024-12-08 13:17:01.033,0 days 01:10:13.816000,0 days 00:00:36.262000,11165,313,8,100,False,0,car,2345.4080555555547,0.4497726465101088,-1410.3189595554559,3260.9683263542893,-228.66325991696388,car,0 days 01:10:13.816000
2024-12-08 13:17:01.353,0 days 01:10:14.136000,0 days 00:00:36.582000,11142,312,8,100,False,0,car,2373.1413888888883,0.45509099386562935,-1520.2112178837183,2959.1520951377884,-232.58253903058903,car,0 days 01:10:14.136000
2024-12-08 13:17:01.513,0 days 01:10:14.296000,0 days 00:00:36.742000,11077,312,8,100,False,0,car,2387.0080555555546,0.4577501675433895,-1554.8892950122477,2863.50551496748,-232.73676912631802,car,0 days 01:10:14.296000
2024-12-08 13:17:01.713,0 days 01:10:14.496000,0 days 00:00:36.942000,11081,311,8,100,False,0,car,2404.2858333333324,0.4610634808998937,-1607.327619817192,2719.846473548572,-234.1222813293249,car,0 days 01:10:14.496000
2024-12-08 13:17:02.073,0 days 01:10:14.856000,0 days 00:00:37.302000,11036,310,8,100,False,0,car,2435.2858333333324,0.46700826820834807,-1735.0087946092765,2368.6950656249433,-234.99831579802873,car,0 days 01:10:14.856000
2024-12-08 13:17:02.473,0 days 01:10:15.256000,0 days 00:00:37.702000,10485,304,8,19,False,0,car,2469.0636111111103,0.47348574255161024,-1844.7023708144463,2079.1545684296107,-234.55695602164434,car,0 days 01:10:15.256000
2024-12-08 13:17:02.633,0 days 01:10:15.416000,0 days 00:00:37.862000,10273,300,8,0,True,0,car,2482.3969444444438,0.4760426403186874,-1897.5062172071696,1939.4172567928313,-233.06686302404913,car,0 days 01:10:15.416000
2024-12-08 13:17:02.833,0 days 01:10:15.616000,0 days 00:00:38.062000,9243,277,8,0,True,0,car,2497.7858333333324,0.4789937264915223,-1949.4145741479201,1800.59194742908,-235.3450981569359,car,0 days 01:10:15.616000
2024-12-08 13:17:03.233,0 days 01:10:16.016000,0 days 00:00:38.462000,7451,226,8,0,True,0,car,2522.8969444444438,0.4838092172861843,-2037.1030115724438,1544.6876264692783,-235.0653219442065,car,0 days 01:10:16.016000
2024-12-08 13:17:03.473,0 days 01:10:16.256000,0 days 00:00:38.702000,7685,205,8,0,True,0,car,2536.5636111111103,0.48643003749743835,-2086.950397046969,1392.7240957967058,-234.66353314066257,car,0 days 01:10:16.256000
2024-12-08 13:17:03.873,0 days 01:10:16.656000,0 days 00:00:39.102000,8340,177,6,0,True,0,car,2556.230277777777,0.49020146170387713,-2141.6377368422054,1217.1770379542334,-234.7852038831788,car,0 days 01:10:16.656000
2024-12-08 13:17:04.312,0 days 01:10:17.095000,0 days 00:00:39.541000,8987,134,4,0,True,0,car,2572.5708333333323,0.49333504645483717,-2177.7423273878003,1059.873475974237,-234.8005170096314,car,0 days 01:10:17.095000
2024-12-08 13:17:04.552,0 days 01:10:17.335000,0 days 00:00:39.781000,8134,114,3,0,True,0,car,2580.170833333332,0.4947924781820711,-2188.5368129798335,975.8485358287793,-233.97476854941607,car,0 days 01:10:17.335000
2024-12-08 13:17:04.793,0 days 01:10:17.576000,0 days 00:00:40.022000,8638,105,3,0,True,0,car,2587.199999999999,0.4961404427236521,-2195.7461021063527,880.1162439440409,-233.61280518857362,car,0 days 01:10:17.576000
2024-12-08 13:17:04.993,0 days 01:10:17.776000,0 days 00:00:40.222000,8498,95,2,0,True,0,car,2592.4777777777767,0.4971525480897868,-2195.21481776784,853.0822693053765,-232.14035458988593,car,0 days 01:10:17.776000
2024-12-08 13:17:05.193,0 days 01:10:17.976000,0 days 00:00:40.422000,7192,87,2,0,True,0,car,2597.3111111111098,0.4980794235303522,-2192.499739906618,807.5297829393336,-231.21107520638256,car,0 days 01:10:17.976000
2024-12-08 13:17:05.393,0 days 01:10:18.176000,0 days 00:00:40.622000,6609,84,2,0,True,0,car,2601.9777777777763,0.4989743377488292,-2188.155416897617,764.6875537985624,-231.01927836194835,car,0 days 01:10:18.176000
2024-12-08 13:17:05.633,0 days 01:10:18.416000,0 days 00:00:40.862000,6212,79,2,0,True,0,car,2607.244444444443,0.4999843123668247,-2173.0018205895476,700.253689654933,-230.3540542244064,car,0 days 01:10:18.416000
2024-12-08 13:17:05.873,0 days 01:10:18.656000,0 days 00:00:41.102000,5986,72,2,0,True,0,car,2612.044444444443,0.5009047955629725,-2149.0156508425553,637.9027969183596,-230.06609412222312,car,0 days 01:10:18.656000
2024-12-08 13:17:06.113,0 days 01:10:18.896000,0 days 00:00:41.342000,5610,68,2,0,True,0,car,2616.577777777776,0.5017741408037787,-2124.0056172711656,606.8521279433315,-230.95189621417538,car,0 days 01:10:18.896000
2024-12-08 13:17:06.273,0 days 01:10:19.056000,0 days 00:00:41.502000,5505,66,2,0,True,0,car,2619.5111111111096,0.5023366583125357,-2109.289423581201,593.5367449456219,-230.88190849922373,car,0 days 01:10:19.056000
2024-12-08 13:17:06.753,0 days 01:10:19.536000,0 days 00:00:41.982000,5707,62,2,18,False,0,car,2627.777777777776,0.5039219349281234,-2051.644498719074,570.0767843501043,-230.01255900664881,car,0 days 01:10:19.536000
2024-12-08 13:17:07.033,0 days 01:10:19.816000,0 days 00:00:42.262000,5977,63,2,21,False,0,car,2632.677777777776,0.5048615948575244,-1982.0231183021656,570.7201664086292,-227.62880977719868,car,0 days 01:10:19.816000
2024-12-08 13:17:07.393,0 days 01:10:20.176000,0 days 00:00:42.622000,6701,71,2,36,False,0,car,2639.777777777776,0.5062231429184929,-1932.503186901844,578.8987255362745,-227.01103219079573,car,0 days 01:10:20.176000
2024-12-08 13:17:07.713,0 days 01:10:20.496000,0 days 00:00:42.942000,7291,80,2,45,False,0,car,2646.8888888888873,0.5075868217276007,-1862.591722807138,592.8635181798769,-225.87890743250236,car,0 days 01:10:20.496000
2024-12-08 13:17:07.873,0 days 01:10:20.656000,0 days 00:00:43.102000,7530,88,2,31,False,0,car,2650.7999999999984,0.50833684507261,-1821.2248799400163,600.8922510640471,-224.4861432864158,car,0 days 01:10:20.656000
2024-12-08 13:17:08.193,0 days 01:10:20.976000,0 days 00:00:43.422000,7938,91,2,28,False,0,car,2658.8888888888873,0.5098880297179702,-1738.9261392328485,609.8507266697735,-222.28884444412708,car,0 days 01:10:20.976000
2024-12-08 13:17:08.473,0 days 01:10:21.256000,0 days 00:00:43.702000,7092,94,3,29,False,0,car,2666.1999999999985,0.5112900619935842,-1670.5791858194693,604.5325061995889,-221.94055389831811,car,0 days 01:10:21.256000
2024-12-08 13:17:08.833,0 days 01:10:21.616000,0 days 00:00:44.062000,7186,97,3,17,False,0,car,2675.8999999999983,0.5131502051191328,-1594.2775890776766,575.1720884681278,-220.45654106462905,car,0 days 01:10:21.616000
2024-12-08 13:17:09.193,0 days 01:10:21.976000,0 days 00:00:44.422000,7299,97,3,21,False,0,car,2685.599999999998,0.5150103482446814,-1524.1238486581317,508.1808473706895,-214.76746009751037,car,0 days 01:10:21.976000
2024-12-08 13:17:09.353,0 days 01:10:22.136000,0 days 00:00:44.582000,7485,98,3,29,False,0,car,2689.955555555554,0.51584560151526,-1500.8086567368905,470.8758071932155,-214.83681910205266,car,0 days 01:10:22.136000
2024-12-08 13:17:09.553,0 days 01:10:22.336000,0 days 00:00:44.782000,7629,101,3,37,False,0,car,2695.566666666665,0.5169216293255716,-1475.372448414087,419.39243108494696,-213.1489262347712,car,0 days 01:10:22.336000
2024-12-08 13:17:09.873,0 days 01:10:22.656000,0 days 00:00:45.102000,8517,109,3,56,False,0,car,2705.2555555555537,0.518779641702981,-1443.066474863329,329.8380503456129,-211.49761739719162,car,0 days 01:10:22.656000
2024-12-08 13:17:10.114,0 days 01:10:22.897000,0 days 00:00:45.343000,9300,116,3,64,False,0,car,2713.0211111111093,0.5202688215774895,-1415.5031932368986,235.3922564434461,-209.79917614445208,car,0 days 01:10:22.897000
2024-12-08 13:17:10.313,0 days 01:10:23.096000,0 days 00:00:45.542000,9986,123,3,74,False,0,car,2719.820277777776,0.5215726796325885,-1402.9539899238991,185.68309754605002,-209.21986285714806,car,0 days 01:10:23.096000
2024-12-08 13:17:10.673,0 days 01:10:23.456000,0 days 00:00:45.902000,11392,142,3,92,False,0,car,2734.020277777776,0.5242957757545256,-1370.3308417571957,52.428617480877925,-207.9072156586197,car,0 days 01:10:23.456000
2024-12-08 13:17:10.872,0 days 01:10:23.655000,0 days 00:00:46.101000,10692,150,3,100,False,0,car,2742.3119444444424,0.5258858465534266,-1347.9205200299689,-35.22183574249335,-206.88492317840044,car,0 days 01:10:23.655000
2024-12-08 13:17:11.032,0 days 01:10:23.815000,0 days 00:00:46.261000,10343,154,3,100,False,0,car,2749.156388888887,0.5271983874071929,-1320.1197602849409,-147.80761046644707,-206.83487793220954,car,0 days 01:10:23.815000
2024-12-08 13:17:11.192,0 days 01:10:23.975000,0 days 00:00:46.421000,10565,164,4,100,False,0,car,2756.4452777777756,0.5285961581865284,-1300.057575008483,-229.09222672745602,-207.23388050125175,car,0 days 01:10:23.975000
2024-12-08 13:17:11.353,0 days 01:10:24.136000,0 days 00:00:46.582000,11043,173,4,100,False,0,car,2764.18222222222,0.5300798513845785,-1291.2346350544258,-263.57141960404977,-207.91239573585867,car,0 days 01:10:24.136000
2024-12-08 13:17:11.553,0 days 01:10:24.336000,0 days 00:00:46.782000,11489,181,4,100,False,0,car,2774.237777777775,0.5320081784505823,-1271.389019693018,-331.29803452480786,-207.77294382268428,car,0 days 01:10:24.336000
2024-12-08 13:17:11.873,0 days 01:10:24.656000,0 days 00:00:47.102000,10491,191,5,100,False,0,car,2791.215555555553,0.5352639616073273,-1218.6487265609367,-494.5522179744514,-209.74361676627439,car,0 days 01:10:24.656000
2024-12-08 13:17:12.153,0 days 01:10:24.936000,0 days 00:00:47.382000,11042,202,5,100,False,0,car,2806.926666666664,0.5382768394761999,-1163.9176115862738,-637.758663008113,-210.71457432912186,car,0 days 01:10:24.936000
2024-12-08 13:17:12.433,0 days 01:10:25.216000,0 days 00:00:47.662000,11475,208,5,100,False,0,car,2823.104444444442,0.5413792087669203,-1100.0307438248992,-785.601836422423,-212.53301358915783,car,0 days 01:10:25.216000
2024-12-08 13:17:12.753,0 days 01:10:25.536000,0 days 00:00:47.982000,10385,219,5,100,False,0,car,2842.5711111111086,0.5451122795068528,-1011.8669744027391,-959.1628568595513,-214.16405908526892,car,0 days 01:10:25.536000
2024-12-08 13:17:13.073,0 days 01:10:25.856000,0 days 00:00:48.302000,10765,227,6,100,False,0,car,2862.7488888888865,0.5489817181276964,-909.7031818623135,-1128.914444850832,-218.5661382887257,car,0 days 01:10:25.856000
2024-12-08 13:17:13.393,0 days 01:10:26.176000,0 days 00:00:48.622000,11204,234,6,100,False,0,car,2883.5488888888867,0.5529704786443367,-797.0540073074128,-1297.1117477452003,-220.25316579626872,car,0 days 01:10:26.176000
2024-12-08 13:17:13.793,0 days 01:10:26.576000,0 days 00:00:49.022000,11576,242,6,100,False,0,car,2910.4377777777754,0.5581268891412756,-632.2511755627487,-1511.4532122965315,-223.38229470884443,car,0 days 01:10:26.576000
2024-12-08 13:17:14.193,0 days 01:10:26.976000,0 days 00:00:49.422000,10302,249,7,100,False,0,car,2938.104444444442,0.5634324520079607,-452.7975575280767,-1711.766780246716,-226.383879830397,car,0 days 01:10:26.976000
2024-12-08 13:17:14.353,0 days 01:10:27.136000,0 days 00:00:49.582000,10397,252,7,100,False,0,car,2949.304444444442,0.5655802461323056,-381.1216925663632,-1784.6449692826368,-227.02839807064035,car,0 days 01:10:27.136000
2024-12-08 13:17:14.633,0 days 01:10:27.416000,0 days 00:00:49.862000,10614,254,7,100,False,0,car,2969.0599999999977,0.5693687163238582,-222.44767823201337,-1932.2420100500922,-226.98660639729616,car,0 days 01:10:27.416000
2024-12-08 13:17:14.793,0 days 01:10:27.576000,0 days 00:00:50.022000,10666,259,7,100,False,0,car,2980.5711111111086,0.5715761713961015,-143.79070859226096,-2002.0133843810727,-227.00076507337116,car,0 days 01:10:27.576000
2024-12-08 13:17:15.153,0 days 01:10:27.936000,0 days 00:00:50.382000,10844,263,7,100,False,0,car,3006.871111111109,0.5766196522416612,59.460708815427964,-2176.6158892825097,-226.97701659304047,car,0 days 01:10:27.936000
2024-12-08 13:17:15.353,0 days 01:10:28.136000,0 days 00:00:50.582000,11018,268,7,100,False,0,car,3021.759999999998,0.5794748547482308,170.30335967916452,-2270.573908654298,-226.99430524268183,car,0 days 01:10:28.136000
2024-12-08 13:17:15.873,0 days 01:10:28.656000,0 days 00:00:51.102000,11285,274,7,100,False,0,car,3061.3377777777755,0.5870645796201714,470.293629232701,-2523.284355359988,-228.0331919054505,car,0 days 01:10:28.656000
2024-12-08 13:17:16.233,0 days 01:10:29.016000,0 days 00:00:51.462000,11450,275,7,100,False,0,car,3088.837777777776,0.5923381812647681,681.6342266445411,-2701.0968379081205,-227.22707586169022,car,0 days 01:10:29.016000
2024-12-08 13:17:16.593,0 days 01:10:29.376000,0 days 00:00:51.822000,11645,282,7,100,False,0,car,3117.037777777776,0.5977460200421363,883.6121918428889,-2871.709963293752,-227.95491658318713,car,0 days 01:10:29.376000
2024-12-08 13:17:16.873,0 days 01:10:29.656000,0 days 00:00:52.102000,11125,285,7,100,False,0,car,3139.204444444442,0.6019968625799019,1057.1830390402524,-3018.098419402091,-227.98615824800416,car,0 days 01:10:29.656000
2024-12-08 13:17:17.153,0 days 01:10:29.936000,0 days 00:00:52.382000,10346,288,8,100,False,0,car,3161.604444444442,0.6062924508285916,1252.3631389362652,-3182.8681630030374,-228.10488991723975,car,0 days 01:10:29.936000
2024-12-08 13:17:17.432,0 days 01:10:30.215000,0 days 00:00:52.661000,10383,290,8,100,False,0,car,3184.0794444444423,0.6106024216272211,1425.1373577989602,-3328.8638151749783,-227.69395447922912,car,0 days 01:10:30.215000
2024-12-08 13:17:17.632,0 days 01:10:30.415000,0 days 00:00:52.861000,10482,292,8,100,False,0,car,3200.301666666664,0.6137133139104982,1531.0926934505835,-3418.2043861899006,-227.6151503418024,car,0 days 01:10:30.415000
2024-12-08 13:17:17.913,0 days 01:10:30.696000,0 days 00:00:53.142000,10536,294,8,100,False,0,car,3223.2499999999977,0.618114054579859,1716.0278002050482,-3572.96778041943,-230.12594937159602,car,0 days 01:10:30.696000
2024-12-08 13:17:18.153,0 days 01:10:30.936000,0 days 00:00:53.382000,10614,297,8,100,False,0,car,3243.0499999999975,0.6219110477639685,1882.3965180681596,-3710.126495247553,-229.8585118975656,car,0 days 01:10:30.936000
2024-12-08 13:17:18.393,0 days 01:10:31.176000,0 days 00:00:53.622000,10663,297,8,100,False,0,car,3262.8499999999976,0.6257080409480782,2017.852366358141,-3819.0933746759283,-228.32847680186322,car,0 days 01:10:31.176000
2024-12-08 13:17:18.633,0 days 01:10:31.416000,0 days 00:00:53.862000,10731,299,8,100,False,0,car,3282.783333333331,0.6295306031098585,2164.8982771710475,-3932.0054593976242,-227.94386146986832,car,0 days 01:10:31.416000
2024-12-08 13:17:18.873,0 days 01:10:31.656000,0 days 00:00:54.102000,10718,300,8,100,False,0,car,3302.7833333333306,0.6333659497604742,2409.259238073353,-4105.895700815463,-228.9716359979171,car,0 days 01:10:31.656000
2024-12-08 13:17:19.233,0 days 01:10:32.016000,0 days 00:00:54.462000,10794,300,8,100,False,0,car,3332.783333333331,0.6391189697363979,2570.9614314728315,-4214.656239325196,-228.01041384506013,car,0 days 01:10:32.016000
2024-12-08 13:17:19.553,0 days 01:10:32.336000,0 days 00:00:54.782000,10794,300,8,100,False,0,car,3359.449999999997,0.6442327652705521,2795.6539457308218,-4356.976029761079,-229.09221573264114,car,0 days 01:10:32.336000
2024-12-08 13:17:19.713,0 days 01:10:32.496000,0 days 00:00:54.942000,10772,300,8,100,False,0,car,3372.7833333333306,0.6467896630376293,2922.1917045523737,-4432.390927407364,-228.75030339005187,car,0 days 01:10:32.496000
2024-12-08 13:17:20.113,0 days 01:10:32.896000,0 days 00:00:55.342000,10718,301,8,100,False,0,car,3406.227777777775,0.6532032149367145,3213.9036995984825,-4588.959638777365,-229.9848916044337,car,0 days 01:10:32.896000
2024-12-08 13:17:20.353,0 days 01:10:33.136000,0 days 00:00:55.582000,10718,300,8,100,False,0,car,3426.227777777775,0.6570385615873302,3380.6134480231995,-4668.130389862345,-230.1076171584388,car,0 days 01:10:33.136000
2024-12-08 13:17:20.513,0 days 01:10:33.296000,0 days 00:00:55.742000,10677,300,8,100,False,0,car,3439.561111111108,0.6595954593544073,3515.4626548225524,-4728.740619501311,-230.9673363140067,car,0 days 01:10:33.296000
2024-12-08 13:17:20.833,0 days 01:10:33.616000,0 days 00:00:56.062000,10636,298,8,100,False,0,car,3466.049999999997,0.664675162918334,3777.442957490639,-4844.332413968785,-229.8723696907801,car,0 days 01:10:33.616000
2024-12-08 13:17:20.993,0 days 01:10:33.776000,0 days 00:00:56.222000,10609,298,8,100,False,0,car,3479.2944444444415,0.6672150147002973,3935.22075113925,-4913.138754281412,-230.05482321256608,car,0 days 01:10:33.776000
2024-12-08 13:17:21.153,0 days 01:10:33.936000,0 days 00:00:56.382000,10580,297,8,41,False,0,car,3492.4944444444413,0.6697463434897036,4042.881407664205,-4958.622838535512,-230.84809374102383,car,0 days 01:10:33.936000
2024-12-08 13:17:21.593,0 days 01:10:34.376000,0 days 00:00:56.822000,9637,279,8,0,True,0,car,3526.5944444444417,0.6762856095290035,4349.610997185551,-5081.188040010125,-230.3628813618581,car,0 days 01:10:34.376000
2024-12-08 13:17:21.793,0 days 01:10:34.576000,0 days 00:00:57.022000,8755,258,8,0,True,0,car,3540.9277777777747,0.6790342746286114,4471.4193937624195,-5128.25372846736,-230.00190578899384,car,0 days 01:10:34.576000
2024-12-08 13:17:22.273,0 days 01:10:35.056000,0 days 00:00:57.502000,10114,218,8,0,True,0,car,3569.994444444442,0.6846083117608397,4759.136105976307,-5240.977486206632,-228.93504211652996,car,0 days 01:10:35.056000
2024-12-08 13:17:22.433,0 days 01:10:35.216000,0 days 00:00:57.662000,9348,210,7,0,True,0,car,3579.327777777775,0.6863981401977937,4862.726939077595,-5278.800152864916,-229.28244552181698,car,0 days 01:10:35.216000
2024-12-08 13:17:22.633,0 days 01:10:35.416000,0 days 00:00:57.862000,9585,198,6,0,True,0,car,3590.327777777775,0.6885075808556324,5005.393190508851,-5327.279083809528,-229.93610929843325,car,0 days 01:10:35.416000
2024-12-08 13:17:22.873,0 days 01:10:35.656000,0 days 00:00:58.102000,9672,187,5,0,True,0,car,3602.794444444441,0.6908982802678494,5083.730355055793,-5348.926475813879,-230.5252791767563,car,0 days 01:10:35.656000
2024-12-08 13:17:23.153,0 days 01:10:35.936000,0 days 00:00:58.382000,9157,173,5,0,True,0,car,3616.249999999997,0.6934786162644582,5205.829059230938,-5338.177463757345,-231.3294235938514,car,0 days 01:10:35.936000
2024-12-08 13:17:23.473,0 days 01:10:36.256000,0 days 00:00:58.702000,8901,167,5,0,True,0,car,3631.0944444444413,0.6963252957784707,5398.750629819473,-5290.209794392725,-233.39131965658254,car,0 days 01:10:36.256000
2024-12-08 13:17:23.753,0 days 01:10:36.536000,0 days 00:00:58.982000,8478,158,5,5,False,0,car,3643.38333333333,0.6986819032204602,5491.599742756055,-5245.203602297123,-235.38677287314266,car,0 days 01:10:36.536000
2024-12-08 13:17:23.953,0 days 01:10:36.736000,0 days 00:00:59.182000,8239,155,5,16,False,0,car,3651.9944444444413,0.7003332330283641,5531.549477992373,-5224.397295189692,-235.87519030401367,car,0 days 01:10:36.736000
2024-12-08 13:17:24.232,0 days 01:10:37.015000,0 days 00:00:59.461000,8301,152,5,35,False,0,car,3663.774444444441,0.7025922522055769,5678.874508514055,-5073.962467124615,-236.03995939862475,car,0 days 01:10:37.015000
2024-12-08 13:17:24.513,0 days 01:10:37.296000,0 days 00:00:59.742000,8366,153,5,41,False,0,car,3675.716944444441,0.7048824335743258,5748.875144750833,-4968.441241380534,-234.74630798945523,car,0 days 01:10:37.296000
2024-12-08 13:17:24.913,0 days 01:10:37.696000,0 days 00:01:00.142000,8548,156,5,50,False,0,car,3693.0502777777747,0.7082064006715261,5789.095509384177,-4800.324349172041,-231.8244625869261,car,0 days 01:10:37.696000
2024-12-08 13:17:25.233,0 days 01:10:38.016000,0 days 00:01:00.462000,8817,159,5,57,False,0,car,3707.183611111108,0.7109167123046278,5793.689594970372,-4650.508101322777,-228.92312064728148,car,0 days 01:10:38.016000
2024-12-08 13:17:25.473,0 days 01:10:38.256000,0 days 00:01:00.702000,8939,162,5,56,False,0,car,3717.9836111111076,0.7129877994959604,5782.271888117995,-4579.886832006899,-228.04004055461112,car,0 days 01:10:38.256000
2024-12-08 13:17:25.913,0 days 01:10:38.696000,0 days 00:01:01.142000,9217,167,5,56,False,0,car,3738.394722222219,0.7169019838277276,5691.497458712294,-4315.284803955195,-224.13406126464736,car,0 days 01:10:38.696000
2024-12-08 13:17:26.233,0 days 01:10:39.016000,0 days 00:01:01.462000,9398,170,5,57,False,0,car,3753.5058333333304,0.7197998012970819,5655.2417974535365,-4247.381865803432,-222.74650215717628,car,0 days 01:10:39.016000
2024-12-08 13:17:26.553,0 days 01:10:39.336000,0 days 00:01:01.782000,9627,175,5,63,False,0,car,3769.0613888888856,0.7227828486920052,5565.177838661084,-4113.404486238727,-221.9168072421856,car,0 days 01:10:39.336000
2024-12-08 13:17:26.953,0 days 01:10:39.736000,0 days 00:01:02.182000,10092,180,5,80,False,0,car,3789.061388888886,0.726618195342621,5430.941502610213,-3968.8908016866403,-221.98794611810297,car,0 days 01:10:39.736000
2024-12-08 13:17:27.353,0 days 01:10:40.136000,0 days 00:01:02.582000,10715,193,5,95,False,0,car,3810.5058333333304,0.7307305392513367,5196.908808971039,-3841.7949460012424,-222.0094587357096,car,0 days 01:10:40.136000
2024-12-08 13:17:27.553,0 days 01:10:40.336000,0 days 00:01:02.782000,10998,199,5,100,False,0,car,3821.5613888888856,0.7328506336498715,5126.8286803861265,-3816.643111300766,-222.2731722882645,car,0 days 01:10:40.336000
2024-12-08 13:17:27.793,0 days 01:10:40.576000,0 days 00:01:03.022000,11293,205,5,100,False,0,car,3835.2280555555526,0.7354714538611256,5019.864854995068,-3806.4242985481824,-223.02379681893058,car,0 days 01:10:40.576000
2024-12-08 13:17:28.073,0 days 01:10:40.856000,0 days 00:01:03.302000,11607,212,5,100,False,0,car,3851.7169444444417,0.7386334840997444,4726.987481303225,-3777.3191766058562,-223.04770753168367,car,0 days 01:10:40.856000
2024-12-08 13:17:28.273,0 days 01:10:41.056000,0 days 00:01:03.502000,10290,217,5,100,False,0,car,3863.7724999999973,0.74094534583081,4608.6390607862295,-3756.695296070151,-223.6491278774433,car,0 days 01:10:41.056000
2024-12-08 13:17:28.633,0 days 01:10:41.416000,0 days 00:01:03.862000,10859,226,6,100,False,0,car,3886.372499999997,0.7452792875460058,4394.810104889131,-3717.8511944319375,-225.13547665832868,car,0 days 01:10:41.416000
2024-12-08 13:17:28.914,0 days 01:10:41.697000,0 days 00:01:04.143000,11148,232,6,100,False,0,car,3904.481388888886,0.7487519808633244,4145.221712826046,-3689.031627253938,-227.17256004562827,car,0 days 01:10:41.697000
2024-12-08 13:17:29.113,0 days 01:10:41.896000,0 days 00:01:04.342000,11276,237,6,100,False,0,car,3917.5822222222196,0.7512642927255881,4103.311314525189,-3686.0997816511026,-226.99215206225676,car,0 days 01:10:41.896000
2024-12-08 13:17:29.393,0 days 01:10:42.176000,0 days 00:01:04.622000,11450,237,6,100,False,0,car,3936.015555555553,0.7547992038885724,3814.71141207,-3663.3847490000394,-229.24085889461094,car,0 days 01:10:42.176000
2024-12-08 13:17:29.793,0 days 01:10:42.576000,0 days 00:01:05.022000,10952,249,6,100,False,0,car,3963.68222222222,0.7601047667552575,3640.8693694225212,-3650.0566007514753,-229.85025374692077,car,0 days 01:10:42.576000
2024-12-08 13:17:30.273,0 days 01:10:43.056000,0 days 00:01:05.502000,10578,257,7,100,False,0,car,3997.948888888886,0.7666759940166457,3278.66894531381,-3620.502058584711,-232.09251198799075,car,0 days 01:10:43.056000
2024-12-08 13:17:30.514,0 days 01:10:43.297000,0 days 00:01:05.743000,10844,260,7,100,False,0,car,4015.3544444444415,0.770013810976751,3048.860168469219,-3593.38016723828,-231.97156575134835,car,0 days 01:10:43.297000
2024-12-08 13:17:30.713,0 days 01:10:43.496000,0 days 00:01:05.942000,10872,263,7,100,False,0,car,4029.8924999999967,0.7728017351108242,2967.033098758426,-3576.062928855942,-231.99223395818615,car,0 days 01:10:43.496000
2024-12-08 13:17:30.952,0 days 01:10:43.735000,0 days 00:01:06.181000,10951,264,7,100,False,0,car,4047.419166666664,0.7761627772256472,2817.4156175984194,-3527.164802870092,-231.99922569941842,car,0 days 01:10:43.735000
2024-12-08 13:17:31.113,0 days 01:10:43.896000,0 days 00:01:06.342000,10905,264,7,100,False,0,car,4059.2258333333307,0.778426910198394,2714.5331333707873,-3484.105634371589,-232.01560488454746,car,0 days 01:10:43.896000
2024-12-08 13:17:31.473,0 days 01:10:44.256000,0 days 00:01:06.702000,10989,266,7,100,False,0,car,4085.8258333333306,0.7835279212437131,2420.0275337593657,-3318.8337999785576,-232.04022268993845,car,0 days 01:10:44.256000
2024-12-08 13:17:31.673,0 days 01:10:44.456000,0 days 00:01:06.902000,11054,267,7,100,False,0,car,4100.6591666666645,0.7863724700095864,2330.695965165463,-3262.106490849357,-232.92844687196106,car,0 days 01:10:44.456000
2024-12-08 13:17:31.913,0 days 01:10:44.696000,0 days 00:01:07.142000,11048,267,7,97,False,0,car,4118.459166666664,0.7897859285286344,2196.198081594299,-3165.075356627507,-232.28752078313482,car,0 days 01:10:44.696000
2024-12-08 13:17:32.273,0 days 01:10:45.056000,0 days 00:01:07.502000,10586,264,7,0,False,0,car,4144.859166666663,0.794848586107447,1988.1220349023056,-2994.7854176975156,-231.94708588265436,car,0 days 01:10:45.056000
2024-12-08 13:17:32.473,0 days 01:10:45.256000,0 days 00:01:07.702000,10377,256,7,0,False,0,car,4159.081388888886,0.7975759437256628,1842.5252372756895,-2829.8370951242255,-231.00352019615292,car,0 days 01:10:45.256000
2024-12-08 13:17:32.673,0 days 01:10:45.456000,0 days 00:01:07.902000,10238,251,7,0,False,0,car,4173.02583333333,0.8002500326403976,1796.0834585733623,-2764.442995332281,-231.71351258094467,car,0 days 01:10:45.456000
2024-12-08 13:17:33.033,0 days 01:10:45.816000,0 days 00:01:08.262000,9780,245,7,0,True,0,car,4197.52583333333,0.8049483322874019,1700.6720398115444,-2557.055809970868,-232.0765057862656,car,0 days 01:10:45.816000
2024-12-08 13:17:33.193,0 days 01:10:45.976000,0 days 00:01:08.422000,9472,235,7,0,True,0,car,4207.970277777775,0.806951235538279,1661.0687335880045,-2425.881212306608,-232.6155937927067,car,0 days 01:10:45.976000
2024-12-08 13:17:33.393,0 days 01:10:46.176000,0 days 00:01:08.622000,8637,217,7,0,True,0,car,4220.02583333333,0.8092630972693446,1629.0477370158474,-2299.9955332447653,-233.0640199681382,car,0 days 01:10:46.176000
2024-12-08 13:17:33.633,0 days 01:10:46.416000,0 days 00:01:08.862000,8234,197,7,0,True,0,car,4233.159166666664,0.8117816415699156,1610.6095565043443,-2206.319312331305,-232.9947713079819,car,0 days 01:10:46.416000
2024-12-08 13:17:33.833,0 days 01:10:46.616000,0 days 00:01:09.062000,8707,182,7,0,True,0,car,4243.270277777775,0.8137206223766158,1593.2252724455873,-2104.4756697485664,-232.99849127565642,car,0 days 01:10:46.616000
2024-12-08 13:17:34.113,0 days 01:10:46.896000,0 days 00:01:09.342000,9468,156,5,0,True,0,car,4255.403611111108,0.816047399344656,1578.7321317115398,-1981.4490879623859,-233.0651888666191,car,0 days 01:10:46.896000
2024-12-08 13:17:34.593,0 days 01:10:47.376000,0 days 00:01:09.822000,9028,129,4,0,True,0,car,4272.603611111108,0.8193457974641855,1575.5859118542398,-1789.9069142872688,-231.89485959278986,car,0 days 01:10:47.376000
2024-12-08 13:17:35.033,0 days 01:10:47.816000,0 days 00:01:10.262000,7972,117,3,0,True,0,car,4286.903611111108,0.8220880703193758,1591.1610375096886,-1648.0905440935057,-231.00631667953388,car,0 days 01:10:47.816000
2024-12-08 13:17:35.353,0 days 01:10:48.136000,0 days 00:01:10.582000,7580,104,3,0,True,0,car,4296.148055555553,0.823860852771216,1616.5479187546523,-1558.8646889687964,-230.9900454232948,car,0 days 01:10:48.136000
2024-12-08 13:17:35.553,0 days 01:10:48.336000,0 days 00:01:10.782000,7116,102,3,0,True,0,car,4301.81472222222,0.8249475343222238,1662.5861390968364,-1488.7369763838735,-232.40781563506494,car,0 days 01:10:48.336000
2024-12-08 13:17:35.793,0 days 01:10:48.576000,0 days 00:01:11.022000,7008,97,3,0,False,0,car,4308.281388888887,0.8261876297392563,1716.580894225729,-1434.963647724382,-233.70050919869118,car,0 days 01:10:48.576000
2024-12-08 13:17:35.993,0 days 01:10:48.776000,0 days 00:01:11.222000,6854,95,3,9,False,0,car,4313.559166666664,0.827199735105391,1755.888991415706,-1422.5184050994835,-233.96218100050663,car,0 days 01:10:48.776000
2024-12-08 13:17:36.393,0 days 01:10:49.176000,0 days 00:01:11.622000,7383,97,3,30,False,0,car,4324.336944444442,0.8292665608004451,1871.0715624040274,-1400.883098699613,-233.98714815451052,car,0 days 01:10:49.176000
2024-12-08 13:17:36.593,0 days 01:10:49.376000,0 days 00:01:11.822000,7704,99,3,35,False,0,car,4329.836944444442,0.8303212811293644,1911.511987029578,-1397.139036802715,-234.0779070677854,car,0 days 01:10:49.376000
2024-12-08 13:17:36.753,0 days 01:10:49.536000,0 days 00:01:11.982000,7902,104,3,44,False,0,car,4334.459166666665,0.8312076723552845,1938.828710112287,-1397.8100732232992,-234.04338966266874,car,0 days 01:10:49.536000
2024-12-08 13:17:37.114,0 days 01:10:49.897000,0 days 00:01:12.343000,8590,111,3,53,False,0,car,4345.589999999998,0.8333422025724627,2046.1814683285763,-1404.1163712849493,-232.962031597602,car,0 days 01:10:49.897000
2024-12-08 13:17:37.433,0 days 01:10:50.216000,0 days 00:01:12.662000,9298,117,3,64,False,0,car,4355.957499999999,0.8353303503924757,2151.995543813556,-1414.8708455044407,-232.97974952995241,car,0 days 01:10:50.216000
2024-12-08 13:17:37.633,0 days 01:10:50.416000,0 days 00:01:12.862000,9758,128,3,68,False,0,car,4363.068611111109,0.8366940292015833,2223.007750043569,-1418.614521047791,-233.18935770709157,car,0 days 01:10:50.416000
2024-12-08 13:17:37.913,0 days 01:10:50.696000,0 days 00:01:13.142000,9697,135,3,42,False,0,car,4373.568611111109,0.8387075861931567,2324.0535786986566,-1408.703929931391,-232.03074901191243,car,0 days 01:10:50.696000
2024-12-08 13:17:38.153,0 days 01:10:50.936000,0 days 00:01:13.382000,9575,133,3,12,False,0,car,4382.435277777776,0.840407923208263,2406.496015628444,-1380.3198412719692,-233.11571852599067,car,0 days 01:10:50.936000
2024-12-08 13:17:38.433,0 days 01:10:51.216000,0 days 00:01:13.662000,9463,130,3,0,False,0,car,4392.546388888887,0.8423469040149631,2494.2233486536416,-1327.2033373346271,-232.17448975813372,car,0 days 01:10:51.216000
2024-12-08 13:17:38.793,0 days 01:10:51.576000,0 days 00:01:14.022000,9338,126,3,27,False,0,car,4405.1463888888875,0.8447631724048512,2594.5816498321774,-1247.056366974273,-230.72140411179794,car,0 days 01:10:51.576000
2024-12-08 13:17:39.073,0 days 01:10:51.856000,0 days 00:01:14.302000,9439,126,3,35,False,0,car,4414.946388888888,0.846642492263653,2665.847381161714,-1170.9100105091156,-229.94630162310784,car,0 days 01:10:51.856000
2024-12-08 13:17:39.393,0 days 01:10:52.176000,0 days 00:01:14.622000,9650,129,3,46,False,0,car,4426.413055555554,0.8488414243433392,2728.345060429519,-1058.997306324499,-229.7461065882727,car,0 days 01:10:52.176000
2024-12-08 13:17:39.793,0 days 01:10:52.576000,0 days 00:01:15.022000,10293,137,3,56,False,0,car,4441.6352777777765,0.8517605492940857,2759.119356142228,-927.6085164875055,-228.0808021428812,car,0 days 01:10:52.576000
2024-12-08 13:17:39.953,0 days 01:10:52.736000,0 days 00:01:15.182000,10607,139,3,61,False,0,car,4447.8130555555545,0.8529452452594981,2764.8831372174927,-874.1226139005548,-226.0568279759255,car,0 days 01:10:52.736000
2024-12-08 13:17:40.273,0 days 01:10:53.056000,0 days 00:01:15.502000,10998,148,3,61,False,0,car,4460.96861111111,0.8554680510563475,2776.7357356360226,-755.33440321582,-224.28789770407252,car,0 days 01:10:53.056000
2024-12-08 13:17:40.513,0 days 01:10:53.296000,0 days 00:01:15.742000,9318,150,4,0,True,0,car,4470.96861111111,0.8573857243816554,2776.1300653548187,-625.7279688910653,-227.04863315871006,car,0 days 01:10:53.296000
2024-12-08 13:17:40.793,0 days 01:10:53.576000,0 days 00:01:16.022000,8958,147,4,0,False,0,car,4482.401944444443,0.8595782642169241,2768.093445488588,-508.0153829408198,-229.0867075045507,car,0 days 01:10:53.576000
2024-12-08 13:17:40.953,0 days 01:10:53.736000,0 days 00:01:16.182000,8958,144,4,4,False,0,car,4488.801944444443,0.860805575145121,2759.2479248137965,-469.9582448400158,-229.97973388992403,car,0 days 01:10:53.736000
2024-12-08 13:17:41.193,0 days 01:10:53.976000,0 days 00:01:16.422000,8786,141,4,0,False,0,car,4498.201944444442,0.8626081880709103,2735.1584194957454,-386.0916191374513,-231.49891233999327,car,0 days 01:10:53.976000
2024-12-08 13:17:41.353,0 days 01:10:54.136000,0 days 00:01:16.582000,8517,140,4,0,False,0,car,4504.424166666664,0.8638014070288796,2713.718700293636,-337.20524958416047,-231.90861757847702,car,0 days 01:10:54.136000
2024-12-08 13:17:41.633,0 days 01:10:54.416000,0 days 00:01:16.862000,8555,136,4,16,False,0,car,4515.0019444444415,0.8658298792574275,2607.9010530552287,-200.99519026586842,-231.9977840575955,car,0 days 01:10:54.416000
2024-12-08 13:17:41.993,0 days 01:10:54.776000,0 days 00:01:17.222000,8614,135,4,37,False,0,car,4528.5019444444415,0.8684187382465931,2555.8029827961363,-157.2360579122191,-232.00053947362238,car,0 days 01:10:54.776000
2024-12-08 13:17:42.273,0 days 01:10:55.056000,0 days 00:01:17.502000,8775,138,4,41,False,0,car,4539.235277777775,0.8704770409490903,2462.468226355567,-91.62872633820261,-232.00352188611316,car,0 days 01:10:55.056000
2024-12-08 13:17:42.433,0 days 01:10:55.216000,0 days 00:01:17.662000,9055,139,4,44,False,0,car,4545.413055555553,0.8716617369145027,2409.0971650312795,-63.78501734103988,-231.9938255601778,car,0 days 01:10:55.216000
2024-12-08 13:17:42.753,0 days 01:10:55.536000,0 days 00:01:17.982000,9405,146,4,57,False,0,car,4558.39083333333,0.8741504507411243,2282.793033687391,-21.72950425387786,-232.14812403137066,car,0 days 01:10:55.536000
2024-12-08 13:17:42.953,0 days 01:10:55.736000,0 days 00:01:18.182000,9489,149,4,61,False,0,car,4566.6686111111085,0.8757378581048515,2209.1932286771116,-9.81836205148055,-231.18019279248745,car,0 days 01:10:55.736000
2024-12-08 13:17:43.153,0 days 01:10:55.936000,0 days 00:01:18.382000,10146,154,4,73,False,0,car,4575.224166666664,0.8773785341720594,2098.3843200046326,-10.065403163515505,-231.60257745678376,car,0 days 01:10:55.936000
2024-12-08 13:17:43.553,0 days 01:10:56.336000,0 days 00:01:18.782000,10460,166,4,76,False,0,car,4593.6686111111085,0.8809155760831827,1900.6785382338742,-24.044545721778928,-232.72605126480792,car,0 days 01:10:56.336000
2024-12-08 13:17:43.953,0 days 01:10:56.736000,0 days 00:01:19.182000,11528,180,4,100,False,0,car,4613.6686111111085,0.8847509227337985,1746.2297864242569,-47.83888962101459,-232.0001572901228,car,0 days 01:10:56.736000
2024-12-08 13:17:44.393,0 days 01:10:57.176000,0 days 00:01:19.622000,10624,195,5,100,False,0,car,4637.5019444444415,0.8893213774924489,1485.5799576876952,-86.80059342833937,-232.9837393852186,car,0 days 01:10:57.176000
2024-12-08 13:17:44.633,0 days 01:10:57.416000,0 days 00:01:19.862000,11203,198,5,100,False,0,car,4650.701944444441,0.8918527062818552,1363.7853594390394,-101.95843534271901,-232.23813208448146,car,0 days 01:10:57.416000
2024-12-08 13:17:44.873,0 days 01:10:57.656000,0 days 00:01:20.102000,11506,211,5,100,False,0,car,4664.768611111109,0.8945502334261218,1226.1135207544592,-119.27268517872022,-232.0812973103071,car,0 days 01:10:57.656000
2024-12-08 13:17:45.193,0 days 01:10:57.976000,0 days 00:01:20.422000,10565,219,5,100,False,0,car,4684.235277777775,0.8982833041660544,1036.9368382073183,-145.61372933101097,-232.18127104946242,car,0 days 01:10:57.976000
2024-12-08 13:17:45.433,0 days 01:10:58.216000,0 days 00:01:20.662000,10820,224,6,100,False,0,car,4699.168611111109,0.901147029665181,860.6356049292053,-174.89223538234356,-232.52707929675512,car,0 days 01:10:58.216000
2024-12-08 13:17:45.713,0 days 01:10:58.496000,0 days 00:01:20.942000,11118,232,6,100,False,0,car,4717.213055555553,0.904607364643292,688.529851287393,-205.3798707342307,-232.5102807565617,car,0 days 01:10:58.496000
2024-12-08 13:17:45.913,0 days 01:10:58.696000,0 days 00:01:21.142000,11090,234,6,100,False,0,car,4730.213055555553,0.9071003399661922,596.7037272786617,-221.78170386859895,-230.9005012482466,car,0 days 01:10:58.696000
2024-12-08 13:17:46.233,0 days 01:10:59.016000,0 days 00:01:21.462000,11356,239,6,89,False,0,car,4751.457499999998,0.9111743304084018,337.60628554357413,-255.78347450092647,-227.84986902941003,car,0 days 01:10:59.016000
2024-12-08 13:17:46.433,0 days 01:10:59.216000,0 days 00:01:21.662000,11463,241,6,83,False,0,car,4764.846388888886,0.9137418819161751,194.99996835500292,-262.77187290673965,-225.08440957296597,car,0 days 01:10:59.216000
2024-12-08 13:17:46.673,0 days 01:10:59.456000,0 days 00:01:21.902000,11494,242,6,64,False,0,car,4780.97972222222,0.9168357282143385,87.5848399771136,-249.32717388973754,-223.02479549328865,car,0 days 01:10:59.456000
2024-12-08 13:17:46.873,0 days 01:10:59.656000,0 days 00:01:22.102000,11386,241,6,61,False,0,car,4794.368611111108,0.9194032797221117,-37.418902688021184,-217.1971970793536,-221.35533763873252,car,0 days 01:10:59.656000
2024-12-08 13:17:47.153,0 days 01:10:59.936000,0 days 00:01:22.382000,11322,240,6,58,False,0,car,4813.035277777775,0.9229829365960198,-257.8246580442674,-119.41129000530925,-219.2101738533245,car,0 days 01:10:59.936000
2024-12-08 13:17:47.313,0 days 01:11:00.096000,0 days 00:01:22.542000,11266,239,6,59,False,0,car,4823.6574999999975,0.9250199318171246,-339.9626824533447,-72.54946815365118,-218.67476133483615,car,0 days 01:11:00.096000
2024-12-08 13:17:47.633,0 days 01:11:00.416000,0 days 00:01:22.862000,11368,238,6,64,False,0,car,4844.813055555553,0.9290768762742203,-475.6455957019604,63.411007459536705,-219.71457313740274,car,0 days 01:11:00.416000
2024-12-08 13:17:48.033,0 days 01:11:00.816000,0 days 00:01:23.262000,11445,237,6,80,False,0,car,4871.146388888887,0.9341267493641978,-632.8733559452028,297.175573903164,-218.97233007979102,car,0 days 01:11:00.816000
2024-12-08 13:17:48.313,0 days 01:11:01.096000,0 days 00:01:23.542000,11484,240,6,98,False,0,car,4889.813055555554,0.9377064062381059,-734.2313651510044,465.05342890104464,-219.99672346653009,car,0 days 01:11:01.096000
2024-12-08 13:17:48.633,0 days 01:11:01.416000,0 days 00:01:23.862000,11250,244,6,100,False,0,car,4911.501944444442,0.9418656266058847,-874.8171160598816,697.2954937798683,-220.50952036567034,car,0 days 01:11:01.416000
2024-12-08 13:17:49.033,0 days 01:11:01.816000,0 days 00:01:24.262000,10738,241,6,0,True,0,car,4938.279722222221,0.9470007296214314,-992.3564825025884,934.920510384407,-220.9257285765887,car,0 days 01:11:01.816000
2024-12-08 13:17:49.353,0 days 01:11:02.136000,0 days 00:01:24.582000,8866,218,6,0,True,0,car,4957.657499999998,0.9507167543762503,-1046.726570350527,1065.623586924161,-222.06538252637353,car,0 days 01:11:02.136000
2024-12-08 13:17:49.673,0 days 01:11:02.456000,0 days 00:01:24.902000,9255,173,5,0,True,0,car,4973.035277777776,0.9536657098009459,-1086.500092945144,1221.6345913992386,-220.95265691983144,car,0 days 01:11:02.456000
2024-12-08 13:17:49.953,0 days 01:11:02.736000,0 days 00:01:25.182000,9263,155,4,0,True,0,car,4985.090833333332,0.9559775715320115,-1107.991847108246,1344.1569050231567,-222.0195344993494,car,0 days 01:11:02.736000
2024-12-08 13:17:50.313,0 days 01:11:03.096000,0 days 00:01:25.542000,8499,146,4,0,True,0,car,4999.690833333332,0.9587773745869611,-1119.8066341092033,1491.6790710558316,-222.937762062793,car,0 days 01:11:03.096000
2024-12-08 13:17:50.473,0 days 01:11:03.256000,0 days 00:01:25.702000,8316,146,4,0,True,0,car,5006.179722222221,0.9600217315002719,-1120.1628287584258,1556.5918863345976,-223.036326947754,car,0 days 01:11:03.256000
2024-12-08 13:17:51.433,0 days 01:11:04.216000,0 days 00:01:26.662000,7364,115,4,2,False,0,car,5036.846388888888,0.9659025963645494,-1071.4331448193013,1806.3499647425397,-221.9829267204479,car,0 days 01:11:04.216000
2024-12-08 13:17:51.713,0 days 01:11:04.496000,0 days 00:01:26.942000,7495,114,4,31,False,0,car,5045.713055555554,0.9676029333796556,-1017.920866759019,1882.033312418223,-221.9983419653868,car,0 days 01:11:04.496000
2024-12-08 13:17:52.033,0 days 01:11:04.816000,0 days 00:01:27.262000,7874,117,4,42,False,0,car,5056.113055555555,0.969597313637976,-942.1595118109714,1931.1041474551726,-222.00085636750947,car,0 days 01:11:04.816000
2024-12-08 13:17:52.233,0 days 01:11:05.016000,0 days 00:01:27.462000,8150,117,4,50,False,0,car,5062.613055555555,0.970843801299426,-879.8044691171281,1951.5606399919266,-221.99944392784784,car,0 days 01:11:05.016000
2024-12-08 13:17:52.513,0 days 01:11:05.296000,0 days 00:01:27.742000,8616,127,4,63,False,0,car,5072.490833333332,0.9727380363952024,-779.4677416298099,1969.622350007121,-222.00029967246834,car,0 days 01:11:05.296000
2024-12-08 13:17:52.753,0 days 01:11:05.536000,0 days 00:01:27.982000,8973,136,4,72,False,0,car,5081.557499999999,0.9744767268768149,-688.6277183670205,1977.441475309359,-222.00092465342772,car,0 days 01:11:05.536000
2024-12-08 13:17:52.993,0 days 01:11:05.776000,0 days 00:01:28.222000,9109,143,4,74,False,0,car,5091.090833333332,0.9763049087802749,-598.238917760517,1983.8691498566707,-222.00105704113082,car,0 days 01:11:05.776000
2024-12-08 13:17:53.193,0 days 01:11:05.976000,0 days 00:01:28.422000,9700,151,4,83,False,0,car,5099.4797222222205,0.9779136236253942,-510.6842752280773,1995.3247120169044,-222.0835393050984,car,0 days 01:11:05.976000
2024-12-08 13:17:53.553,0 days 01:11:06.336000,0 days 00:01:28.782000,10901,170,4,97,False,0,car,5116.4797222222205,0.9811736682784177,-355.61489007297604,2015.8356688342717,-223.78161935824068,car,0 days 01:11:06.336000
2024-12-08 13:17:53.793,0 days 01:11:06.576000,0 days 00:01:29.022000,11599,175,4,100,False,0,car,5128.1463888888875,0.9834109538246102,-164.24749481994587,2027.5973990221723,-227.23879396535472,car,0 days 01:11:06.576000
2024-12-08 13:17:53.953,0 days 01:11:06.736000,0 days 00:01:29.182000,10902,180,4,100,False,0,car,5136.1463888888875,0.9849450924848565,-110.15115308361608,2030.4949694999352,-229.0139297308777,car,0 days 01:11:06.736000
2024-12-08 13:17:54.353,0 days 01:11:07.136000,0 days 00:01:29.582000,10768,196,5,100,False,0,car,5157.924166666665,0.9891213588377491,38.632996116201994,2037.171233813906,-234.38505381278333,car,0 days 01:11:07.136000
2024-12-08 13:17:54.553,0 days 01:11:07.336000,0 days 00:01:29.782000,11026,202,5,100,False,0,car,5169.1463888888875,0.9912734144583725,203.5107346259615,2046.1460649420435,-236.71091530839865,car,0 days 01:11:07.336000
2024-12-08 13:17:54.753,0 days 01:11:07.536000,0 days 00:01:29.982000,11366,209,5,100,False,0,car,5180.757499999999,0.9935000462638689,306.7386893794093,2051.5739333330725,-237.7441820721487,car,0 days 01:11:07.536000
2024-12-08 13:17:54.953,0 days 01:11:07.736000,0 days 00:01:30.182000,10806,215,5,100,False,0,car,5192.701944444443,0.9957906005135422,409.35379350241953,2059.8309317345334,-238.98827285920902,car,0 days 01:11:07.736000
2024-12-08 13:17:55.113,0 days 01:11:07.896000,0 days 00:01:30.342000,10458,215,5,100,False,0,car,5202.257499999999,0.9976230439132808,502.704653495156,2071.100791337795,-239.08348306275738,car,0 days 01:11:07.896000
