Date_x,SessionTime_x,Time,RPM_x,Speed_x,nGear_x,Throttle_x,Brake_x,DRS_x,Source_x,Distance,RelativeDistance,X,Y,Z,Source_y,SessionTime_y
2024-05-26 14:02:14.688,0 days 01:54:09.299000,0 days 00:00:00.204000,10916,265,7,100,False,0,car,15.180000000000007,0.004613533030221987,-7677.088545900637,-6411.302306941091,502.82002398273744,car,0 days 01:54:09.299000
2024-05-26 14:02:14.928,0 days 01:54:09.539000,0 days 00:00:00.444000,11054,269,7,89,False,0,car,33.113333333333344,0.010063864102377076,-7679.102242436831,-6249.474910326849,503.04714400656314,car,0 days 01:54:09.539000
2024-05-26 14:02:15.288,0 days 01:54:09.899000,0 days 00:00:00.804000,10441,261,7,0,False,0,car,59.213333333333345,0.017996223265011713,-7667.113282887336,-5979.924281362822,503.01548178699295,car,0 days 01:54:09.899000
2024-05-26 14:02:15.488,0 days 01:54:10.099000,0 days 00:00:01.004000,10262,255,7,0,True,0,car,73.38000000000001,0.022301782197476236,-7656.922401820734,-5840.29902255211,502.24195927851497,car,0 days 01:54:10.099000
2024-05-26 14:02:15.728,0 days 01:54:10.339000,0 days 00:00:01.244000,9918,246,7,0,True,0,car,89.78,0.02728609983223516,-7639.075275231252,-5668.035839322091,503.7349713690169,car,0 days 01:54:10.339000
2024-05-26 14:02:16.048,0 days 01:54:10.659000,0 days 00:00:01.564000,9261,223,7,0,True,0,car,109.60222222222222,0.033310505428718856,-7602.781559303935,-5431.781754575157,517.0467862099991,car,0 days 01:54:10.659000
2024-05-26 14:02:16.328,0 days 01:54:10.939000,0 days 00:00:01.844000,7764,193,7,0,True,0,car,124.61333333333333,0.03787270944264792,-7577.1144597324765,-5312.372145272336,518.3263021924959,car,0 days 01:54:10.939000
2024-05-26 14:02:16.488,0 days 01:54:11.099000,0 days 00:00:02.004000,7706,174,7,0,True,0,car,132.34666666666666,0.04022303808342856,-7559.056480830046,-5231.685863269922,520.8387241226624,car,0 days 01:54:11.099000
2024-05-26 14:02:16.688,0 days 01:54:11.299000,0 days 00:00:02.204000,8016,158,6,0,True,0,car,141.12444444444446,0.04289079616707325,-7536.056478470576,-5136.332510749428,521.040843049045,car,0 days 01:54:11.299000
2024-05-26 14:02:17.088,0 days 01:54:11.699000,0 days 00:00:02.604000,7908,133,6,0,True,0,car,155.90222222222224,0.047382085092702905,-7495.178887666351,-4989.642056631338,525.3030786151704,car,0 days 01:54:11.699000
2024-05-26 14:02:17.408,0 days 01:54:12.019000,0 days 00:00:02.924000,7223,119,4,0,True,0,car,166.48000000000002,0.05059690242894308,-7461.405838300651,-4883.743371125397,529.688723287861,car,0 days 01:54:12.019000
2024-05-26 14:02:17.648,0 days 01:54:12.259000,0 days 00:00:03.164000,6920,114,4,0,False,0,car,174.08,0.05290670816212405,-7435.242470726899,-4813.063081450306,533.7042852952308,car,0 days 01:54:12.259000
2024-05-26 14:02:17.888,0 days 01:54:12.499000,0 days 00:00:03.404000,6833,109,4,0,False,0,car,181.34666666666666,0.05511520662630585,-7387.41272221369,-4725.613515183274,535.9874534488906,car,0 days 01:54:12.499000
2024-05-26 14:02:18.208,0 days 01:54:12.819000,0 days 00:00:03.724000,6746,108,4,11,False,0,car,190.94666666666666,0.0580328559734818,-7326.988998076261,-4670.361295161895,537.2924303192885,car,0 days 01:54:12.819000
2024-05-26 14:02:18.528,0 days 01:54:13.139000,0 days 00:00:04.044000,6740,107,4,32,False,0,car,200.45777777777775,0.060923490048924646,-7241.930117709567,-4637.849279667025,539.8230830577173,car,0 days 01:54:13.139000
2024-05-26 14:02:18.768,0 days 01:54:13.379000,0 days 00:00:04.284000,7186,110,4,48,False,0,car,207.7911111111111,0.06315224996690628,-7166.901340235785,-4617.305383189472,542.7379896019531,car,0 days 01:54:13.379000
2024-05-26 14:02:19.168,0 days 01:54:13.779000,0 days 00:00:04.684000,7787,119,4,69,False,0,car,221.01333333333332,0.0671707716372065,-7060.011822573304,-4601.287568586607,548.2461667202288,car,0 days 01:54:13.779000
2024-05-26 14:02:19.568,0 days 01:54:14.179000,0 days 00:00:05.084000,8801,134,4,85,False,0,car,235.90222222222218,0.07169582965250254,-6864.7516437973845,-4583.065677289792,561.8058744855417,car,0 days 01:54:14.179000
2024-05-26 14:02:19.969,0 days 01:54:14.580000,0 days 00:00:05.485000,9859,150,4,100,False,0,car,252.61055555555555,0.07677385651108572,-6714.276712271109,-4569.669609600457,574.2909074489329,car,0 days 01:54:14.580000
2024-05-26 14:02:20.129,0 days 01:54:14.740000,0 days 00:00:05.645000,10110,159,4,100,False,0,car,259.67722222222216,0.078921570613868,-6676.835254558457,-4566.431268960997,577.5555760345201,car,0 days 01:54:14.740000
2024-05-26 14:02:20.409,0 days 01:54:15.020000,0 days 00:00:05.925000,10766,171,4,100,False,0,car,272.97722222222217,0.08296373064693469,-6533.041063171192,-4547.175592162002,588.9105811301552,car,0 days 01:54:15.020000
2024-05-26 14:02:20.569,0 days 01:54:15.180000,0 days 00:00:06.085000,11183,175,4,100,False,0,car,280.75499999999994,0.08532756692358187,-6363.0306863077485,-4517.355332053722,603.7067339862705,car,0 days 01:54:15.180000
2024-05-26 14:02:20.968,0 days 01:54:15.579000,0 days 00:00:06.484000,11783,189,4,100,False,0,car,301.70249999999993,0.09169396897566191,-6252.088649537684,-4492.014872851646,613.3019380023833,car,0 days 01:54:15.579000
2024-05-26 14:02:21.248,0 days 01:54:15.859000,0 days 00:00:06.764000,11067,199,5,100,False,0,car,317.18027777777775,0.09639800316618984,-6107.118679267478,-4457.268258489463,625.9012084731163,car,0 days 01:54:15.859000
2024-05-26 14:02:21.608,0 days 01:54:16.219000,0 days 00:00:07.124000,11378,210,5,100,False,0,car,338.1802777777777,0.10278036111313722,-5911.284878107235,-4408.99451418344,644.8286246827347,car,0 days 01:54:16.219000
2024-05-26 14:02:21.808,0 days 01:54:16.419000,0 days 00:00:07.324000,11673,215,5,100,False,0,car,350.12472222222215,0.10641053825227398,-5800.15326299829,-4382.024123861335,654.1682557703062,car,0 days 01:54:16.419000
2024-05-26 14:02:22.008,0 days 01:54:16.619000,0 days 00:00:07.524000,10616,219,5,100,False,0,car,362.29138888888883,0.11010825357074353,-5631.407001891995,-4339.26396366777,669.4669218718877,car,0 days 01:54:16.619000
2024-05-26 14:02:22.288,0 days 01:54:16.899000,0 days 00:00:07.804000,10666,227,6,100,False,0,car,379.9469444444444,0.11547416191873264,-5512.560894727411,-4306.262153554252,681.2642976473801,car,0 days 01:54:16.899000
2024-05-26 14:02:22.488,0 days 01:54:17.099000,0 days 00:00:08.004000,10865,230,6,100,False,0,car,392.7247222222221,0.11935760723036729,-5370.139986884182,-4272.357341253997,694.390325902983,car,0 days 01:54:17.099000
2024-05-26 14:02:22.768,0 days 01:54:17.379000,0 days 00:00:08.284000,11149,232,6,100,False,0,car,410.76916666666665,0.12484170739218879,-5113.433835455311,-4217.629073921001,717.6691464032747,car,0 days 01:54:17.379000
2024-05-26 14:02:22.968,0 days 01:54:17.579000,0 days 00:00:08.484000,11301,237,6,100,False,0,car,423.9358333333333,0.1288433445176558,-5062.016982917755,-4213.969599147416,723.3567420232636,car,0 days 01:54:17.579000
2024-05-26 14:02:23.168,0 days 01:54:17.779000,0 days 00:00:08.684000,11471,241,6,100,False,0,car,437.32472222222214,0.1329125198224556,-4946.401173393524,-4204.0012340171,734.0354557675657,car,0 days 01:54:17.779000
2024-05-26 14:02:23.408,0 days 01:54:18.019000,0 days 00:00:08.924000,10948,247,6,100,False,0,car,453.79138888888883,0.13791709891101436,-4782.556330096028,-4188.279888061033,748.8644495095864,car,0 days 01:54:18.019000
2024-05-26 14:02:23.688,0 days 01:54:18.299000,0 days 00:00:09.204000,10285,250,6,100,False,0,car,473.23583333333335,0.14382668960263237,-4597.508796155986,-4152.9516511795555,767.087133817716,car,0 days 01:54:18.299000
2024-05-26 14:02:24.048,0 days 01:54:18.659000,0 days 00:00:09.564000,10527,253,7,100,False,0,car,498.5358333333333,0.151515911319669,-4363.834114986571,-4058.6069202119647,786.9968929268939,car,0 days 01:54:18.659000
2024-05-26 14:02:24.208,0 days 01:54:18.819000,0 days 00:00:09.724000,10566,256,7,100,False,0,car,509.9136111111111,0.15497386610150718,-4259.352681456639,-4005.9544565708607,796.9941587070003,car,0 days 01:54:18.819000
2024-05-26 14:02:24.488,0 days 01:54:19.099000,0 days 00:00:10.004000,10647,257,7,99,False,0,car,529.9024999999999,0.16104892533249043,-4079.607023283986,-3916.1374791874405,812.1117211925605,car,0 days 01:54:19.099000
2024-05-26 14:02:24.768,0 days 01:54:19.379000,0 days 00:00:10.284000,10700,262,7,87,False,0,car,550.2802777777778,0.16724217637730607,-3893.210059617882,-3840.228942095469,826.9649587582153,car,0 days 01:54:19.379000
2024-05-26 14:02:25.128,0 days 01:54:19.739000,0 days 00:00:10.644000,10231,256,7,1,False,0,car,575.8802777777777,0.17502257463644194,-3644.293969541399,-3768.880208007914,844.5550169697808,car,0 days 01:54:19.739000
2024-05-26 14:02:25.328,0 days 01:54:19.939000,0 days 00:00:10.844000,10176,250,7,0,False,0,car,589.7691666666665,0.17924371084474047,-3507.19065029742,-3744.036434192398,852.7299625929948,car,0 days 01:54:19.939000
2024-05-26 14:02:25.608,0 days 01:54:20.219000,0 days 00:00:11.124000,9294,236,7,0,True,0,car,608.1247222222221,0.18482236445762784,-3296.071286068844,-3716.502242692476,860.534640514313,car,0 days 01:54:20.219000
2024-05-26 14:02:25.848,0 days 01:54:20.459000,0 days 00:00:11.364000,8925,228,7,0,True,0,car,623.3247222222221,0.18944197592398979,-3121.3947863956782,-3694.6311858088366,862.3316761660639,car,0 days 01:54:20.459000
2024-05-26 14:02:26.088,0 days 01:54:20.699000,0 days 00:00:11.604000,8917,206,7,0,True,0,car,637.0580555555554,0.19361583540675537,-2973.5279349214284,-3671.552884838613,861.0854659129324,car,0 days 01:54:20.699000
2024-05-26 14:02:26.288,0 days 01:54:20.899000,0 days 00:00:11.804000,9059,197,6,0,True,0,car,648.0024999999998,0.19694209073889463,-2851.963166723896,-3640.531850159049,861.2049755476447,car,0 days 01:54:20.899000
2024-05-26 14:02:26.569,0 days 01:54:21.180000,0 days 00:00:12.085000,8508,189,6,0,True,0,car,662.7549999999999,0.2014256971966252,-2718.0563419320265,-3595.0969777251325,862.219785813224,car,0 days 01:54:21.180000
2024-05-26 14:02:26.969,0 days 01:54:21.580000,0 days 00:00:12.485000,8536,176,6,0,True,0,car,682.3105555555553,0.20736905697790953,-2592.562754821243,-3526.0534395435693,863.6863876998124,car,0 days 01:54:21.580000
2024-05-26 14:02:27.369,0 days 01:54:21.980000,0 days 00:00:12.885000,8155,157,5,0,True,0,car,699.7549999999998,0.21267080405553251,-2453.7735166719663,-3415.9171475866237,864.8865019385125,car,0 days 01:54:21.980000
2024-05-26 14:02:27.529,0 days 01:54:22.140000,0 days 00:00:13.045000,7917,152,5,0,True,0,car,706.5105555555554,0.21472396470724894,-2403.048842919418,-3360.3187004901524,865.9183342268514,car,0 days 01:54:22.140000
2024-05-26 14:02:27.768,0 days 01:54:22.379000,0 days 00:00:13.284000,7639,147,5,0,True,0,car,716.2697222222221,0.217689988275372,-2351.575041624816,-3287.2470439354497,866.0711577427198,car,0 days 01:54:22.379000
2024-05-26 14:02:27.928,0 days 01:54:22.539000,0 days 00:00:13.444000,7629,143,5,0,False,0,car,722.6252777777777,0.21962158020428946,-2321.986341278248,-3231.5560210833864,867.4772285371497,car,0 days 01:54:22.539000
2024-05-26 14:02:28.128,0 days 01:54:22.739000,0 days 00:00:13.644000,7286,140,5,0,False,0,car,730.4030555555554,0.22198541648093661,-2293.7386758253897,-3158.082382153777,868.7457457571098,car,0 days 01:54:22.739000
2024-05-26 14:02:28.448,0 days 01:54:23.059000,0 days 00:00:13.964000,7227,136,5,0,False,0,car,742.4919444444442,0.22565949343663966,-2268.5091265233987,-3037.976479960719,870.2590051904089,car,0 days 01:54:23.059000
2024-05-26 14:02:28.688,0 days 01:54:23.299000,0 days 00:00:14.204000,7248,133,5,15,False,0,car,751.3586111111109,0.22835426679201745,-2263.95837965738,-2962.8557838326915,871.4289978037581,car,0 days 01:54:23.299000
2024-05-26 14:02:28.888,0 days 01:54:23.499000,0 days 00:00:14.404000,7286,133,5,34,False,0,car,758.7474999999998,0.23059991125483228,-2264.212334922313,-2917.6994960291368,871.7144430010201,car,0 days 01:54:23.499000
2024-05-26 14:02:29.128,0 days 01:54:23.739000,0 days 00:00:14.644000,7408,135,5,39,False,0,car,767.7474999999998,0.23333520751780976,-2272.1687272727413,-2833.1232487776924,874.0098685465199,car,0 days 01:54:23.739000
2024-05-26 14:02:29.328,0 days 01:54:23.939000,0 days 00:00:14.844000,7443,135,5,39,False,0,car,775.2474999999998,0.23561462107029096,-2287.080668150065,-2758.1223639525006,872.6224053263425,car,0 days 01:54:23.939000
2024-05-26 14:02:29.648,0 days 01:54:24.259000,0 days 00:00:15.164000,7627,139,5,39,False,0,car,787.6030555555554,0.2393697438411934,-2330.8035438878255,-2632.0561749519,882.5367397576168,car,0 days 01:54:24.259000
2024-05-26 14:02:29.808,0 days 01:54:24.419000,0 days 00:00:15.324000,7636,140,5,38,False,0,car,793.8252777777776,0.2412608128625111,-2368.4434376508266,-2552.8880960653833,883.8088669445015,car,0 days 01:54:24.419000
2024-05-26 14:02:29.968,0 days 01:54:24.579000,0 days 00:00:15.484000,7704,140,5,39,False,0,car,800.0474999999998,0.24315188188382886,-2397.2859061268564,-2498.710071370311,884.3505106708863,car,0 days 01:54:24.579000
2024-05-26 14:02:30.128,0 days 01:54:24.739000,0 days 00:00:15.644000,7704,142,5,38,False,0,car,806.3586111111109,0.2450699661768797,-2418.8371527610793,-2465.9693785584527,884.5697646673411,car,0 days 01:54:24.739000
2024-05-26 14:02:30.328,0 days 01:54:24.939000,0 days 00:00:15.844000,7802,143,5,35,False,0,car,814.3030555555554,0.2474844560880265,-2455.9278927544688,-2412.075413373413,885.6801422235847,car,0 days 01:54:24.939000
2024-05-26 14:02:30.688,0 days 01:54:25.299000,0 days 00:00:16.204000,7509,139,5,1,True,0,car,828.2030555555555,0.25170896920529173,-2574.0291980760576,-2263.460215625588,884.8409176825422,car,0 days 01:54:25.299000
2024-05-26 14:02:30.888,0 days 01:54:25.499000,0 days 00:00:16.404000,7509,134,5,0,True,0,car,835.6474999999999,0.25397149821293974,-2607.0097435991224,-2225.3434054957565,885.5470763870035,car,0 days 01:54:25.499000
2024-05-26 14:02:31.248,0 days 01:54:25.859000,0 days 00:00:16.764000,7509,125,4,0,True,0,car,848.1474999999999,0.2577705208004084,-2673.3367719654216,-2135.5908093822914,886.0414655059061,car,0 days 01:54:25.859000
2024-05-26 14:02:31.608,0 days 01:54:26.219000,0 days 00:00:17.124000,7193,120,4,0,False,0,car,860.1474999999999,0.2614175824843784,-2734.9823546694925,-2002.281246986935,891.2959828908589,car,0 days 01:54:26.219000
2024-05-26 14:02:31.768,0 days 01:54:26.379000,0 days 00:00:17.284000,7440,120,4,2,False,0,car,865.4808333333333,0.26303849878836505,-2748.748931356015,-1950.5219174614608,892.958718177478,car,0 days 01:54:26.379000
2024-05-26 14:02:32.008,0 days 01:54:26.619000,0 days 00:00:17.524000,7282,118,4,23,False,0,car,873.3475000000001,0.26542935033674536,-2747.3818526477694,-1902.5695045669752,892.6665630585385,car,0 days 01:54:26.619000
2024-05-26 14:02:32.288,0 days 01:54:26.899000,0 days 00:00:17.804000,7796,121,4,46,False,0,car,882.7586111111111,0.26828959223148846,-2732.006772164479,-1811.892101165471,895.2396699526414,car,0 days 01:54:26.899000
2024-05-26 14:02:32.568,0 days 01:54:27.179000,0 days 00:00:18.084000,8142,125,4,56,False,0,car,892.4808333333334,0.27124438757729746,-2700.258831619452,-1719.63415548205,895.0116360905065,car,0 days 01:54:27.179000
2024-05-26 14:02:32.808,0 days 01:54:27.419000,0 days 00:00:18.324000,8555,132,4,67,False,0,car,901.2808333333335,0.27391889947887543,-2659.476894457751,-1634.9458853462536,890.0748815523457,car,0 days 01:54:27.419000
2024-05-26 14:02:33.129,0 days 01:54:27.740000,0 days 00:00:18.645000,9395,142,4,77,False,0,car,913.9425000000001,0.27776705609180874,-2558.9523680031753,-1480.422436092524,875.8960163818816,car,0 days 01:54:27.740000
2024-05-26 14:02:33.329,0 days 01:54:27.940000,0 days 00:00:18.845000,9917,150,4,82,False,0,car,922.2758333333334,0.28029973781678785,-2498.934927007488,-1406.937338008272,868.3992809967056,car,0 days 01:54:27.940000
2024-05-26 14:02:33.729,0 days 01:54:28.340000,0 days 00:00:19.245000,10586,167,4,100,False,0,car,940.831388888889,0.2859391757910747,-2407.828792650026,-1304.3743416765342,858.6595182357089,car,0 days 01:54:28.340000
2024-05-26 14:02:34.129,0 days 01:54:28.740000,0 days 00:00:19.645000,10083,183,4,83,False,0,car,961.1647222222223,0.29211891920002375,-2278.998443007675,-1160.22817999438,844.7346439986895,car,0 days 01:54:28.740000
2024-05-26 14:02:34.329,0 days 01:54:28.940000,0 days 00:00:19.845000,10098,187,5,71,False,0,car,971.5536111111111,0.29527632908383106,-2213.3137014939193,-1080.403252208533,837.0412428727667,car,0 days 01:54:28.940000
2024-05-26 14:02:34.768,0 days 01:54:29.379000,0 days 00:00:20.284000,10225,195,5,60,False,0,car,995.3327777777778,0.30250333638605903,-2066.87144199393,-869.9757710239423,816.7603210990644,car,0 days 01:54:29.379000
2024-05-26 14:02:34.928,0 days 01:54:29.539000,0 days 00:00:20.444000,10049,192,5,7,False,0,car,1003.8661111111111,0.30509680247243764,-2036.5155297920744,-824.8918291236716,812.4359242114878,car,0 days 01:54:29.539000
2024-05-26 14:02:35.368,0 days 01:54:29.979000,0 days 00:00:20.884000,9087,176,5,0,True,0,car,1025.3772222222221,0.3116344982318504,-1915.4489833357648,-654.5940537089257,796.8588263873114,car,0 days 01:54:29.979000
2024-05-26 14:02:35.528,0 days 01:54:30.139000,0 days 00:00:21.044000,8674,164,5,0,True,0,car,1032.6661111111111,0.3138497505139655,-1870.4133980811653,-596.137274910944,790.7886699797906,car,0 days 01:54:30.139000
2024-05-26 14:02:35.688,0 days 01:54:30.299000,0 days 00:00:21.204000,8254,149,5,0,True,0,car,1039.2883333333334,0.3158623882580823,-1820.372563347847,-533.1536067455179,785.3578341227332,car,0 days 01:54:30.299000
2024-05-26 14:02:35.848,0 days 01:54:30.459000,0 days 00:00:21.364000,8401,142,5,0,True,0,car,1045.5994444444445,0.3177804725511332,-1769.1128269742358,-470.33058265221314,780.1122546721133,car,0 days 01:54:30.459000
2024-05-26 14:02:36.128,0 days 01:54:30.739000,0 days 00:00:21.644000,8654,124,4,0,True,0,car,1055.243888888889,0.32071162953417565,-1691.3034544494235,-379.18933663759384,771.3202607483693,car,0 days 01:54:30.739000
2024-05-26 14:02:36.368,0 days 01:54:30.979000,0 days 00:00:21.884000,7919,119,3,0,True,0,car,1063.1772222222223,0.3231227425363558,-1655.5134457476058,-338.1625529740817,767.8449295102523,car,0 days 01:54:30.979000
2024-05-26 14:02:36.608,0 days 01:54:31.219000,0 days 00:00:22.124000,6806,99,3,0,True,0,car,1069.7772222222222,0.32512862646253926,-1623.3377549177362,-303.64300979379857,764.5587141389262,car,0 days 01:54:31.219000
2024-05-26 14:02:36.968,0 days 01:54:31.579000,0 days 00:00:22.484000,5925,87,3,0,True,0,car,1078.4772222222223,0.3277727461834175,-1559.7196625095573,-243.85752701990748,755.3525889987936,car,0 days 01:54:31.579000
2024-05-26 14:02:37.208,0 days 01:54:31.819000,0 days 00:00:22.724000,6464,80,2,0,True,0,car,1083.8105555555555,0.3293936624874041,-1516.9193974001666,-215.35918726176416,753.863877844273,car,0 days 01:54:31.819000
2024-05-26 14:02:37.448,0 days 01:54:32.059000,0 days 00:00:22.964000,6350,78,2,0,False,0,car,1089.0105555555556,0.3309740558837911,-1471.4305980471854,-200.06744667084504,750.0373929133962,car,0 days 01:54:32.059000
2024-05-26 14:02:37.608,0 days 01:54:32.219000,0 days 00:00:23.124000,6595,75,2,0,False,0,car,1092.3438888888888,0.3319871285737827,-1435.419050784077,-197.9780604881107,747.0357689609818,car,0 days 01:54:32.219000
2024-05-26 14:02:37.808,0 days 01:54:32.419000,0 days 00:00:23.324000,6279,74,2,0,False,0,car,1096.455,0.3332365848914391,-1398.7114429551464,-204.8423171506082,743.6874539420445,car,0 days 01:54:32.419000
2024-05-26 14:02:38.168,0 days 01:54:32.779000,0 days 00:00:23.684000,6421,74,2,0,False,0,car,1103.855,0.3354856062632206,-1312.785465996235,-252.72500687347562,733.2244992819457,car,0 days 01:54:32.779000
2024-05-26 14:02:38.328,0 days 01:54:32.939000,0 days 00:00:23.844000,5991,72,2,0,False,0,car,1107.055,0.3364581560456126,-1285.4687162689675,-274.0137435710436,730.2364562652893,car,0 days 01:54:32.939000
2024-05-26 14:02:38.648,0 days 01:54:33.259000,0 days 00:00:24.164000,6237,72,2,13,False,0,car,1113.4550000000002,0.3384032556103966,-1265.6918025623822,-305.1915857124642,728.9507260427356,car,0 days 01:54:33.259000
2024-05-26 14:02:38.928,0 days 01:54:33.539000,0 days 00:00:24.444000,6765,76,2,29,False,0,car,1119.3661111111112,0.3401997711806484,-1239.6104291010902,-357.7434275052412,723.3017564940735,car,0 days 01:54:33.539000
2024-05-26 14:02:39.248,0 days 01:54:33.859000,0 days 00:00:24.764000,7498,82,2,39,False,0,car,1126.6550000000002,0.34241502346276353,-1218.902352952464,-427.40344833627705,720.2489637421177,car,0 days 01:54:33.859000
2024-05-26 14:02:39.448,0 days 01:54:34.059000,0 days 00:00:24.964000,7934,87,2,43,False,0,car,1131.4883333333335,0.3438839788632514,-1205.7415248831269,-480.60364798894517,714.7044776760586,car,0 days 01:54:34.059000
2024-05-26 14:02:39.609,0 days 01:54:34.220000,0 days 00:00:25.125000,7550,93,2,49,False,0,car,1135.6475000000003,0.34514804031218854,-1189.4613334914075,-542.2021413249159,709.8671862466717,car,0 days 01:54:34.220000
2024-05-26 14:02:39.809,0 days 01:54:34.420000,0 days 00:00:25.325000,7401,99,3,55,False,0,car,1141.1475000000003,0.34681961025067476,-1176.6912798715434,-588.2284102663878,706.1389838306013,car,0 days 01:54:34.420000
2024-05-26 14:02:40.089,0 days 01:54:34.700000,0 days 00:00:25.605000,8230,111,3,62,False,0,car,1149.7808333333337,0.3494434685177532,-1159.267924442873,-641.4193623945553,702.2609184635594,car,0 days 01:54:34.700000
2024-05-26 14:02:40.369,0 days 01:54:34.980000,0 days 00:00:25.885000,9090,118,3,68,False,0,car,1158.9586111111116,0.3522327953241969,-1128.9944639496287,-725.8444396306869,694.8265302388183,car,0 days 01:54:34.980000
2024-05-26 14:02:40.689,0 days 01:54:35.300000,0 days 00:00:26.205000,8952,125,3,25,True,0,car,1170.0697222222227,0.3556097042908357,-1083.3131631596793,-833.2110174361881,687.2944182930626,car,0 days 01:54:35.300000
2024-05-26 14:02:40.929,0 days 01:54:35.540000,0 days 00:00:26.445000,8335,117,3,0,True,0,car,1177.8697222222227,0.3579802943854162,-1048.8613361215657,-900.939441083234,681.8957012768531,car,0 days 01:54:35.540000
2024-05-26 14:02:41.208,0 days 01:54:35.819000,0 days 00:00:26.724000,7577,102,3,0,True,0,car,1185.7747222222226,0.3603827962697314,-1013.2907912566976,-963.5501331483343,676.0395399630114,car,0 days 01:54:35.819000
2024-05-26 14:02:41.488,0 days 01:54:36.099000,0 days 00:00:27.004000,7341,87,2,0,True,0,car,1192.5413888888893,0.36243933383041443,-964.2894655958685,-1032.2938604194019,670.9455178296529,car,0 days 01:54:36.099000
2024-05-26 14:02:41.768,0 days 01:54:36.379000,0 days 00:00:27.284000,6904,80,2,0,True,0,car,1198.7636111111115,0.3643304028517322,-931.6235292471048,-1068.5813180100868,667.1914969075051,car,0 days 01:54:36.379000
2024-05-26 14:02:42.168,0 days 01:54:36.779000,0 days 00:00:27.684000,6800,70,1,0,True,0,car,1206.5413888888893,0.3666942391283794,-873.2938263341184,-1112.584809356019,661.4303471148949,car,0 days 01:54:36.779000
2024-05-26 14:02:42.528,0 days 01:54:37.139000,0 days 00:00:28.044000,6278,59,1,0,True,0,car,1212.4413888888894,0.3684873777896646,-816.5885721846756,-1131.4711324684286,659.2739068095315,car,0 days 01:54:37.139000
2024-05-26 14:02:42.688,0 days 01:54:37.299000,0 days 00:00:28.204000,5979,56,1,0,True,0,car,1214.9302777777782,0.3692438053981917,-792.2687343999935,-1131.1550638525832,658.051837943611,car,0 days 01:54:37.299000
2024-05-26 14:02:42.968,0 days 01:54:37.579000,0 days 00:00:28.484000,5410,53,1,0,True,0,car,1219.0525000000005,0.37049663862481474,-756.4207751751436,-1116.4365853213367,656.0590491082063,car,0 days 01:54:37.579000
2024-05-26 14:02:43.208,0 days 01:54:37.819000,0 days 00:00:28.724000,5258,52,1,0,False,0,car,1222.5191666666672,0.3715502342224061,-733.9019965729689,-1080.3875615487686,655.9452409462945,car,0 days 01:54:37.819000
2024-05-26 14:02:43.528,0 days 01:54:38.139000,0 days 00:00:29.044000,4848,50,1,0,False,0,car,1226.9636111111115,0.37290099780906155,-730.7871901767728,-1043.8098407472376,652.4024120033557,car,0 days 01:54:38.139000
2024-05-26 14:02:43.888,0 days 01:54:38.499000,0 days 00:00:29.404000,4464,48,1,0,False,0,car,1231.7636111111115,0.37435982248264954,-739.617529932591,-991.7608081899459,644.7717240027926,car,0 days 01:54:38.499000
2024-05-26 14:02:44.048,0 days 01:54:38.659000,0 days 00:00:29.564000,5184,46,1,10,False,0,car,1233.808055555556,0.3749811737325111,-745.4590921468537,-973.8306103109799,644.1191148136861,car,0 days 01:54:38.659000
2024-05-26 14:02:44.408,0 days 01:54:39.019000,0 days 00:00:29.924000,5836,49,1,16,False,0,car,1238.708055555556,0.3764703905867988,-763.9116069109825,-931.196244207791,641.489030634503,car,0 days 01:54:39.019000
2024-05-26 14:02:44.568,0 days 01:54:39.179000,0 days 00:00:30.084000,6066,50,1,18,False,0,car,1240.9302777777782,0.3771457723801266,-775.6613689318156,-911.6336373461037,639.2272419013979,car,0 days 01:54:39.179000
2024-05-26 14:02:44.728,0 days 01:54:39.339000,0 days 00:00:30.244000,6516,54,1,24,False,0,car,1243.3302777777783,0.3778751847169206,-788.2503265183962,-892.545538120077,637.3444825236909,car,0 days 01:54:39.339000
2024-05-26 14:02:45.048,0 days 01:54:39.659000,0 days 00:00:30.564000,7271,61,1,32,False,0,car,1248.7525000000005,0.37952311629264035,-826.4559030032815,-844.9492207936746,630.9088810777725,car,0 days 01:54:39.659000
2024-05-26 14:02:45.328,0 days 01:54:39.939000,0 days 00:00:30.844000,8175,69,1,40,False,0,car,1254.1191666666673,0.381154163323527,-871.7350075926988,-795.8666178761455,623.685123340666,car,0 days 01:54:39.939000
2024-05-26 14:02:45.528,0 days 01:54:40.139000,0 days 00:00:31.044000,8774,75,1,45,False,0,car,1258.285833333334,0.38242050418601653,-881.5515052501983,-786.6670464867244,622.7826818145422,car,0 days 01:54:40.139000
2024-05-26 14:02:45.808,0 days 01:54:40.419000,0 days 00:00:31.324000,7508,86,2,45,False,0,car,1264.974722222223,0.38445340338393313,-921.6767219492156,-744.3397389887358,618.026589019537,car,0 days 01:54:40.419000
2024-05-26 14:02:46.048,0 days 01:54:40.659000,0 days 00:00:31.564000,7600,90,2,7,True,0,car,1270.974722222223,0.3862769342259181,-963.9955831799984,-695.4750049109526,614.5883712252322,car,0 days 01:54:40.659000
2024-05-26 14:02:46.289,0 days 01:54:40.900000,0 days 00:00:31.805000,7438,85,2,0,True,0,car,1276.6650000000006,0.388006333730458,-1009.2170028991428,-629.4230667472718,608.1109368641644,car,0 days 01:54:40.900000
2024-05-26 14:02:46.489,0 days 01:54:41.100000,0 days 00:00:32.005000,7018,82,2,0,True,0,car,1281.2205555555563,0.38939086640677995,-1016.9943353371502,-608.6703736924057,608.1192058474329,car,0 days 01:54:41.100000
2024-05-26 14:02:46.889,0 days 01:54:41.500000,0 days 00:00:32.405000,6608,77,2,0,True,0,car,1289.7761111111117,0.3919910863110918,-1028.277389687632,-528.6109400146254,604.3174972129741,car,0 days 01:54:41.500000
2024-05-26 14:02:47.129,0 days 01:54:41.740000,0 days 00:00:32.645000,6397,75,2,0,False,0,car,1294.7761111111117,0.3935106953460793,-1018.6219578703366,-480.5875300316615,601.1189443006247,car,0 days 01:54:41.740000
2024-05-26 14:02:47.529,0 days 01:54:42.140000,0 days 00:00:33.045000,6302,74,2,5,False,0,car,1302.998333333334,0.396009607981392,-975.0497072485872,-405.59797281024305,590.3724407676949,car,0 days 01:54:42.140000
2024-05-26 14:02:47.729,0 days 01:54:42.340000,0 days 00:00:33.245000,6588,74,2,16,False,0,car,1307.109444444445,0.3972590642990484,-947.5006193949375,-379.31714901538123,589.2532144920773,car,0 days 01:54:42.340000
2024-05-26 14:02:47.888,0 days 01:54:42.499000,0 days 00:00:33.404000,6599,77,2,21,False,0,car,1310.5102777777784,0.3982926517110124,-920.8530216523567,-358.6765036797393,587.6323405166489,car,0 days 01:54:42.499000
2024-05-26 14:02:48.128,0 days 01:54:42.739000,0 days 00:00:33.644000,7155,80,2,31,False,0,car,1315.8436111111116,0.399913568014999,-877.0954127982125,-329.410589221199,581.1224758445521,car,0 days 01:54:42.739000
2024-05-26 14:02:48.328,0 days 01:54:42.939000,0 days 00:00:33.844000,7518,81,2,37,False,0,car,1320.3436111111116,0.40128121614648776,-836.9598394393727,-307.3349444735199,578.2132857554699,car,0 days 01:54:42.939000
2024-05-26 14:02:48.568,0 days 01:54:43.179000,0 days 00:00:34.084000,7925,85,2,44,False,0,car,1326.0102777777784,0.40300343971947356,-776.3029176870411,-277.1856077836094,570.3179637550419,car,0 days 01:54:43.179000
2024-05-26 14:02:48.808,0 days 01:54:43.419000,0 days 00:00:34.324000,8318,94,2,47,False,0,car,1332.2769444444448,0.4049080163766578,-696.3756940698447,-242.72875786642606,564.6417411034352,car,0 days 01:54:43.419000
2024-05-26 14:02:48.968,0 days 01:54:43.579000,0 days 00:00:34.484000,9168,101,2,56,False,0,car,1336.7658333333338,0.40627228759917994,-644.7232709786206,-223.07938554670767,561.5404413291778,car,0 days 01:54:43.579000
2024-05-26 14:02:49.128,0 days 01:54:43.739000,0 days 00:00:34.644000,9715,109,2,63,False,0,car,1341.6102777777783,0.4077446199086345,-597.6100446582544,-206.81446615333243,559.0100910677969,car,0 days 01:54:43.739000
2024-05-26 14:02:49.288,0 days 01:54:43.899000,0 days 00:00:34.804000,9238,112,2,27,True,0,car,1346.5880555555561,0.4092574751256887,-559.6652368845241,-194.48016545865116,557.2212067001741,car,0 days 01:54:43.899000
2024-05-26 14:02:49.648,0 days 01:54:44.259000,0 days 00:00:35.164000,8213,100,2,0,True,0,car,1356.5880555555561,0.41229669319566364,-488.83020415505945,-177.25923918364094,554.8722214698087,car,0 days 01:54:44.259000
2024-05-26 14:02:49.928,0 days 01:54:44.539000,0 days 00:00:35.444000,7390,89,2,0,True,0,car,1363.5102777777784,0.4144005074818797,-412.8733502036203,-167.92678078400454,551.7382891700825,car,0 days 01:54:44.539000
2024-05-26 14:02:50.168,0 days 01:54:44.779000,0 days 00:00:35.684000,6896,85,2,0,True,0,car,1369.1769444444449,0.4161227310548654,-350.0535621672688,-175.12852193290627,548.3921045291899,car,0 days 01:54:44.779000
2024-05-26 14:02:50.408,0 days 01:54:45.019000,0 days 00:00:35.924000,6761,82,2,0,False,0,car,1374.6436111111116,0.41778417026645176,-299.48250583712866,-197.7019704373534,546.013404180479,car,0 days 01:54:45.019000
2024-05-26 14:02:50.648,0 days 01:54:45.259000,0 days 00:00:36.164000,6638,79,2,0,False,0,car,1379.9102777777782,0.41938482511663855,-271.7914884469766,-223.1058114036083,546.0983054110831,car,0 days 01:54:45.259000
2024-05-26 14:02:50.928,0 days 01:54:45.539000,0 days 00:00:36.444000,6550,78,2,1,False,0,car,1385.9769444444448,0.42122861741242335,-239.4119615389022,-276.2525937770592,545.0808235799817,car,0 days 01:54:45.539000
2024-05-26 14:02:51.208,0 days 01:54:45.819000,0 days 00:00:36.724000,6832,77,2,18,False,0,car,1391.9658333333336,0.42304877134544167,-216.11948379370088,-333.61459827118273,544.9990551271206,car,0 days 01:54:45.819000
2024-05-26 14:02:51.368,0 days 01:54:45.979000,0 days 00:00:36.884000,7053,79,2,25,False,0,car,1395.4769444444448,0.42411587457889954,-208.03083248143602,-363.76928139648976,545.0022948237819,car,0 days 01:54:45.979000
2024-05-26 14:02:51.568,0 days 01:54:46.179000,0 days 00:00:37.084000,7322,81,2,31,False,0,car,1399.9769444444448,0.42548352271038825,-198.66970287355514,-404.53880817629323,544.998394000702,car,0 days 01:54:46.179000
2024-05-26 14:02:51.808,0 days 01:54:46.419000,0 days 00:00:37.324000,7943,88,2,47,False,0,car,1405.8436111111114,0.42726653064477355,-189.54801093198418,-465.75933268066757,544.999814972596,car,0 days 01:54:46.419000
2024-05-26 14:02:52.048,0 days 01:54:46.659000,0 days 00:00:37.564000,8694,91,2,55,False,0,car,1411.910277777778,0.42911032294055834,-187.02222314153178,-508.23991793964245,545.001572705123,car,0 days 01:54:46.659000
2024-05-26 14:02:52.208,0 days 01:54:46.819000,0 days 00:00:37.724000,9114,101,2,63,False,0,car,1416.3991666666668,0.4304745941630804,-185.491008001574,-569.3811604786767,545.0045833130473,car,0 days 01:54:46.819000
2024-05-26 14:02:52.368,0 days 01:54:46.979000,0 days 00:00:37.884000,9797,105,2,69,False,0,car,1421.0658333333336,0.43189289592906877,-184.9249103750837,-614.7934442615652,544.9945894702937,car,0 days 01:54:46.979000
2024-05-26 14:02:52.568,0 days 01:54:47.179000,0 days 00:00:38.084000,10594,114,2,76,False,0,car,1427.399166666667,0.4338177340400529,-185.9768155331058,-651.5468127513635,544.9992395080901,car,0 days 01:54:47.179000
2024-05-26 14:02:52.849,0 days 01:54:47.460000,0 days 00:00:38.365000,11437,129,2,87,False,0,car,1437.4683333333337,0.4368779733683452,-192.8464893879007,-745.3319285870223,544.9506069658004,car,0 days 01:54:47.460000
2024-05-26 14:02:53.329,0 days 01:54:47.940000,0 days 00:00:38.845000,10990,154,3,100,False,0,car,1458.001666666667,0.4431185011386938,-218.0201468261693,-979.3374744250646,543.2504967662496,car,0 days 01:54:47.940000
2024-05-26 14:02:53.569,0 days 01:54:48.180000,0 days 00:00:39.085000,11742,159,3,100,False,0,car,1468.6016666666671,0.44634007229286726,-228.4577217371521,-1067.1285990532028,542.9552860743897,car,0 days 01:54:48.180000
2024-05-26 14:02:53.729,0 days 01:54:48.340000,0 days 00:00:39.245000,10860,172,4,100,False,0,car,1476.2461111111115,0.44866338566191477,-234.76781070734557,-1122.939257647299,542.9254370676174,car,0 days 01:54:48.340000
2024-05-26 14:02:53.969,0 days 01:54:48.580000,0 days 00:00:39.485000,11553,176,4,100,False,0,car,1487.9794444444449,0.4522294015306854,-247.16334385539773,-1240.279032369061,543.0079638389808,car,0 days 01:54:48.580000
2024-05-26 14:02:54.369,0 days 01:54:48.980000,0 days 00:00:39.885000,10786,196,5,100,False,0,car,1509.7572222222225,0.4588481431052975,-276.88943605935543,-1518.2231741345688,542.3600260330008,car,0 days 01:54:48.980000
2024-05-26 14:02:54.688,0 days 01:54:49.299000,0 days 00:00:40.204000,11297,208,5,100,False,0,car,1528.1883333333337,0.464449759699158,-290.17768828325444,-1642.7368103824904,541.8985949247327,car,0 days 01:54:49.299000
2024-05-26 14:02:54.928,0 days 01:54:49.539000,0 days 00:00:40.444000,11550,213,5,100,False,0,car,1542.3883333333338,0.4687654493585225,-316.0688705916853,-1759.8313440374222,542.009547284698,car,0 days 01:54:49.539000
2024-05-26 14:02:55.208,0 days 01:54:49.819000,0 days 00:00:40.724000,11832,221,5,100,False,0,car,1559.5772222222222,0.47398952752991264,-376.78788517903934,-1987.8516470344048,542.0053701178506,car,0 days 01:54:49.819000
2024-05-26 14:02:55.568,0 days 01:54:50.179000,0 days 00:00:41.084000,10935,229,6,100,False,0,car,1582.4772222222225,0.4809493369101554,-422.26295332333797,-2121.626345109327,541.7450412071051,car,0 days 01:54:50.179000
2024-05-26 14:02:55.848,0 days 01:54:50.459000,0 days 00:00:41.364000,11283,236,6,100,False,0,car,1600.8327777777777,0.48652799052304263,-487.70755458163296,-2302.1229790221723,540.9960113554062,car,0 days 01:54:50.459000
2024-05-26 14:02:56.168,0 days 01:54:50.779000,0 days 00:00:41.684000,11485,241,6,100,False,0,car,1622.2549999999999,0.4930386710107223,-566.8670033210657,-2498.1592310893775,541.0021051738881,car,0 days 01:54:50.779000
2024-05-26 14:02:56.368,0 days 01:54:50.979000,0 days 00:00:41.884000,11632,244,6,100,False,0,car,1635.8105555555555,0.4971584999500217,-624.6754897818212,-2633.758417720932,540.9991642304898,car,0 days 01:54:50.979000
2024-05-26 14:02:56.608,0 days 01:54:51.219000,0 days 00:00:42.124000,10372,250,6,92,False,0,car,1652.4772222222223,0.50222386339998,-723.0372714420914,-2837.252646259387,540.9946668004374,car,0 days 01:54:51.219000
2024-05-26 14:02:56.848,0 days 01:54:51.459000,0 days 00:00:42.364000,10390,251,7,82,False,0,car,1669.2105555555552,0.507309488303738,-771.5582659462282,-2930.212506941077,540.8701950642045,car,0 days 01:54:51.459000
2024-05-26 14:02:57.168,0 days 01:54:51.779000,0 days 00:00:42.684000,10375,253,7,70,False,0,car,1691.699444444444,0.514144352052215,-949.2107235065313,-3153.655400622458,541.7833014954251,car,0 days 01:54:51.779000
2024-05-26 14:02:57.368,0 days 01:54:51.979000,0 days 00:00:42.884000,10378,253,7,71,False,0,car,1705.7549999999997,0.5184161418950132,-1037.7535695074284,-3252.593817025816,542.0897606848187,car,0 days 01:54:51.979000
2024-05-26 14:02:57.528,0 days 01:54:52.139000,0 days 00:00:43.044000,10382,252,7,77,False,0,car,1716.9549999999995,0.521820066133385,-1079.6661772702964,-3285.6671224390625,542.0008672053497,car,0 days 01:54:52.139000
2024-05-26 14:02:57.728,0 days 01:54:52.339000,0 days 00:00:43.244000,10398,253,7,90,False,0,car,1731.0105555555551,0.5260918559761831,-1179.9952877804976,-3360.611775406661,542.0902013538732,car,0 days 01:54:52.339000
2024-05-26 14:02:58.008,0 days 01:54:52.619000,0 days 00:00:43.524000,10513,256,7,99,False,0,car,1750.9216666666664,0.5321432768444,-1386.6853848482422,-3480.351229891032,541.3558365765776,car,0 days 01:54:52.619000
2024-05-26 14:02:58.248,0 days 01:54:52.859000,0 days 00:00:43.764000,10696,259,7,100,False,0,car,1768.1883333333333,0.5373909933785569,-1572.514456849763,-3570.9575827259623,540.3738260398607,car,0 days 01:54:52.859000
2024-05-26 14:02:58.408,0 days 01:54:53.019000,0 days 00:00:43.924000,10731,261,7,100,False,0,car,1779.788333333333,0.5409164863397277,-1683.5850517544166,-3622.356679835202,539.9506888103522,car,0 days 01:54:53.019000
2024-05-26 14:02:58.568,0 days 01:54:53.179000,0 days 00:00:44.084000,10848,263,7,100,False,0,car,1791.477222222222,0.5444689945726319,-1771.7403877201887,-3664.39532215711,540.1487967132459,car,0 days 01:54:53.179000
2024-05-26 14:02:58.848,0 days 01:54:53.459000,0 days 00:00:44.364000,10922,267,7,100,False,0,car,1812.2438888888883,0.5507804374312797,-1908.391752008364,-3733.6211825185883,541.0659806729886,car,0 days 01:54:53.459000
2024-05-26 14:02:59.168,0 days 01:54:53.779000,0 days 00:00:44.684000,11140,269,7,100,False,0,car,1836.1549999999993,0.5580475455274865,-2160.6998921813656,-3861.1296433857233,540.9301114654301,car,0 days 01:54:53.779000
2024-05-26 14:02:59.449,0 days 01:54:54.060000,0 days 00:00:44.965000,11258,275,7,100,False,0,car,1857.6202777777776,0.564571311537412,-2339.4255204531273,-3951.312335953127,541.5813245356236,car,0 days 01:54:54.060000
2024-05-26 14:02:59.729,0 days 01:54:54.340000,0 days 00:00:45.245000,11245,277,7,53,False,0,car,1879.1647222222216,0.5711191380237246,-2662.374359195653,-4092.041097180064,543.1619469840984,car,0 days 01:54:54.340000
2024-05-26 14:02:59.929,0 days 01:54:54.540000,0 days 00:00:45.445000,11161,273,7,0,False,0,car,1894.3313888888886,0.5757286187631867,-2720.953237891106,-4115.118122044212,543.2722537647581,car,0 days 01:54:54.540000
2024-05-26 14:03:00.129,0 days 01:54:54.740000,0 days 00:00:45.645000,10900,267,7,0,False,0,car,1909.164722222222,0.5802367922336497,-2844.620048908334,-4158.959965229478,542.3046069703153,car,0 days 01:54:54.740000
2024-05-26 14:03:00.569,0 days 01:54:55.180000,0 days 00:00:46.085000,9888,248,7,0,True,0,car,1939.475833333333,0.5894489998946403,-3135.212653800637,-4245.545258495015,538.8336226130676,car,0 days 01:54:55.180000
2024-05-26 14:03:00.969,0 days 01:54:55.580000,0 days 00:00:46.485000,8785,221,7,0,True,0,car,1964.0313888888884,0.5969119687109121,-3386.876793135034,-4297.768785909873,529.4179336085718,car,0 days 01:54:55.580000
2024-05-26 14:03:01.249,0 days 01:54:55.860000,0 days 00:00:46.765000,7778,194,7,0,True,0,car,1979.1202777777773,0.6014978110876077,-3534.6598386324263,-4318.839740109613,521.9991898478517,car,0 days 01:54:55.860000
2024-05-26 14:03:01.488,0 days 01:54:56.099000,0 days 00:00:47.004000,7798,170,7,0,True,0,car,1990.4063888888884,0.604927906370471,-3682.988138712278,-4335.104830679678,514.4965292286508,car,0 days 01:54:56.099000
2024-05-26 14:03:01.688,0 days 01:54:56.299000,0 days 00:00:47.204000,7705,154,6,0,True,0,car,1998.961944444444,0.607528126274783,-3798.2482068195723,-4346.753419483507,508.69277601522225,car,0 days 01:54:56.299000
2024-05-26 14:03:01.968,0 days 01:54:56.579000,0 days 00:00:47.484000,7951,141,5,0,True,0,car,2009.9286111111107,0.6108611354248555,-3866.55801327376,-4354.565411754328,505.5499269021067,car,0 days 01:54:56.579000
2024-05-26 14:03:02.208,0 days 01:54:56.819000,0 days 00:00:47.724000,8171,128,5,0,True,0,car,2018.4619444444438,0.6134546015112341,-3948.341183444037,-4363.924037108013,502.0256801535301,car,0 days 01:54:56.819000
2024-05-26 14:03:02.568,0 days 01:54:57.179000,0 days 00:00:48.084000,7322,107,3,0,True,0,car,2029.161944444444,0.6167065648461074,-4078.460935017253,-4389.798518526696,497.30483765137024,car,0 days 01:54:57.179000
2024-05-26 14:03:02.848,0 days 01:54:57.459000,0 days 00:00:48.364000,6654,95,3,0,True,0,car,2036.5508333333328,0.6189522093089221,-4130.85484550685,-4412.370735386472,494.6391924205167,car,0 days 01:54:57.459000
2024-05-26 14:03:03.248,0 days 01:54:57.859000,0 days 00:00:48.764000,5695,85,3,0,True,0,car,2045.9952777777773,0.6218225819305652,-4170.978421424139,-4462.862444375039,492.9070854205386,car,0 days 01:54:57.859000
2024-05-26 14:03:03.488,0 days 01:54:58.099000,0 days 00:00:49.004000,5421,79,3,0,True,0,car,2051.261944444444,0.623423236780752,-4198.869975660069,-4509.008843807629,491.42769653496225,car,0 days 01:54:58.099000
2024-05-26 14:03:03.848,0 days 01:54:58.459000,0 days 00:00:49.364000,5421,74,3,0,True,0,car,2058.661944444444,0.6256722581525335,-4241.025211795677,-4576.263615937029,490.03583553582445,car,0 days 01:54:58.459000
2024-05-26 14:03:04.008,0 days 01:54:58.619000,0 days 00:00:49.524000,4886,68,3,0,True,0,car,2061.6841666666664,0.6265907773914593,-4260.655057417596,-4600.07868735468,490.00350826047645,car,0 days 01:54:58.619000
2024-05-26 14:03:04.168,0 days 01:54:58.779000,0 days 00:00:49.684000,4585,68,3,0,True,0,car,2064.706388888889,0.6275092966303851,-4283.428969451952,-4617.717929912266,489.9994595320767,car,0 days 01:54:58.779000
2024-05-26 14:03:04.328,0 days 01:54:58.939000,0 days 00:00:49.844000,4396,66,3,0,True,0,car,2067.639722222222,0.6284008005975777,-4308.6174622004,-4630.849977057445,489.99999556303857,car,0 days 01:54:58.939000
2024-05-26 14:03:04.648,0 days 01:54:59.259000,0 days 00:00:50.164000,4361,60,3,3,False,0,car,2072.9730555555557,0.6300217169015645,-4382.732781482458,-4649.606426294045,490.0002613674397,car,0 days 01:54:59.259000
2024-05-26 14:03:04.848,0 days 01:54:59.459000,0 days 00:00:50.364000,4959,60,3,12,False,0,car,2076.306388888889,0.6310347895915561,-4416.2467266402255,-4652.079253535261,490.0062130977083,car,0 days 01:54:59.459000
2024-05-26 14:03:05.008,0 days 01:54:59.619000,0 days 00:00:50.524000,4772,63,3,22,False,0,car,2079.1063888888893,0.6318857706511491,-4436.98418752894,-4650.241484010528,490.0063502996058,car,0 days 01:54:59.619000
2024-05-26 14:03:05.248,0 days 01:54:59.859000,0 days 00:00:50.764000,5007,66,3,30,False,0,car,2083.5063888888894,0.6332230266019382,-4470.002206113939,-4646.044843202065,489.97561114511444,car,0 days 01:54:59.859000
2024-05-26 14:03:05.648,0 days 01:55:00.259000,0 days 00:00:51.164000,5914,77,3,46,False,0,car,2092.061944444445,0.6358232465062501,-4547.009763287283,-4629.787594055368,489.87540552443363,car,0 days 01:55:00.259000
2024-05-26 14:03:05.848,0 days 01:55:00.459000,0 days 00:00:51.364000,6536,84,3,53,False,0,car,2096.7286111111116,0.6372415482722384,-4595.949899348845,-4617.273702579281,488.88741936332275,car,0 days 01:55:00.459000
2024-05-26 14:03:06.169,0 days 01:55:00.780000,0 days 00:00:51.685000,7484,96,3,60,False,0,car,2105.2886111111115,0.639843118940137,-4670.665107538449,-4602.9682972329165,490.14119108379487,car,0 days 01:55:00.780000
2024-05-26 14:03:06.369,0 days 01:55:00.980000,0 days 00:00:51.885000,7941,104,3,64,False,0,car,2111.0663888888894,0.6415991116027892,-4730.409678054255,-4599.174463864316,489.3816904382086,car,0 days 01:55:00.980000
2024-05-26 14:03:06.689,0 days 01:55:01.300000,0 days 00:00:52.205000,8976,120,3,71,False,0,car,2121.733055555556,0.6448409442107624,-4836.7038884319545,-4607.1694022781985,488.9787443217684,car,0 days 01:55:01.300000
2024-05-26 14:03:06.929,0 days 01:55:01.540000,0 days 00:00:52.445000,9647,129,3,78,False,0,car,2130.333055555556,0.6474546717509408,-4918.357064418485,-4618.720603404561,489.00362029258,car,0 days 01:55:01.540000
2024-05-26 14:03:07.369,0 days 01:55:01.980000,0 days 00:00:52.885000,10610,146,3,85,False,0,car,2148.1775000000002,0.6528779875513628,-5131.6470131551605,-4651.91582510328,489.05549715986353,car,0 days 01:55:01.980000
2024-05-26 14:03:07.529,0 days 01:55:02.140000,0 days 00:00:53.045000,10558,150,3,100,False,0,car,2154.844166666667,0.6549041329313462,-5181.8571315172685,-4659.118286612441,489.55131594640886,car,0 days 01:55:02.140000
2024-05-26 14:03:07.809,0 days 01:55:02.420000,0 days 00:00:53.325000,10666,168,4,100,False,0,car,2167.910833333334,0.6588753778761135,-5269.533251778994,-4671.105409258971,490.0978516776097,car,0 days 01:55:02.420000
2024-05-26 14:03:08.008,0 days 01:55:02.619000,0 days 00:00:53.524000,11076,173,4,100,False,0,car,2177.473888888889,0.6617817990009753,-5370.480903547677,-4684.3445174170565,490.00516378816496,car,0 days 01:55:02.619000
2024-05-26 14:03:08.248,0 days 01:55:02.859000,0 days 00:00:53.764000,11615,185,4,100,False,0,car,2189.8072222222227,0.6655301679539445,-5522.469431691724,-4702.505222691936,490.0013415584342,car,0 days 01:55:02.859000
2024-05-26 14:03:08.608,0 days 01:55:03.219000,0 days 00:00:54.124000,10635,192,5,100,False,0,car,2209.0072222222225,0.6713654666482963,-5676.592040755326,-4721.533748891307,489.99939264411097,car,0 days 01:55:03.219000
2024-05-26 14:03:08.808,0 days 01:55:03.419000,0 days 00:00:54.324000,10635,192,5,100,False,0,car,2219.673888888889,0.6746072992562696,-5789.885994608845,-4733.875907935333,489.9999795974185,car,0 days 01:55:03.419000
2024-05-26 14:03:09.008,0 days 01:55:03.619000,0 days 00:00:54.524000,11001,209,5,100,False,0,car,2231.2850000000003,0.6781361691264072,-5901.147152249472,-4746.310416972891,489.99792349265357,car,0 days 01:55:03.619000
2024-05-26 14:03:09.208,0 days 01:55:03.819000,0 days 00:00:54.724000,11561,214,5,94,False,0,car,2243.173888888889,0.6817494617207107,-6017.040357421515,-4758.270551470415,490.02188359799027,car,0 days 01:55:03.819000
2024-05-26 14:03:09.488,0 days 01:55:04.099000,0 days 00:00:55.004000,11418,210,5,15,True,0,car,2259.5072222222225,0.6867135179016699,-6205.641405788412,-4774.263570543392,489.56448131515765,car,0 days 01:55:04.099000
2024-05-26 14:03:09.688,0 days 01:55:04.299000,0 days 00:00:55.204000,10475,195,5,0,True,0,car,2270.340555555556,0.6900060041441428,-6350.388498537954,-4784.704888906653,488.99624321774866,car,0 days 01:55:04.299000
2024-05-26 14:03:09.968,0 days 01:55:04.579000,0 days 00:00:55.484000,9321,181,5,0,True,0,car,2284.418333333334,0.6942845478048743,-6457.2654871185605,-4790.911014017498,489.8651229334165,car,0 days 01:55:04.579000
2024-05-26 14:03:10.288,0 days 01:55:04.899000,0 days 00:00:55.804000,8373,159,5,0,True,0,car,2298.551666666667,0.6985799760104389,-6611.919628036143,-4812.9531923002705,490.24872724872364,car,0 days 01:55:04.899000
2024-05-26 14:03:10.648,0 days 01:55:05.259000,0 days 00:00:56.164000,7942,151,5,1,False,0,car,2313.651666666667,0.703169195296101,-6766.349749465292,-4868.682574123875,490.9897472603526,car,0 days 01:55:05.259000
2024-05-26 14:03:10.888,0 days 01:55:05.499000,0 days 00:00:56.404000,7992,146,5,12,False,0,car,2323.3850000000007,0.7061273675508767,-6808.430542024697,-4903.902309201797,489.210868579093,car,0 days 01:55:05.499000
2024-05-26 14:03:11.328,0 days 01:55:05.939000,0 days 00:00:56.844000,8148,149,5,58,False,0,car,2341.596111111112,0.7116621213471978,-6971.7467299905475,-5088.666610196756,486.0043359173871,car,0 days 01:55:05.939000
2024-05-26 14:03:11.528,0 days 01:55:06.139000,0 days 00:00:57.044000,8349,152,5,68,False,0,car,2350.0405555555562,0.7142285721618432,-7001.674989937147,-5130.713735401232,484.95349235897964,car,0 days 01:55:06.139000
2024-05-26 14:03:11.928,0 days 01:55:06.539000,0 days 00:00:57.444000,8821,159,5,84,False,0,car,2367.707222222223,0.7195978574187991,-7074.959047518627,-5269.929811622342,482.98564833491264,car,0 days 01:55:06.539000
2024-05-26 14:03:12.128,0 days 01:55:06.739000,0 days 00:00:57.644000,9460,169,5,87,False,0,car,2377.096111111112,0.7224513454956089,-7108.095737344413,-5349.24988652854,482.9840915369692,car,0 days 01:55:06.739000
2024-05-26 14:03:12.368,0 days 01:55:06.979000,0 days 00:00:57.884000,9552,175,5,87,False,0,car,2388.762777777779,0.7259970999105797,-7146.127289766245,-5465.482064016569,483.14842381007685,car,0 days 01:55:06.979000
2024-05-26 14:03:12.689,0 days 01:55:07.300000,0 days 00:00:58.205000,10114,187,5,83,False,0,car,2405.4369444444455,0.7310647427740905,-7182.727355874001,-5624.323679889861,481.90577415802926,car,0 days 01:55:07.300000
2024-05-26 14:03:12.889,0 days 01:55:07.500000,0 days 00:00:58.405000,10361,192,5,81,False,0,car,2416.1036111111125,0.7343065753820639,-7198.860301166531,-5730.542047788811,482.014850663644,car,0 days 01:55:07.500000
2024-05-26 14:03:13.129,0 days 01:55:07.740000,0 days 00:00:58.645000,10362,194,5,40,False,0,car,2429.036944444446,0.7382372974192315,-7213.02675454432,-5864.1717296135275,481.9950746409136,car,0 days 01:55:07.740000
2024-05-26 14:03:13.289,0 days 01:55:07.900000,0 days 00:00:58.805000,10380,191,5,32,False,0,car,2437.5258333333345,0.7408172558697435,-7218.421734255757,-5955.153806416433,482.0006746490493,car,0 days 01:55:07.900000
2024-05-26 14:03:13.569,0 days 01:55:08.180000,0 days 00:00:59.085000,10091,189,5,30,False,0,car,2452.225833333335,0.7452849064326068,-7218.38097344529,-6091.2753739696145,481.9743738323363,car,0 days 01:55:08.180000
2024-05-26 14:03:13.849,0 days 01:55:08.460000,0 days 00:00:59.365000,10026,186,5,46,False,0,car,2466.6925000000015,0.7496816419071706,-7206.997532050861,-6228.132916708169,482.1564290113827,car,0 days 01:55:08.460000
2024-05-26 14:03:14.089,0 days 01:55:08.700000,0 days 00:00:59.605000,10178,187,5,52,False,0,car,2479.1591666666677,0.7534705337677392,-7128.936318250871,-6380.351665287326,480.5113625720121,car,0 days 01:55:08.700000
2024-05-26 14:03:14.289,0 days 01:55:08.900000,0 days 00:00:59.805000,10281,188,5,59,False,0,car,2489.6036111111125,0.7566448281963798,-7063.515953353526,-6465.473804201432,479.9032529657596,car,0 days 01:55:08.900000
2024-05-26 14:03:14.649,0 days 01:55:09.260000,0 days 00:01:00.165000,10409,192,5,71,False,0,car,2508.8036111111123,0.7624801268907316,-6980.331750385781,-6595.565373686331,480.84931219220346,car,0 days 01:55:09.260000
2024-05-26 14:03:14.848,0 days 01:55:09.459000,0 days 00:01:00.364000,10556,196,5,61,False,0,car,2519.6380555555565,0.7657729508241011,-6922.880660727768,-6752.954795897964,479.81520855896434,car,0 days 01:55:09.459000
2024-05-26 14:03:15.008,0 days 01:55:09.619000,0 days 00:01:00.524000,10819,198,5,68,False,0,car,2528.4380555555567,0.7684474627256791,-6912.13697182325,-6785.643104386678,479.18147411986234,car,0 days 01:55:09.619000
2024-05-26 14:03:15.168,0 days 01:55:09.779000,0 days 00:01:00.684000,10782,199,5,71,False,0,car,2537.282500000001,0.7711354822631237,-6896.338480383791,-6840.147374664866,478.9318112929599,car,0 days 01:55:09.779000
2024-05-26 14:03:15.328,0 days 01:55:09.939000,0 days 00:01:00.844000,10946,201,5,72,False,0,car,2546.2158333333346,0.7738505170723013,-6869.479169676694,-6933.391796665254,478.99417304623324,car,0 days 01:55:09.939000
2024-05-26 14:03:15.608,0 days 01:55:10.219000,0 days 00:01:01.124000,11043,203,5,72,False,0,car,2562.0047222222233,0.778649104713895,-6830.772659516923,-7086.1567967478495,478.99836012348135,car,0 days 01:55:10.219000
2024-05-26 14:03:15.888,0 days 01:55:10.499000,0 days 00:01:01.404000,10600,200,5,19,True,0,car,2577.560277777779,0.7833767772671895,-6799.933984873024,-7238.231658492332,479.000291963167,car,0 days 01:55:10.499000
2024-05-26 14:03:16.208,0 days 01:55:10.819000,0 days 00:01:01.724000,9423,179,5,0,True,0,car,2593.4713888888896,0.7882125109074162,-6775.229076369851,-7402.93063735107,479.00001065116976,car,0 days 01:55:10.819000
2024-05-26 14:03:16.528,0 days 01:55:11.139000,0 days 00:01:02.044000,8231,157,5,0,True,0,car,2607.4269444444453,0.7924539085695146,-6757.570002796452,-7563.83036897738,478.999999386191,car,0 days 01:55:11.139000
2024-05-26 14:03:16.768,0 days 01:55:11.379000,0 days 00:01:02.284000,7408,146,5,0,True,0,car,2617.160277777779,0.7954120808242903,-6746.177265074254,-7696.160032588347,479.0000017148942,car,0 days 01:55:11.379000
2024-05-26 14:03:17.128,0 days 01:55:11.739000,0 days 00:01:02.644000,6851,130,5,0,True,0,car,2630.160277777779,0.7993630643152577,-6748.92449409785,-7794.649176891602,478.99998585808413,car,0 days 01:55:11.739000
2024-05-26 14:03:17.288,0 days 01:55:11.899000,0 days 00:01:02.804000,7496,126,5,0,True,0,car,2635.760277777779,0.8010650264344437,-6754.339641356195,-7874.058240998362,478.99998405737784,car,0 days 01:55:11.899000
2024-05-26 14:03:17.448,0 days 01:55:12.059000,0 days 00:01:02.964000,7578,124,4,0,True,0,car,2641.2713888888898,0.8027399732818965,-6761.840132672322,-7919.986177491544,479.00004482677986,car,0 days 01:55:12.059000
2024-05-26 14:03:17.608,0 days 01:55:12.219000,0 days 00:01:03.124000,7296,120,4,0,True,0,car,2646.6047222222232,0.8043608895858831,-6775.420957017567,-7941.828702349347,479.00005922426317,car,0 days 01:55:12.219000
2024-05-26 14:03:17.848,0 days 01:55:12.459000,0 days 00:01:03.364000,6884,115,4,0,True,0,car,2654.2713888888898,0.806690956772864,-6827.831236043307,-7992.906603964464,478.99983883560327,car,0 days 01:55:12.459000
2024-05-26 14:03:18.128,0 days 01:55:12.739000,0 days 00:01:03.644000,6654,110,4,0,True,0,car,2662.8269444444454,0.8092911766771759,-6884.697541415983,-8064.26488326209,478.997559325859,car,0 days 01:55:12.739000
2024-05-26 14:03:18.368,0 days 01:55:12.979000,0 days 00:01:03.884000,6865,109,4,7,False,0,car,2670.0936111111123,0.8114996751413577,-6897.283406703005,-8131.898583347279,479.04646767509365,car,0 days 01:55:12.979000
2024-05-26 14:03:18.648,0 days 01:55:13.259000,0 days 00:01:04.164000,6632,105,4,31,False,0,car,2678.260277777779,0.8139817032318373,-6891.5920529609875,-8245.289301260484,478.265337066665,car,0 days 01:55:13.259000
2024-05-26 14:03:18.848,0 days 01:55:13.459000,0 days 00:01:04.364000,7176,110,4,49,False,0,car,2684.37138888889,0.8158390031634887,-6883.929480163048,-8307.155950396684,477.4881899974086,car,0 days 01:55:13.459000
2024-05-26 14:03:19.089,0 days 01:55:13.700000,0 days 00:01:04.605000,7578,118,4,60,False,0,car,2692.2708333333344,0.8182398165933205,-6873.06685368652,-8355.73075295619,477.0003944743605,car,0 days 01:55:13.700000
2024-05-26 14:03:19.329,0 days 01:55:13.940000,0 days 00:01:04.845000,8012,125,4,76,False,0,car,2700.6041666666674,0.8207724983182996,-6852.0283579809,-8434.871342741106,476.9592691185591,car,0 days 01:55:13.940000
2024-05-26 14:03:19.609,0 days 01:55:14.220000,0 days 00:01:05.125000,8717,137,4,82,False,0,car,2711.259722222223,0.8240109540173062,-6818.132790187469,-8539.64121355701,475.9994739874285,car,0 days 01:55:14.220000
2024-05-26 14:03:19.769,0 days 01:55:14.380000,0 days 00:01:05.285000,9253,141,4,83,False,0,car,2717.5263888888894,0.8259155306744904,-6796.088670309459,-8594.66518214647,476.597786743345,car,0 days 01:55:14.380000
2024-05-26 14:03:20.129,0 days 01:55:14.740000,0 days 00:01:05.645000,9885,157,4,86,False,0,car,2733.2263888888892,0.830687103044351,-6744.33513069001,-8712.250927704834,477.87110339068994,car,0 days 01:55:14.740000
2024-05-26 14:03:20.329,0 days 01:55:14.940000,0 days 00:01:05.845000,10277,164,4,82,False,0,car,2742.3375000000005,0.833456168396995,-6672.569657071166,-8834.24486760084,478.0300280289241,car,0 days 01:55:14.940000
2024-05-26 14:03:20.609,0 days 01:55:15.220000,0 days 00:01:06.125000,9078,171,5,58,False,0,car,2755.6375000000007,0.8374983284300617,-6578.616856844113,-8967.43496294164,477.2736428676018,car,0 days 01:55:15.220000
2024-05-26 14:03:20.849,0 days 01:55:15.460000,0 days 00:01:06.365000,9100,172,5,27,False,0,car,2767.104166666667,0.8409832984836328,-6525.02392017232,-9028.372602695068,477.09964725010815,car,0 days 01:55:15.460000
2024-05-26 14:03:21.049,0 days 01:55:15.660000,0 days 00:01:06.565000,9069,168,5,0,True,0,car,2776.4375000000005,0.8438199020156095,-6486.758220246276,-9069.007669157469,477.8957336888934,car,0 days 01:55:15.660000
2024-05-26 14:03:21.209,0 days 01:55:15.820000,0 days 00:01:06.725000,8591,162,5,0,True,0,car,2783.6375000000003,0.8460081390259915,-6441.630863120987,-9111.514207194457,477.90440859318153,car,0 days 01:55:15.820000
2024-05-26 14:03:21.409,0 days 01:55:16.020000,0 days 00:01:06.925000,8088,154,5,0,True,0,car,2792.193055555556,0.8486083589303034,-6370.643554101536,-9164.111183509413,479.5504807331452,car,0 days 01:55:16.020000
2024-05-26 14:03:21.808,0 days 01:55:16.419000,0 days 00:01:07.324000,8070,132,5,0,True,0,car,2806.823055555556,0.8530547349666767,-6230.226478404038,-9245.403842454592,475.9930545838165,car,0 days 01:55:16.419000
2024-05-26 14:03:22.088,0 days 01:55:16.699000,0 days 00:01:07.604000,7111,117,4,0,True,0,car,2815.923055555556,0.8558204234103539,-6146.9451371659925,-9290.00149082884,479.5189915674816,car,0 days 01:55:16.699000
2024-05-26 14:03:22.368,0 days 01:55:16.979000,0 days 00:01:07.884000,7298,107,4,0,True,0,car,2824.245277777778,0.8583497282263663,-6060.023868906873,-9340.247784091876,480.83485049876003,car,0 days 01:55:16.979000
2024-05-26 14:03:22.648,0 days 01:55:17.259000,0 days 00:01:08.164000,6777,93,3,0,True,0,car,2831.4786111111116,0.8605480959636483,-5997.609192235558,-9383.77746393622,482.18420572733817,car,0 days 01:55:17.259000
2024-05-26 14:03:23.008,0 days 01:55:17.619000,0 days 00:01:08.524000,6556,79,2,0,True,0,car,2839.3786111111117,0.8629490782389286,-5952.975629308113,-9439.87685139026,482.69693333707784,car,0 days 01:55:17.619000
2024-05-26 14:03:23.448,0 days 01:55:18.059000,0 days 00:01:08.964000,5330,69,2,0,True,0,car,2847.811944444445,0.8655121521446075,-5929.842821654342,-9524.602516172485,484.473705405888,car,0 days 01:55:18.059000
2024-05-26 14:03:23.688,0 days 01:55:18.299000,0 days 00:01:09.204000,5124,63,2,0,True,0,car,2852.011944444445,0.8667886237339969,-5937.19746251998,-9591.164215436564,486.433062395565,car,0 days 01:55:18.299000
2024-05-26 14:03:24.008,0 days 01:55:18.619000,0 days 00:01:09.524000,4761,59,2,0,False,0,car,2857.2563888888894,0.8683825247662504,-5946.790827183952,-9620.506584114284,486.8751061787738,car,0 days 01:55:18.619000
2024-05-26 14:03:24.168,0 days 01:55:18.779000,0 days 00:01:09.684000,4616,59,2,0,False,0,car,2859.8786111111117,0.8691794752823773,-5956.7242765332285,-9640.373422561624,487.5205130489767,car,0 days 01:55:18.779000
2024-05-26 14:03:24.448,0 days 01:55:19.059000,0 days 00:01:09.964000,4989,58,2,8,False,0,car,2864.3897222222226,0.8705505003228325,-5983.2177366542655,-9678.886910846322,488.10664010149026,car,0 days 01:55:19.059000
2024-05-26 14:03:24.608,0 days 01:55:19.219000,0 days 00:01:10.124000,5211,56,2,14,False,0,car,2866.8786111111117,0.8713069279313598,-6000.361706947889,-9695.976805536226,488.82727868416544,car,0 days 01:55:19.219000
2024-05-26 14:03:24.848,0 days 01:55:19.459000,0 days 00:01:10.364000,5608,57,2,22,False,0,car,2870.678611111112,0.8724618307979503,-6031.883643932136,-9717.048250124806,491.09337096546943,car,0 days 01:55:19.459000
2024-05-26 14:03:25.328,0 days 01:55:19.939000,0 days 00:01:10.844000,6331,69,2,39,False,0,car,2879.8786111111117,0.8752579114223272,-6113.066963550266,-9744.9788157332,496.8084147978472,car,0 days 01:55:19.939000
2024-05-26 14:03:25.488,0 days 01:55:20.099000,0 days 00:01:11.004000,6611,75,2,39,False,0,car,2883.211944444445,0.8762709841123189,-6141.689075406103,-9752.095406526603,497.54273256116744,car,0 days 01:55:20.099000
2024-05-26 14:03:25.729,0 days 01:55:20.340000,0 days 00:01:11.245000,7240,82,2,48,False,0,car,2888.7013888888896,0.8779393459872867,-6225.35469028677,-9762.590388798262,502.32988873499716,car,0 days 01:55:20.340000
2024-05-26 14:03:25.889,0 days 01:55:20.500000,0 days 00:01:11.405000,7853,88,2,49,False,0,car,2892.6125000000006,0.8791280179435437,-6247.031045322537,-9764.92205675389,503.55273229378787,car,0 days 01:55:20.500000
2024-05-26 14:03:26.129,0 days 01:55:20.740000,0 days 00:01:11.645000,7463,95,2,51,False,0,car,2898.9458333333337,0.8810528560545277,-6274.944291338463,-9766.850908816068,504.43251112836845,car,0 days 01:55:20.740000
2024-05-26 14:03:26.569,0 days 01:55:21.180000,0 days 00:01:12.085000,7292,103,3,8,True,0,car,2911.5347222222226,0.8848788939137295,-6401.724632124507,-9772.995668383612,509.98682617740957,car,0 days 01:55:21.180000
2024-05-26 14:03:26.729,0 days 01:55:21.340000,0 days 00:01:12.245000,7021,96,3,0,True,0,car,2915.8013888888895,0.8861756269569189,-6444.734011733656,-9773.006503005516,511.9881076377116,car,0 days 01:55:21.340000
2024-05-26 14:03:26.929,0 days 01:55:21.540000,0 days 00:01:12.445000,6508,90,3,0,True,0,car,2920.801388888889,0.8876952359919063,-6496.936675584107,-9770.063687635096,514.2656995621409,car,0 days 01:55:21.540000
2024-05-26 14:03:27.329,0 days 01:55:21.940000,0 days 00:01:12.845000,5894,82,3,0,False,0,car,2929.9125000000004,0.8904643013445501,-6613.283622398342,-9753.535628891315,519.7664850314835,car,0 days 01:55:21.940000
2024-05-26 14:03:27.689,0 days 01:55:22.300000,0 days 00:01:13.205000,5545,77,3,0,False,0,car,2937.6125,0.8928044992584308,-6669.722504282341,-9736.163756493102,520.0065105969326,car,0 days 01:55:22.300000
2024-05-26 14:03:28.009,0 days 01:55:22.620000,0 days 00:01:13.525000,5442,74,3,2,False,0,car,2944.190277777778,0.8948036293666811,-6728.812180160114,-9696.610491871204,518.9265423045179,car,0 days 01:55:22.620000
2024-05-26 14:03:28.328,0 days 01:55:22.939000,0 days 00:01:13.844000,5434,73,3,13,False,0,car,2950.658888888889,0.8967695813443339,-6760.58086603457,-9653.117446696016,516.6628085166668,car,0 days 01:55:22.939000
2024-05-26 14:03:28.568,0 days 01:55:23.179000,0 days 00:01:14.084000,5730,76,3,25,False,0,car,2955.725555555556,0.8983094518331214,-6779.778818262824,-9607.401882340764,512.5862740185711,car,0 days 01:55:23.179000
2024-05-26 14:03:28.808,0 days 01:55:23.419000,0 days 00:01:14.324000,6459,84,3,46,False,0,car,2961.325555555556,0.9000114139523073,-6795.409028162292,-9554.659757423415,511.81445737227324,car,0 days 01:55:23.419000
2024-05-26 14:03:29.008,0 days 01:55:23.619000,0 days 00:01:14.524000,6834,87,3,59,False,0,car,2966.1588888888896,0.9014803693527953,-6805.946293990244,-9507.272944425013,510.4191261643334,car,0 days 01:55:23.619000
2024-05-26 14:03:29.288,0 days 01:55:23.899000,0 days 00:01:14.804000,7439,99,3,65,False,0,car,2973.8588888888894,0.9038205672666759,-6819.569446685539,-9439.378603622657,507.81849792717003,car,0 days 01:55:23.899000
2024-05-26 14:03:29.568,0 days 01:55:24.179000,0 days 00:01:15.084000,7439,104,3,70,False,0,car,2981.9477777777784,0.9062789569943891,-6843.877551935227,-9349.714131703837,506.408937315396,car,0 days 01:55:24.179000
2024-05-26 14:03:29.728,0 days 01:55:24.339000,0 days 00:01:15.244000,8247,109,3,73,False,0,car,2986.792222222223,0.9077512893038436,-6862.148646440074,-9297.436180133593,505.8593213062006,car,0 days 01:55:24.339000
2024-05-26 14:03:29.888,0 days 01:55:24.499000,0 days 00:01:15.404000,8524,113,3,75,False,0,car,2991.8144444444447,0.9092776521567643,-6877.622652345938,-9262.30761605947,505.7846571262977,car,0 days 01:55:24.499000
2024-05-26 14:03:30.248,0 days 01:55:24.859000,0 days 00:01:15.764000,10053,131,3,100,False,0,car,3004.9144444444446,0.9132590278284314,-6936.236703850708,-9162.696333514003,505.2801753597597,car,0 days 01:55:24.859000
2024-05-26 14:03:30.688,0 days 01:55:25.299000,0 days 00:01:16.204000,10777,171,3,100,False,0,car,3025.8144444444447,0.9196109935946791,-7055.73084911382,-8988.404605872433,503.5105596253903,car,0 days 01:55:25.299000
2024-05-26 14:03:30.928,0 days 01:55:25.539000,0 days 00:01:16.444000,11241,179,4,100,False,0,car,3037.7477777777785,0.9232377938248494,-7143.683196018343,-8844.089961791671,504.1706906633833,car,0 days 01:55:25.539000
2024-05-26 14:03:31.168,0 days 01:55:25.779000,0 days 00:01:16.684000,11455,186,4,100,False,0,car,3050.147777777778,0.9270064242316182,-7216.200549794742,-8695.317325067508,503.7930005861759,car,0 days 01:55:25.779000
2024-05-26 14:03:31.488,0 days 01:55:26.099000,0 days 00:01:17.004000,10825,200,5,100,False,0,car,3067.9255555555565,0.9324094785782405,-7273.587757523609,-8546.078957014537,502.901223355546,car,0 days 01:55:26.099000
2024-05-26 14:03:31.728,0 days 01:55:26.339000,0 days 00:01:17.244000,11210,206,5,100,False,0,car,3081.6588888888896,0.936583338061006,-7304.128175517612,-8455.412707208423,502.99028041733163,car,0 days 01:55:26.339000
2024-05-26 14:03:32.008,0 days 01:55:26.619000,0 days 00:01:17.524000,11650,215,5,100,False,0,car,3098.3811111111117,0.9416655860557975,-7347.90608859006,-8314.930526090344,503.02316928743477,car,0 days 01:55:26.619000
2024-05-26 14:03:32.209,0 days 01:55:26.820000,0 days 00:01:17.725000,11226,220,5,100,False,0,car,3110.6644444444446,0.9453987589184166,-7383.826078712565,-8196.593263644925,503.00206021771925,car,0 days 01:55:26.820000
2024-05-26 14:03:32.529,0 days 01:55:27.140000,0 days 00:01:18.045000,10776,228,6,100,False,0,car,3130.931111111112,0.951558240873566,-7437.663130953742,-8005.194818393518,501.955415214872,car,0 days 01:55:27.140000
2024-05-26 14:03:32.809,0 days 01:55:27.420000,0 days 00:01:18.325000,11053,235,6,100,False,0,car,3149.2088888888898,0.9571132561236869,-7485.451527916511,-7831.234530391499,501.9978918875822,car,0 days 01:55:27.420000
2024-05-26 14:03:33.089,0 days 01:55:27.700000,0 days 00:01:18.605000,11376,239,6,100,False,0,car,3167.7977777777787,0.9627628248248737,-7531.841819590791,-7651.649490106188,502.0012267608366,car,0 days 01:55:27.700000
2024-05-26 14:03:33.249,0 days 01:55:27.860000,0 days 00:01:18.765000,11473,243,6,100,False,0,car,3178.5977777777784,0.9660451803404466,-7556.058611685516,-7547.191991662486,501.7891828329427,car,0 days 01:55:27.860000
2024-05-26 14:03:33.489,0 days 01:55:28.100000,0 days 00:01:19.005000,10805,249,6,100,False,0,car,3195.197777777778,0.9710902823366049,-7588.465566039513,-7387.370319652748,503.3696618981344,car,0 days 01:55:28.100000
2024-05-26 14:03:33.729,0 days 01:55:28.340000,0 days 00:01:19.245000,10342,252,7,100,False,0,car,3211.9977777777785,0.976196168694163,-7613.6816954315145,-7214.919466598377,502.9203922186966,car,0 days 01:55:28.340000
2024-05-26 14:03:34.129,0 days 01:55:28.740000,0 days 00:01:19.645000,10623,257,7,100,False,0,car,3240.5533333333333,0.9848748247384246,-7632.795330854304,-7027.37582599531,502.92625371379347,car,0 days 01:55:28.740000
2024-05-26 14:03:34.329,0 days 01:55:28.940000,0 days 00:01:19.845000,10663,261,7,100,False,0,car,3255.0533333333333,0.9892816909398883,-7647.520104372599,-6836.275325471495,501.9368329822852,car,0 days 01:55:28.940000
2024-05-26 14:03:34.529,0 days 01:55:29.140000,0 days 00:01:20.045000,10833,261,7,100,False,0,car,3269.5533333333333,0.993688557141352,-7663.621110962278,-6600.019454054627,502.2088706735867,car,0 days 01:55:29.140000
