Date_x,SessionTime_x,Time,RPM_x,Speed_x,nGear_x,Throttle_x,Brake_x,DRS_x,Source_x,Distance,RelativeDistance,X,Y,Z,Source_y,SessionTime_y
2024-09-14 12:15:00.509,0 days 00:27:54.959000,0 days 00:00:00.084000,11945,338,8,100,False,12,car,7.8866666666666685,0.0013245869168489995,1160.7572687182044,-551.6539324505859,-245.04390819498633,car,0 days 00:27:54.959000
2024-09-14 12:15:00.749,0 days 00:27:55.199000,0 days 00:00:00.324000,11914,338,8,100,False,12,car,30.42,0.005109120964988997,1369.0050761823716,-465.1700172465312,-245.0439901513194,car,0 days 00:27:55.199000
2024-09-14 12:15:00.989,0 days 00:27:55.439000,0 days 00:00:00.564000,11858,338,8,100,False,12,car,52.95333333333333,0.008893655013128995,1577.0309759516163,-378.27999164204095,-244.27375445553304,car,0 days 00:27:55.439000
2024-09-14 12:15:01.309,0 days 00:27:55.759000,0 days 00:00:00.884000,11625,335,8,0,False,8,car,82.73111111111112,0.013894913025463904,1854.3581802029448,-261.5441304699063,-242.93947905927106,car,0 days 00:27:55.759000
2024-09-14 12:15:01.589,0 days 00:27:56.039000,0 days 00:00:01.164000,11386,326,8,0,False,8,car,108.08666666666667,0.01815344690014609,2090.460274882277,-162.09964964398185,-243.00267250536382,car,0 days 00:27:56.039000
2024-09-14 12:15:01.909,0 days 00:27:56.359000,0 days 00:00:01.484000,10978,320,8,0,False,8,car,136.53111111111113,0.022930767986555557,2354.948677741989,-51.893048219103164,-243.01411796991107,car,0 days 00:27:56.359000
2024-09-14 12:15:02.149,0 days 00:27:56.599000,0 days 00:00:01.724000,10162,291,8,0,True,8,car,155.93111111111114,0.02618905025877076,2540.1784892117107,24.2285803342055,-242.94804490496847,car,0 days 00:27:56.599000
2024-09-14 12:15:02.389,0 days 00:27:56.839000,0 days 00:00:01.964000,9280,262,8,0,True,8,car,173.3977777777778,0.029122623988394075,2761.9747159594945,120.36800547980708,-244.27121339531368,car,0 days 00:27:56.839000
2024-09-14 12:15:02.589,0 days 00:27:57.039000,0 days 00:00:02.164000,9361,238,8,0,True,8,car,186.62000000000003,0.03134333183715472,2901.3371963812824,181.99782686889415,-245.14986436272272,car,0 days 00:27:57.039000
2024-09-14 12:15:02.829,0 days 00:27:57.279000,0 days 00:00:02.404000,9852,206,8,0,True,8,car,200.35333333333335,0.03364988217418679,2973.6239190123215,212.1912394424544,-244.96974853303155,car,0 days 00:27:57.279000
2024-09-14 12:15:02.989,0 days 00:27:57.439000,0 days 00:00:02.564000,10386,197,7,0,True,8,car,209.1088888888889,0.03512040132109721,3047.945938653033,240.57059818568456,-245.3373017256771,car,0 days 00:27:57.439000
2024-09-14 12:15:03.189,0 days 00:27:57.639000,0 days 00:00:02.764000,10386,197,5,0,True,8,car,220.05333333333334,0.03695855025473522,3156.81688085142,280.3356729486681,-246.01457191049187,car,0 days 00:27:57.639000
2024-09-14 12:15:03.469,0 days 00:27:57.919000,0 days 00:00:03.044000,9516,162,4,0,True,8,car,232.65333333333336,0.039074754204730666,3269.080246840028,318.09588267630033,-245.99336565531422,car,0 days 00:27:57.919000
2024-09-14 12:15:03.629,0 days 00:27:58.079000,0 days 00:00:03.204000,9845,148,4,0,True,8,car,239.23111111111115,0.04017950970596285,3330.5856093174,341.24841259838087,-245.9690922823707,car,0 days 00:27:58.079000
2024-09-14 12:15:03.949,0 days 00:27:58.399000,0 days 00:00:03.524000,8986,124,3,0,True,8,car,250.25333333333336,0.04203072162694652,3435.977482326315,388.01132774863083,-247.08190456549022,car,0 days 00:27:58.399000
2024-09-14 12:15:04.189,0 days 00:27:58.639000,0 days 00:00:03.764000,7997,116,3,0,True,8,car,257.9866666666667,0.04332955579731409,3502.498403548241,424.9745183286822,-247.11224607933133,car,0 days 00:27:58.639000
2024-09-14 12:15:04.469,0 days 00:27:58.919000,0 days 00:00:04.044000,7295,108,3,0,True,8,car,266.38666666666666,0.04474035843064438,3568.3016284231508,473.5024353709628,-245.9287940828229,car,0 days 00:27:58.919000
2024-09-14 12:15:04.749,0 days 00:27:59.199000,0 days 00:00:04.324000,6936,97,3,0,True,8,car,273.9311111111111,0.046007468203172516,3610.8224862751113,516.6462296544921,-245.7762416607871,car,0 days 00:27:59.199000
2024-09-14 12:15:05.109,0 days 00:27:59.559000,0 days 00:00:04.684000,6562,93,3,0,False,8,car,283.2311111111111,0.04756942826150248,3668.80786559987,591.6876902406295,-243.90993771211708,car,0 days 00:27:59.559000
2024-09-14 12:15:05.389,0 days 00:27:59.839000,0 days 00:00:04.964000,6456,90,3,0,False,8,car,290.2311111111111,0.04874509712261106,3703.1708322999193,667.104216440179,-245.75096000226597,car,0 days 00:27:59.839000
2024-09-14 12:15:05.549,0 days 00:27:59.999000,0 days 00:00:05.124000,6583,89,3,4,False,8,car,294.1866666666666,0.04940944333618987,3715.786923568421,712.4499309878394,-246.17399665434374,car,0 days 00:27:59.999000
2024-09-14 12:15:05.829,0 days 00:28:00.279000,0 days 00:00:05.404000,6668,89,3,21,False,8,car,301.1088888888888,0.0505720492099528,3723.1178208633164,789.053956648713,-245.13494206799726,car,0 days 00:28:00.279000
2024-09-14 12:15:05.989,0 days 00:28:00.439000,0 days 00:00:05.564000,6661,91,3,32,False,8,car,305.15333333333325,0.051251324551926644,3720.711224058684,832.3224880532692,-244.5077598084539,car,0 days 00:28:00.439000
2024-09-14 12:15:06.189,0 days 00:28:00.639000,0 days 00:00:05.764000,6903,93,3,40,False,8,car,310.31999999999994,0.05211908013988774,3711.3310516014294,887.69500652809,-243.95007328978426,car,0 days 00:28:00.639000
2024-09-14 12:15:06.349,0 days 00:28:00.799000,0 days 00:00:05.924000,7110,93,3,41,False,8,car,314.45333333333326,0.05281328461025662,3698.8639435087907,934.7264840439113,-243.81856529346825,car,0 days 00:28:00.799000
2024-09-14 12:15:06.669,0 days 00:28:01.119000,0 days 00:00:06.244000,7221,100,3,40,False,8,car,323.3422222222221,0.05430619744975957,3673.569815357658,1011.1337007531581,-244.01953346466308,car,0 days 00:28:01.119000
2024-09-14 12:15:06.949,0 days 00:28:01.399000,0 days 00:00:06.524000,7713,105,3,42,False,8,car,331.5088888888888,0.05567781112105291,3657.168138667709,1051.9314494975292,-243.9837101304639,car,0 days 00:28:01.399000
2024-09-14 12:15:07.269,0 days 00:28:01.719000,0 days 00:00:06.844000,8043,110,3,48,False,8,car,341.2866666666666,0.05732001524450617,3605.911116515908,1168.4724191918228,-242.93751961918704,car,0 days 00:28:01.719000
2024-09-14 12:15:07.429,0 days 00:28:01.879000,0 days 00:00:07.004000,8268,114,3,48,False,8,car,346.35333333333324,0.05817097556302285,3592.352052536222,1196.9109810655536,-243.10473057567134,car,0 days 00:28:01.879000
2024-09-14 12:15:07.709,0 days 00:28:02.159000,0 days 00:00:07.284000,8722,117,3,60,False,8,car,355.45333333333326,0.05969934508246401,3558.4221324307587,1270.6262737995116,-242.8531727670257,car,0 days 00:28:02.159000
2024-09-14 12:15:07.989,0 days 00:28:02.439000,0 days 00:00:07.564000,9215,124,3,62,False,8,car,365.0977777777777,0.061319155513324716,3512.309937629263,1377.5363078877413,-241.78263172041005,car,0 days 00:28:02.439000
2024-09-14 12:15:08.189,0 days 00:28:02.639000,0 days 00:00:07.764000,9566,129,3,65,False,8,car,372.2644444444444,0.06252281649017398,3497.1994698504263,1414.4819108627757,-242.05225608458946,car,0 days 00:28:02.639000
2024-09-14 12:15:08.469,0 days 00:28:02.919000,0 days 00:00:08.044000,10168,137,3,67,False,8,car,382.91999999999996,0.06431244575652816,3454.428823798343,1515.7622134486253,-241.98004848274147,car,0 days 00:28:02.919000
2024-09-14 12:15:08.789,0 days 00:28:03.239000,0 days 00:00:08.364000,10697,145,3,68,False,8,car,395.8088888888889,0.06647716937380745,3391.3477528537687,1668.0774539475956,-240.9456767515657,car,0 days 00:28:03.239000
2024-09-14 12:15:09.109,0 days 00:28:03.559000,0 days 00:00:08.684000,9556,150,3,67,False,8,car,409.14222222222213,0.06871653863306187,3356.1423196610067,1750.4323641119952,-240.76771596037426,car,0 days 00:28:03.559000
2024-09-14 12:15:09.349,0 days 00:28:03.799000,0 days 00:00:08.924000,9590,160,4,70,False,8,car,419.8088888888888,0.07050803404046542,3311.9101025423342,1850.4617898755746,-239.9678035311361,car,0 days 00:28:03.799000
2024-09-14 12:15:09.629,0 days 00:28:04.079000,0 days 00:00:09.204000,10073,166,4,71,False,8,car,432.71999999999997,0.07267648993984348,3259.2194992566974,1967.345063026832,-240.09780297535124,car,0 days 00:28:04.079000
2024-09-14 12:15:09.989,0 days 00:28:04.439000,0 days 00:00:09.564000,10044,167,4,0,False,8,car,449.41999999999996,0.07548129993705965,3189.7358837781326,2120.047677856744,-238.9842572731576,car,0 days 00:28:04.439000
2024-09-14 12:15:10.349,0 days 00:28:04.799000,0 days 00:00:09.924000,9605,162,4,0,False,8,car,465.61999999999995,0.07820213358705379,3109.71663222436,2298.4751419098247,-239.18712233766138,car,0 days 00:28:04.799000
2024-09-14 12:15:10.589,0 days 00:28:05.039000,0 days 00:00:10.164000,9468,161,4,0,False,8,car,476.3533333333333,0.08000482584075362,3080.645279380101,2363.1412702659463,-238.42251188097978,car,0 days 00:28:05.039000
2024-09-14 12:15:10.749,0 days 00:28:05.199000,0 days 00:00:10.324000,9317,158,4,0,False,8,car,483.37555555555554,0.08118422698396095,3051.2252222218904,2429.8119432130443,-237.9185863250703,car,0 days 00:28:05.199000
2024-09-14 12:15:11.069,0 days 00:28:05.519000,0 days 00:00:10.644000,9201,155,4,0,False,8,car,497.1533333333333,0.08349824188519053,2981.7542208309724,2588.4469764639684,-237.5108311749427,car,0 days 00:28:05.519000
2024-09-14 12:15:11.389,0 days 00:28:05.839000,0 days 00:00:10.964000,8975,152,4,0,False,8,car,510.6644444444444,0.08576746940123503,2931.2207965209327,2703.098496544312,-236.93731489689856,car,0 days 00:28:05.839000
2024-09-14 12:15:11.549,0 days 00:28:05.999000,0 days 00:00:11.124000,8931,150,4,0,False,8,car,517.3311111111111,0.08688715403086225,2914.423005447861,2740.760695013885,-237.03048294499712,car,0 days 00:28:05.999000
2024-09-14 12:15:11.749,0 days 00:28:06.199000,0 days 00:00:11.324000,8853,148,4,0,False,8,car,525.5533333333333,0.08826809840740249,2879.0767646938943,2820.0063854887176,-236.93291247438816,car,0 days 00:28:06.199000
2024-09-14 12:15:11.949,0 days 00:28:06.399000,0 days 00:00:11.524000,8701,146,4,0,False,8,car,533.6644444444444,0.08963038137344893,2845.535017677083,2894.8223979453305,-236.10129572169234,car,0 days 00:28:06.399000
2024-09-14 12:15:12.149,0 days 00:28:06.599000,0 days 00:00:11.724000,8413,144,4,0,False,8,car,541.6644444444444,0.0909740029290016,2812.9225063621866,2968.605990040546,-236.0175265580771,car,0 days 00:28:06.599000
2024-09-14 12:15:12.469,0 days 00:28:06.919000,0 days 00:00:12.044000,8387,141,4,0,False,8,car,554.1977777777777,0.09307901003270075,2762.1833818641726,3084.040050620494,-234.9325228148341,car,0 days 00:28:06.919000
2024-09-14 12:15:12.789,0 days 00:28:07.239000,0 days 00:00:12.364000,8244,138,4,0,True,8,car,566.4644444444443,0.09513922975121483,2711.8479888262377,3197.8936803214106,-234.3872686935717,car,0 days 00:28:07.239000
2024-09-14 12:15:12.949,0 days 00:28:07.399000,0 days 00:00:12.524000,7545,130,4,0,True,8,car,572.242222222222,0.09610962309689175,2687.877924282241,3252.5200895591033,-233.93144746885943,car,0 days 00:28:07.399000
2024-09-14 12:15:13.189,0 days 00:28:07.639000,0 days 00:00:12.764000,7286,123,4,0,True,8,car,580.4422222222221,0.09748683519133323,2653.685152765219,3329.147810117091,-234.0239247464959,car,0 days 00:28:07.639000
2024-09-14 12:15:13.389,0 days 00:28:07.839000,0 days 00:00:12.964000,8149,123,4,0,True,8,car,587.2755555555555,0.09863451193670114,2628.8431667684117,3385.591526927575,-233.16708565028424,car,0 days 00:28:07.839000
2024-09-14 12:15:13.549,0 days 00:28:07.999000,0 days 00:00:13.124000,8196,107,4,0,True,8,car,592.031111111111,0.09943322030583522,2602.169591957278,3444.1883170723236,-232.93718792951762,car,0 days 00:28:07.999000
2024-09-14 12:15:13.789,0 days 00:28:08.239000,0 days 00:00:13.364000,8498,101,2,0,True,8,car,598.7644444444444,0.10056410178175872,2566.194202185542,3520.6955369287916,-232.8042989636393,car,0 days 00:28:08.239000
2024-09-14 12:15:13.989,0 days 00:28:08.439000,0 days 00:00:13.564000,8027,95,2,0,True,8,car,604.0422222222221,0.10145051878021359,2551.670450292478,3548.073963503038,-232.1082997934419,car,0 days 00:28:08.439000
2024-09-14 12:15:14.149,0 days 00:28:08.599000,0 days 00:00:13.724000,7692,91,2,0,True,8,car,608.0866666666666,0.10212979412218744,2535.494881329685,3576.814618699854,-232.00697188080505,car,0 days 00:28:08.599000
2024-09-14 12:15:14.389,0 days 00:28:08.839000,0 days 00:00:13.964000,7551,87,2,0,False,8,car,613.8866666666665,0.10310391974996311,2490.3545670931708,3631.5052438319663,-231.55868431531638,car,0 days 00:28:08.839000
2024-09-14 12:15:14.749,0 days 00:28:09.199000,0 days 00:00:14.324000,7294,84,2,0,False,8,car,622.2866666666665,0.1045147223832934,2433.8773118152963,3672.673450376207,-230.90492042941153,car,0 days 00:28:09.199000
2024-09-14 12:15:14.949,0 days 00:28:09.399000,0 days 00:00:14.524000,7012,81,2,0,False,8,car,626.7866666666665,0.10527050950829178,2404.2820855454083,3682.54741214959,-232.0642841919289,car,0 days 00:28:09.399000
2024-09-14 12:15:15.109,0 days 00:28:09.559000,0 days 00:00:14.684000,6899,80,2,1,False,8,car,630.3422222222221,0.10586767464409295,2366.9256813804027,3689.1777392229433,-233.10251298409116,car,0 days 00:28:09.559000
2024-09-14 12:15:15.349,0 days 00:28:09.799000,0 days 00:00:14.924000,6976,79,2,11,False,8,car,635.6088888888887,0.10675222550149846,2280.2563872440173,3682.961178225571,-231.82618029405276,car,0 days 00:28:09.799000
2024-09-14 12:15:15.589,0 days 00:28:10.039000,0 days 00:00:15.164000,7262,80,2,23,False,8,car,640.9422222222221,0.10764797320520024,2244.387214330621,3676.1548238895393,-231.30704439199081,car,0 days 00:28:10.039000
2024-09-14 12:15:15.749,0 days 00:28:10.199000,0 days 00:00:15.324000,7379,82,2,23,False,8,car,644.5866666666666,0.10826006746939645,2216.0260749300774,3667.414724385205,-230.97316337888546,car,0 days 00:28:10.199000
2024-09-14 12:15:15.949,0 days 00:28:10.399000,0 days 00:00:15.524000,7689,85,2,32,False,8,car,649.3088888888888,0.1090531774153824,2154.4754072086507,3649.5106301188234,-230.1002079026818,car,0 days 00:28:10.399000
2024-09-14 12:15:16.269,0 days 00:28:10.719000,0 days 00:00:15.844000,8113,89,2,37,False,8,car,657.2199999999999,0.11038186984254003,2100.531424946522,3631.935359689919,-229.94975569627266,car,0 days 00:28:10.719000
2024-09-14 12:15:16.589,0 days 00:28:11.039000,0 days 00:00:16.164000,8545,94,2,46,False,8,car,665.5755555555555,0.11178520791167283,1993.695515106241,3592.2268705690985,-230.05007212857936,car,0 days 00:28:11.039000
2024-09-14 12:15:16.789,0 days 00:28:11.239000,0 days 00:00:16.364000,8798,98,2,48,False,8,car,671.02,0.11269961702586839,1956.9560940337985,3577.6092599796207,-230.593017906094,car,0 days 00:28:11.239000
2024-09-14 12:15:17.189,0 days 00:28:11.639000,0 days 00:00:16.764000,9484,106,2,50,False,8,car,682.7977777777777,0.1146777265382098,1866.6133914585866,3542.0111380170592,-230.99727837100298,car,0 days 00:28:11.639000
2024-09-14 12:15:17.429,0 days 00:28:11.879000,0 days 00:00:17.004000,10093,112,2,53,False,8,car,690.2644444444444,0.11593177332339229,1786.2239342835417,3510.112162860786,-230.9949459750309,car,0 days 00:28:11.879000
2024-09-14 12:15:17.629,0 days 00:28:12.079000,0 days 00:00:17.204000,10472,116,2,54,False,8,car,696.7088888888889,0.11701413513203193,1696.0078310588533,3476.398707376175,-230.99200294098966,car,0 days 00:28:12.079000
2024-09-14 12:15:18.029,0 days 00:28:12.479000,0 days 00:00:17.604000,11093,124,2,55,False,8,car,710.4866666666666,0.11932815003326151,1627.574072965683,3450.6261061410123,-230.66707998122843,car,0 days 00:28:12.479000
2024-09-14 12:15:18.269,0 days 00:28:12.719000,0 days 00:00:17.844000,9833,128,2,52,False,8,car,719.02,0.12076134635918435,1531.9048065850977,3415.8200310227476,-229.96817181849713,car,0 days 00:28:12.719000
2024-09-14 12:15:18.429,0 days 00:28:12.879000,0 days 00:00:18.004000,9589,132,3,55,False,8,car,724.8866666666667,0.12174666883325631,1447.8603991795915,3384.793525800331,-229.9932747062601,car,0 days 00:28:12.879000
2024-09-14 12:15:18.629,0 days 00:28:13.079000,0 days 00:00:18.204000,9668,135,3,55,False,8,car,732.3866666666667,0.12300631404158693,1400.1045478680367,3367.26136042297,-230.10944231443463,car,0 days 00:28:13.079000
2024-09-14 12:15:18.869,0 days 00:28:13.319000,0 days 00:00:18.444000,10140,139,3,56,False,8,car,741.6533333333333,0.12456267567676876,1329.0757103965045,3341.663354521853,-229.45015196243455,car,0 days 00:28:13.319000
2024-09-14 12:15:19.149,0 days 00:28:13.599000,0 days 00:00:18.724000,10477,144,3,57,False,8,car,752.8533333333334,0.1264437458545425,1228.405176310938,3304.24650246096,-228.96805690180784,car,0 days 00:28:13.599000
2024-09-14 12:15:19.469,0 days 00:28:13.919000,0 days 00:00:19.044000,10845,149,3,57,False,8,car,766.0977777777778,0.1286681859854019,1047.2722407029087,3236.389368496285,-229.0079951473943,car,0 days 00:28:13.919000
2024-09-14 12:15:19.709,0 days 00:28:14.159000,0 days 00:00:19.284000,11140,152,3,57,False,8,car,776.231111111111,0.13037010662243526,952.6283737886067,3201.008091092015,-229.1266115929505,car,0 days 00:28:14.159000
2024-09-14 12:15:19.909,0 days 00:28:14.359000,0 days 00:00:19.484000,10340,156,3,58,False,8,car,784.8977777777777,0.13182569664095065,876.7522067204114,3172.8383913498137,-228.9520503141864,car,0 days 00:28:14.359000
2024-09-14 12:15:20.069,0 days 00:28:14.519000,0 days 00:00:19.644000,9369,158,3,61,False,8,car,791.9199999999998,0.13300509778415798,803.6645671161277,3145.879486083646,-228.51171463477033,car,0 days 00:28:14.519000
2024-09-14 12:15:20.269,0 days 00:28:14.719000,0 days 00:00:19.844000,9745,162,4,59,False,8,car,800.92,0.13451667203415474,717.4069669929612,3114.038957837942,-227.98867547015274,car,0 days 00:28:14.719000
2024-09-14 12:15:20.749,0 days 00:28:15.199000,0 days 00:00:20.324000,10304,169,4,59,False,8,car,823.4533333333333,0.13830120608229474,570.4728973990161,3059.0663927305814,-228.0047289863333,car,0 days 00:28:15.199000
2024-09-14 12:15:20.989,0 days 00:28:15.439000,0 days 00:00:20.564000,10244,173,4,59,False,8,car,834.9866666666666,0.1402382604915498,462.3157195224977,3018.6135211024075,-227.99975131660392,car,0 days 00:28:15.439000
2024-09-14 12:15:21.229,0 days 00:28:15.679000,0 days 00:00:20.804000,10650,175,4,60,False,8,car,846.6533333333332,0.14219770859339742,352.997632191299,2977.264074641748,-228.0008377344161,car,0 days 00:28:15.679000
2024-09-14 12:15:21.509,0 days 00:28:15.959000,0 days 00:00:21.084000,10952,180,4,59,False,8,car,860.6533333333332,0.1445490463156146,171.37811351954656,2909.1094781977563,-227.95155714396137,car,0 days 00:28:15.959000
2024-09-14 12:15:21.709,0 days 00:28:16.159000,0 days 00:00:21.284000,10936,182,4,58,False,8,car,870.7644444444443,0.1462472346705492,80.29672844702762,2874.29463344366,-228.30342708165568,car,0 days 00:28:16.159000
2024-09-14 12:15:21.909,0 days 00:28:16.359000,0 days 00:00:21.484000,11154,184,4,58,False,8,car,880.9866666666667,0.14796408443597764,26.883846746598174,2853.463706355427,-228.89263091817259,car,0 days 00:28:16.359000
2024-09-14 12:15:22.069,0 days 00:28:16.519000,0 days 00:00:21.644000,11119,186,4,58,False,8,car,889.2533333333332,0.14935249337671536,-43.035961904852066,2828.161447821837,-229.0036936253196,car,0 days 00:28:16.519000
2024-09-14 12:15:22.469,0 days 00:28:16.919000,0 days 00:00:22.044000,11353,190,4,57,False,8,car,910.3644444444444,0.1528981613705349,-238.28271702035707,2755.1463828362894,-229.60515647988686,car,0 days 00:28:16.919000
2024-09-14 12:15:22.709,0 days 00:28:17.159000,0 days 00:00:22.284000,11349,191,4,57,False,8,car,923.0977777777777,0.15503675901312286,-366.1254132886659,2707.5142467475207,-230.09527810800193,car,0 days 00:28:17.159000
2024-09-14 12:15:22.909,0 days 00:28:17.359000,0 days 00:00:22.484000,10649,193,5,57,False,8,car,933.82,0.15683758512577334,-482.0372256671556,2663.281221746022,-230.03729324177007,car,0 days 00:28:17.359000
2024-09-14 12:15:23.149,0 days 00:28:17.599000,0 days 00:00:22.724000,10024,196,5,57,False,8,car,946.8866666666667,0.15903216699984268,-623.3510281361732,2608.966545937125,-230.65113281640103,car,0 days 00:28:17.599000
2024-09-14 12:15:23.509,0 days 00:28:17.959000,0 days 00:00:23.084000,10020,198,5,55,False,8,car,966.6866666666666,0.1623576303498355,-819.5061907018528,2530.511830769818,-231.72234717993484,car,0 days 00:28:17.959000
2024-09-14 12:15:23.829,0 days 00:28:18.279000,0 days 00:00:23.404000,10178,200,5,56,False,8,car,984.4644444444444,0.16534345602884143,-958.9410605955538,2472.5535523125686,-232.0791606870268,car,0 days 00:28:18.279000
2024-09-14 12:15:24.069,0 days 00:28:18.519000,0 days 00:00:23.644000,10085,201,5,56,False,8,car,997.8644444444443,0.16759402213439212,-1048.1070977555087,2434.6778279399696,-231.99877807820548,car,0 days 00:28:18.519000
2024-09-14 12:15:24.389,0 days 00:28:18.839000,0 days 00:00:23.964000,10299,202,5,56,False,8,car,1015.8199999999998,0.17060970607018808,-1233.4366880669477,2354.543527010155,-231.9985510736679,car,0 days 00:28:18.839000
2024-09-14 12:15:24.629,0 days 00:28:19.079000,0 days 00:00:24.204000,10381,204,5,56,False,8,car,1029.4199999999998,0.17289386271462762,-1420.2486412804533,2272.5994984604454,-232.0424529166473,car,0 days 00:28:19.079000
2024-09-14 12:15:24.789,0 days 00:28:19.239000,0 days 00:00:24.364000,10394,205,5,57,False,8,car,1038.531111111111,0.17442409837511813,-1449.918117636625,2259.8768416545454,-232.11697218381985,car,0 days 00:28:19.239000
2024-09-14 12:15:25.069,0 days 00:28:19.519000,0 days 00:00:24.644000,10473,206,5,57,False,8,car,1054.553333333333,0.1771150737683222,-1565.9973917434163,2210.968732537779,-231.6740262306691,car,0 days 00:28:19.519000
2024-09-14 12:15:25.309,0 days 00:28:19.759000,0 days 00:00:24.884000,10529,207,5,57,False,8,car,1068.3533333333332,0.17943282095165058,-1694.9230793958902,2154.589882804447,-233.31810116883037,car,0 days 00:28:19.759000
2024-09-14 12:15:25.710,0 days 00:28:20.160000,0 days 00:00:25.285000,10627,209,5,57,False,8,car,1091.633611111111,0.18334280633183503,-1917.6089320272622,2058.364291413101,-232.8535924480184,car,0 days 00:28:20.160000
2024-09-14 12:15:25.989,0 days 00:28:20.439000,0 days 00:00:25.564000,10745,209,5,57,False,8,car,1107.8311111111109,0.18606322010009307,-2057.629273257389,1998.4957685112345,-233.09649156175192,car,0 days 00:28:20.439000
2024-09-14 12:15:26.269,0 days 00:28:20.719000,0 days 00:00:25.844000,10776,211,5,58,False,8,car,1124.2422222222222,0.18881951043002543,-2208.5753182084654,1932.635994158077,-231.8440112011209,car,0 days 00:28:20.719000
2024-09-14 12:15:26.589,0 days 00:28:21.039000,0 days 00:00:26.164000,10868,213,5,58,False,8,car,1143.1755555555555,0.19199941477816673,-2381.66984031884,1858.959868353517,-231.6376951632559,car,0 days 00:28:21.039000
2024-09-14 12:15:26.749,0 days 00:28:21.199000,0 days 00:00:26.324000,10927,214,5,58,False,8,car,1152.6866666666667,0.19359683151643492,-2468.882099798656,1821.1169405644598,-231.0233963005667,car,0 days 00:28:21.199000
2024-09-14 12:15:26.909,0 days 00:28:21.359000,0 days 00:00:26.484000,10931,215,5,57,False,8,car,1162.2422222222224,0.1952017128189006,-2556.400932658548,1782.6375304074081,-230.98010961135674,car,0 days 00:28:21.359000
2024-09-14 12:15:27.069,0 days 00:28:21.519000,0 days 00:00:26.644000,10918,215,5,54,False,8,car,1171.7977777777778,0.19680659412136628,-2639.421322276315,1747.240233377461,-231.0886893061637,car,0 days 00:28:21.519000
2024-09-14 12:15:27.269,0 days 00:28:21.719000,0 days 00:00:26.844000,10937,216,5,57,False,8,car,1183.797777777778,0.1988220264546953,-2769.2374224230866,1691.6845126061855,-230.71809210356548,car,0 days 00:28:21.719000
2024-09-14 12:15:27.669,0 days 00:28:22.119000,0 days 00:00:27.244000,10906,217,5,57,False,8,car,1207.9088888888891,0.20287155253184708,-3028.9912120707872,1579.2119115849468,-229.99237230335567,car,0 days 00:28:22.119000
2024-09-14 12:15:27.989,0 days 00:28:22.439000,0 days 00:00:27.564000,11074,218,5,53,False,8,car,1227.2866666666669,0.2061261025219635,-3166.953569956611,1519.637602262143,-229.61176688372348,car,0 days 00:28:22.439000
2024-09-14 12:15:28.229,0 days 00:28:22.679000,0 days 00:00:27.804000,11049,218,5,55,False,8,car,1241.8200000000002,0.20856701501455086,-3283.340681250181,1468.7201199139618,-228.62658054225273,car,0 days 00:28:22.679000
2024-09-14 12:15:28.549,0 days 00:28:22.999000,0 days 00:00:28.124000,10896,218,5,53,False,8,car,1261.197777777778,0.21182156500466728,-3461.3183424010385,1390.2469368448822,-228.01864581746776,car,0 days 00:28:22.999000
2024-09-14 12:15:28.789,0 days 00:28:23.239000,0 days 00:00:28.364000,10911,216,5,0,False,8,car,1275.597777777778,0.21424008380466208,-3602.485513389126,1327.2015584958185,-227.67070911623318,car,0 days 00:28:23.239000
2024-09-14 12:15:28.989,0 days 00:28:23.439000,0 days 00:00:28.564000,10887,213,5,0,False,8,car,1287.4311111111112,0.2162275240222504,-3729.4137479538067,1270.5430315971128,-226.73946288697073,car,0 days 00:28:23.439000
2024-09-14 12:15:29.349,0 days 00:28:23.799000,0 days 00:00:28.924000,10506,207,5,0,False,8,car,1308.1311111111113,0.2197041447972429,-3916.720186227075,1187.3498199075332,-226.0248544531947,car,0 days 00:28:23.799000
2024-09-14 12:15:29.629,0 days 00:28:24.079000,0 days 00:00:29.204000,10260,204,5,0,False,8,car,1323.997777777778,0.2223689942157557,-4034.0026161206674,1135.066601764142,-225.2878577792496,car,0 days 00:28:24.079000
2024-09-14 12:15:29.909,0 days 00:28:24.359000,0 days 00:00:29.484000,10142,200,5,0,False,8,car,1339.5533333333337,0.2249815916848859,-4232.6468537144765,1047.2405197727703,-224.03655340464252,car,0 days 00:28:24.359000
2024-09-14 12:15:30.149,0 days 00:28:24.599000,0 days 00:00:29.724000,9857,196,5,0,False,8,car,1352.6200000000003,0.22717617355895525,-4322.453103674282,1007.8098208428714,-223.89908712368202,car,0 days 00:28:24.599000
2024-09-14 12:15:30.389,0 days 00:28:24.839000,0 days 00:00:29.964000,9807,192,5,0,True,8,car,1365.4200000000003,0.2293259680478395,-4419.903743631372,963.8086584593154,-224.09296989881693,car,0 days 00:28:24.839000
2024-09-14 12:15:30.749,0 days 00:28:25.199000,0 days 00:00:30.324000,8687,169,5,0,True,8,car,1382.3200000000004,0.2321643685839445,-4586.413756437752,889.9710932078083,-222.9803937394283,car,0 days 00:28:25.199000
2024-09-14 12:15:30.909,0 days 00:28:25.359000,0 days 00:00:30.484000,8624,164,5,0,True,8,car,1389.6088888888894,0.23338855711233694,-4653.253294891004,860.4783788838266,-223.58885761260004,car,0 days 00:28:25.359000
2024-09-14 12:15:31.109,0 days 00:28:25.559000,0 days 00:00:30.684000,8949,157,4,0,True,8,car,1398.3311111111116,0.23485347783609922,-4731.159150773192,825.172670340859,-224.05027851433985,car,0 days 00:28:25.559000
2024-09-14 12:15:31.349,0 days 00:28:25.799000,0 days 00:00:30.924000,9548,136,4,0,True,8,car,1407.3977777777782,0.23637624893239223,-4819.7201952563055,785.8794684824212,-223.99877484592713,car,0 days 00:28:25.799000
2024-09-14 12:15:31.629,0 days 00:28:26.079000,0 days 00:00:31.204000,9216,129,3,0,False,8,car,1417.4311111111115,0.23806137429998117,-4914.559233001145,743.6718739320355,-224.000891937905,car,0 days 00:28:26.079000
2024-09-14 12:15:31.989,0 days 00:28:26.439000,0 days 00:00:31.564000,9075,127,3,0,False,8,car,1430.1311111111115,0.24019437351942105,-5030.504672015007,691.4339396323362,-224.0172829181956,car,0 days 00:28:26.439000
2024-09-14 12:15:32.230,0 days 00:28:26.680000,0 days 00:00:31.805000,8906,124,3,0,False,8,car,1438.4322222222227,0.24158856749741187,-5107.439063530611,657.9258018075352,-224.0192930574545,car,0 days 00:28:26.680000
2024-09-14 12:15:32.669,0 days 00:28:27.119000,0 days 00:00:32.244000,7821,117,3,0,True,8,car,1452.6997222222226,0.2439848325653928,-5263.243157718405,586.9780530805535,-224.9966880128885,car,0 days 00:28:27.119000
2024-09-14 12:15:32.949,0 days 00:28:27.399000,0 days 00:00:32.524000,8498,101,2,0,True,8,car,1460.5552777777782,0.24530419428730355,-5318.544100652345,561.168104216314,-225.00890970430586,car,0 days 00:28:27.399000
2024-09-14 12:15:33.269,0 days 00:28:27.719000,0 days 00:00:32.844000,8093,93,2,0,True,8,car,1468.8219444444449,0.2466926032280413,-5393.168005405679,523.485225762486,-224.96959106613866,car,0 days 00:28:27.719000
2024-09-14 12:15:33.469,0 days 00:28:27.919000,0 days 00:00:33.044000,7833,90,2,0,False,8,car,1473.8219444444449,0.2475323667002617,-5432.581751691518,501.5915290886048,-225.79509048608978,car,0 days 00:28:27.919000
2024-09-14 12:15:33.629,0 days 00:28:28.079000,0 days 00:00:33.204000,7649,89,2,0,False,8,car,1477.7775000000006,0.24819671291384057,-5478.746830951463,468.34354887194536,-226.03828733516335,car,0 days 00:28:28.079000
2024-09-14 12:15:33.949,0 days 00:28:28.399000,0 days 00:00:33.524000,7394,86,2,0,False,8,car,1485.421944444445,0.2494806179558131,-5526.866886618353,427.68767927085634,-225.9839601579725,car,0 days 00:28:28.399000
2024-09-14 12:15:34.189,0 days 00:28:28.639000,0 days 00:00:33.764000,7385,84,2,0,False,8,car,1491.0219444444451,0.2504211530447,-5560.447571908224,373.5697266956108,-226.0998059305082,car,0 days 00:28:28.639000
2024-09-14 12:15:34.469,0 days 00:28:28.919000,0 days 00:00:34.044000,6997,81,2,0,False,8,car,1497.321944444445,0.2514792550196977,-5585.974062666394,318.49445590499766,-225.56160831828902,car,0 days 00:28:28.919000
2024-09-14 12:15:34.789,0 days 00:28:29.239000,0 days 00:00:34.364000,7196,80,2,12,False,8,car,1504.4330555555562,0.2526735852913001,-5580.574858458511,257.6617826141116,-224.84757440110107,car,0 days 00:28:29.239000
2024-09-14 12:15:35.069,0 days 00:28:29.519000,0 days 00:00:34.644000,7305,81,2,18,False,8,car,1510.7330555555561,0.2537316872662978,-5565.1741280857805,184.88048986290548,-225.24094078728209,car,0 days 00:28:29.519000
2024-09-14 12:15:35.389,0 days 00:28:29.839000,0 days 00:00:34.964000,7369,84,2,27,False,8,car,1518.1997222222228,0.2549857340514803,-5535.623655053619,114.61635841988452,-226.0235710855069,car,0 days 00:28:29.839000
2024-09-14 12:15:35.549,0 days 00:28:29.999000,0 days 00:00:35.124000,7825,86,2,32,False,8,car,1522.0219444444451,0.25562768657246654,-5513.361324505328,67.12426276211363,-225.9667560054645,car,0 days 00:28:29.999000
2024-09-14 12:15:35.829,0 days 00:28:30.279000,0 days 00:00:35.404000,8035,91,2,35,False,8,car,1529.099722222223,0.2568164184209208,-5485.539986122227,10.185536822986114,-226.29686616910118,car,0 days 00:28:30.279000
2024-09-14 12:15:36.069,0 days 00:28:30.519000,0 days 00:00:35.644000,8362,92,2,37,False,8,car,1535.2330555555561,0.2578465282801778,-5469.087630905892,-20.763452828900945,-227.01262965834368,car,0 days 00:28:30.519000
2024-09-14 12:15:36.309,0 days 00:28:30.759000,0 days 00:00:35.884000,8745,96,2,39,False,8,car,1541.6330555555562,0.25892142552461994,-5431.337885504285,-95.28446578542496,-227.0410387009169,car,0 days 00:28:30.759000
2024-09-14 12:15:36.509,0 days 00:28:30.959000,0 days 00:00:36.084000,8835,99,2,42,False,8,car,1547.1330555555562,0.2598451653440624,-5402.274503648869,-158.45073332744022,-226.92237493767018,car,0 days 00:28:30.959000
2024-09-14 12:15:36.789,0 days 00:28:31.239000,0 days 00:00:36.364000,9247,103,2,42,False,8,car,1555.1441666666672,0.2611906530406644,-5373.728528068627,-228.7299148812453,-227.0581018453732,car,0 days 00:28:31.239000
2024-09-14 12:15:37.229,0 days 00:28:31.679000,0 days 00:00:36.804000,9726,110,2,44,False,8,car,1568.5886111111117,0.26344868371041263,-5342.278531003231,-315.0372187939871,-228.07352385870502,car,0 days 00:28:31.679000
2024-09-14 12:15:37.429,0 days 00:28:31.879000,0 days 00:00:37.004000,10071,113,2,46,False,8,car,1574.8663888888893,0.2645030534033116,-5320.499934306175,-382.1503646997704,-227.999862445698,car,0 days 00:28:31.879000
2024-09-14 12:15:37.669,0 days 00:28:32.119000,0 days 00:00:37.244000,10321,115,2,46,False,8,car,1582.533055555556,0.26579069072738293,-5291.617712516433,-476.3513609452933,-227.94950052147126,car,0 days 00:28:32.119000
2024-09-14 12:15:37.869,0 days 00:28:32.319000,0 days 00:00:37.444000,10522,117,2,47,False,8,car,1589.033055555556,0.26688238324126945,-5280.538705828402,-511.813979537637,-227.6078024074288,car,0 days 00:28:32.319000
2024-09-14 12:15:38.109,0 days 00:28:32.559000,0 days 00:00:37.684000,10564,121,2,48,False,8,car,1597.0997222222227,0.2682372016431184,-5243.844490687923,-616.2304823030398,-229.20911189724725,car,0 days 00:28:32.559000
2024-09-14 12:15:38.469,0 days 00:28:32.919000,0 days 00:00:38.044000,11078,125,2,47,False,8,car,1609.5997222222227,0.2703366103236694,-5201.56685444306,-727.4434637484802,-230.0999572343282,car,0 days 00:28:32.919000
2024-09-14 12:15:38.629,0 days 00:28:33.079000,0 days 00:00:38.204000,10904,126,2,47,False,8,car,1615.1997222222228,0.27127714541255626,-5182.578274555198,-771.5543399708806,-229.9447345947953,car,0 days 00:28:33.079000
2024-09-14 12:15:38.870,0 days 00:28:33.320000,0 days 00:00:38.445000,9784,129,3,46,False,8,car,1623.835555555556,0.27272755688965966,-5147.253201755239,-852.1404444559067,-230.61362847596064,car,0 days 00:28:33.320000
2024-09-14 12:15:39.110,0 days 00:28:33.560000,0 days 00:00:38.685000,9432,131,3,45,False,8,car,1632.5688888888894,0.27419434375447127,-5112.324628988197,-929.4179463693815,-230.9862316611928,car,0 days 00:28:33.560000
2024-09-14 12:15:39.349,0 days 00:28:33.799000,0 days 00:00:38.924000,9418,131,3,0,False,8,car,1641.2658333333338,0.27565501900734624,-5062.033296450071,-1037.7458755114692,-231.66896658704593,car,0 days 00:28:33.799000
2024-09-14 12:15:39.549,0 days 00:28:33.999000,0 days 00:00:39.124000,9027,130,3,0,False,8,car,1648.4880555555562,0.2768680106894424,-5025.004118772458,-1116.8304767079287,-232.08870692331033,car,0 days 00:28:33.999000
2024-09-14 12:15:39.869,0 days 00:28:34.319000,0 days 00:00:39.444000,8670,128,3,0,False,8,car,1659.865833333334,0.2787789391240062,-4991.689898081178,-1187.9234319420686,-231.91875586544953,car,0 days 00:28:34.319000
2024-09-14 12:15:40.309,0 days 00:28:34.759000,0 days 00:00:39.884000,7632,110,3,0,True,8,car,1673.3102777777783,0.2810369697937544,-4937.348054264896,-1310.9571267172662,-233.05824778915982,car,0 days 00:28:34.759000
2024-09-14 12:15:40.629,0 days 00:28:35.079000,0 days 00:00:40.204000,8142,95,2,0,True,8,car,1681.7547222222227,0.28245523699128217,-4902.995321836769,-1398.3344497822677,-233.0720125087446,car,0 days 00:28:35.079000
2024-09-14 12:15:40.789,0 days 00:28:35.239000,0 days 00:00:40.364000,7640,91,2,0,True,8,car,1685.799166666667,0.283134512333256,-4884.370391448089,-1452.9297305072726,-233.80488795926055,car,0 days 00:28:35.239000
2024-09-14 12:15:41.029,0 days 00:28:35.479000,0 days 00:00:40.604000,7487,86,2,0,False,8,car,1691.5325000000003,0.2840974411147354,-4864.0853963586305,-1524.4673842201573,-234.2588720095266,car,0 days 00:28:35.479000
2024-09-14 12:15:41.389,0 days 00:28:35.839000,0 days 00:00:40.964000,7156,85,2,0,False,8,car,1700.0325000000003,0.28552503901751014,-4850.425686290819,-1597.8162001261087,-233.99812327977605,car,0 days 00:28:35.839000
2024-09-14 12:15:41.549,0 days 00:28:35.999000,0 days 00:00:41.124000,7112,83,2,0,False,8,car,1703.7213888888891,0.28614459784590385,-4848.516331584886,-1617.9588100546534,-234.0857394730607,car,0 days 00:28:35.999000
2024-09-14 12:15:41.789,0 days 00:28:36.239000,0 days 00:00:41.364000,6790,80,2,0,False,8,car,1709.0547222222224,0.2870403455496056,-4849.876650069316,-1657.3789712898752,-233.86799037210332,car,0 days 00:28:36.239000
2024-09-14 12:15:42.069,0 days 00:28:36.519000,0 days 00:00:41.644000,6754,78,2,0,False,8,car,1715.121388888889,0.28805925856256637,-4860.4036727256,-1715.4843725829505,-236.0324698051567,car,0 days 00:28:36.519000
2024-09-14 12:15:42.309,0 days 00:28:36.759000,0 days 00:00:41.884000,6572,76,2,0,False,8,car,1720.1880555555556,0.28891021888108304,-4877.8683212282285,-1756.6924179554126,-234.14944830419452,car,0 days 00:28:36.759000
2024-09-14 12:15:42.469,0 days 00:28:36.919000,0 days 00:00:42.044000,6561,74,2,0,False,8,car,1723.4769444444444,0.2894625966316991,-4914.056795644941,-1800.5611489683833,-234.54623971322363,car,0 days 00:28:36.919000
2024-09-14 12:15:42.669,0 days 00:28:37.119000,0 days 00:00:42.244000,6614,73,2,10,False,8,car,1727.5325,0.2901437381147223,-4942.306100458725,-1830.0774736557714,-235.1777019851735,car,0 days 00:28:37.119000
2024-09-14 12:15:42.989,0 days 00:28:37.439000,0 days 00:00:42.564000,7060,76,2,25,False,8,car,1734.2880555555555,0.2912783518727446,-4981.444935737961,-1854.5858699719768,-234.9783567440423,car,0 days 00:28:37.439000
2024-09-14 12:15:43.309,0 days 00:28:37.759000,0 days 00:00:42.884000,7232,80,2,34,False,8,car,1741.3991666666666,0.29247268214434696,-5044.694194682666,-1892.0137049688358,-235.00244151793348,car,0 days 00:28:37.759000
2024-09-14 12:15:43.469,0 days 00:28:37.919000,0 days 00:00:43.044000,7603,84,2,36,False,8,car,1745.1325,0.2930997055369382,-5077.672614286654,-1907.595175018424,-234.9908887950607,car,0 days 00:28:37.919000
2024-09-14 12:15:43.749,0 days 00:28:38.199000,0 days 00:00:43.324000,7958,89,2,39,False,8,car,1752.0547222222222,0.29426231141070114,-5147.256617403182,-1937.3369958865655,-235.24007362367223,car,0 days 00:28:38.199000
2024-09-14 12:15:44.229,0 days 00:28:38.679000,0 days 00:00:43.804000,8830,98,2,47,False,8,car,1765.121388888889,0.2964568932847705,-5270.780734086388,-1985.5738586920384,-236.18791983718756,car,0 days 00:28:38.679000
2024-09-14 12:15:44.389,0 days 00:28:38.839000,0 days 00:00:43.964000,8830,100,2,48,False,8,car,1769.5658333333333,0.29720334970452195,-5298.522855941878,-1995.5844695172525,-236.0335117746077,car,0 days 00:28:38.839000
2024-09-14 12:15:44.589,0 days 00:28:39.039000,0 days 00:00:44.164000,9413,102,2,49,False,8,car,1775.2325,0.2981550816397051,-5346.629029225182,-2013.7658223806118,-235.91571325819123,car,0 days 00:28:39.039000
2024-09-14 12:15:44.789,0 days 00:28:39.239000,0 days 00:00:44.364000,9413,108,2,49,False,8,car,1781.2324999999998,0.29916279780636956,-5432.457083502519,-2045.3337972924253,-236.94861640375706,car,0 days 00:28:39.239000
2024-09-14 12:15:45.069,0 days 00:28:39.519000,0 days 00:00:44.644000,10270,114,2,51,False,8,car,1790.0991666666666,0.3006519783637738,-5490.6138984179015,-2067.1448675143142,-236.94339100991493,car,0 days 00:28:39.519000
2024-09-14 12:15:45.310,0 days 00:28:39.760000,0 days 00:00:44.885000,10533,117,2,53,False,8,car,1797.9316666666666,0.30196746784300704,-5570.285165705798,-2100.770229693495,-237.46972839438178,car,0 days 00:28:39.760000
2024-09-14 12:15:45.550,0 days 00:28:40,0 days 00:00:45.125000,10464,123,2,53,False,8,car,1806.1316666666667,0.30334467993744857,-5669.410396569675,-2143.682007445836,-238.15298834668647,car,0 days 00:28:40
2024-09-14 12:15:45.790,0 days 00:28:40.240000,0 days 00:00:45.365000,9318,127,3,53,False,8,car,1814.5983333333334,0.30476667941707514,-5741.586202920255,-2176.0916609071123,-237.9706627824193,car,0 days 00:28:40.240000
2024-09-14 12:15:46.069,0 days 00:28:40.519000,0 days 00:00:45.644000,9633,132,3,54,False,8,car,1824.8283333333331,0.30648483548123806,-5825.778860779315,-2213.6093124473678,-238.54825436379636,car,0 days 00:28:40.519000
2024-09-14 12:15:46.309,0 days 00:28:40.759000,0 days 00:00:45.884000,9770,136,3,55,False,8,car,1833.895,0.30800760657753107,-5892.9106297298895,-2242.988899669877,-239.00836657704284,car,0 days 00:28:40.759000
2024-09-14 12:15:46.629,0 days 00:28:41.079000,0 days 00:00:46.204000,10253,143,3,55,False,8,car,1846.6061111111112,0.31014247193802036,-6001.434213677152,-2288.3324879359416,-239.10061225758025,car,0 days 00:28:41.079000
2024-09-14 12:15:46.989,0 days 00:28:41.439000,0 days 00:00:46.564000,10418,146,3,56,False,8,car,1861.206111111111,0.3125945812769039,-6165.437368878577,-2355.996145114624,-240.17860553678,car,0 days 00:28:41.439000
2024-09-14 12:15:47.309,0 days 00:28:41.759000,0 days 00:00:46.884000,10905,152,3,56,False,8,car,1874.7172222222223,0.31486380879294845,-6248.280934763761,-2393.7198854661656,-239.97686800951834,car,0 days 00:28:41.759000
2024-09-14 12:15:47.669,0 days 00:28:42.119000,0 days 00:00:47.244000,11367,158,3,57,False,8,car,1890.5172222222222,0.31751746136516495,-6391.861813545742,-2462.6282825668172,-239.97596862508988,car,0 days 00:28:42.119000
2024-09-14 12:15:47.949,0 days 00:28:42.399000,0 days 00:00:47.524000,10247,162,3,50,False,8,car,1903.1172222222224,0.3196336653151604,-6499.776215989621,-2520.5835631171353,-240.2345036498025,car,0 days 00:28:42.399000
2024-09-14 12:15:48.269,0 days 00:28:42.719000,0 days 00:00:47.844000,10000,166,4,59,False,8,car,1917.8727777777779,0.3221119006287353,-6656.67930923945,-2612.3294039727048,-241.08491461281227,car,0 days 00:28:42.719000
2024-09-14 12:15:48.509,0 days 00:28:42.959000,0 days 00:00:48.084000,9957,167,4,56,False,8,car,1929.0061111111113,0.32398177396021277,-6758.131866500586,-2673.512758366699,-240.61836710939127,car,0 days 00:28:42.959000
2024-09-14 12:15:48.749,0 days 00:28:43.199000,0 days 00:00:48.324000,10401,172,4,58,False,8,car,1940.4727777777778,0.32590763152317154,-6820.671577318548,-2711.3893576929477,-240.01492488808455,car,0 days 00:28:43.199000
2024-09-14 12:15:48.989,0 days 00:28:43.439000,0 days 00:00:48.564000,10496,174,4,57,False,8,car,1952.072777777778,0.32785588277872296,-6918.671488233304,-2770.4386040864624,-240.0453642687628,car,0 days 00:28:43.439000
2024-09-14 12:15:49.189,0 days 00:28:43.639000,0 days 00:00:48.764000,10605,177,4,58,False,8,car,1961.9061111111114,0.32950741760742314,-6991.325956668319,-2813.519827943159,-239.7566692142585,car,0 days 00:28:43.639000
2024-09-14 12:15:49.549,0 days 00:28:43.999000,0 days 00:00:49.124000,9980,170,4,0,True,8,car,1978.9061111111114,0.3323626134129725,-7142.201403156725,-2899.1693078606095,-239.03592191593296,car,0 days 00:28:43.999000
2024-09-14 12:15:49.789,0 days 00:28:44.239000,0 days 00:00:49.364000,9402,153,4,0,True,8,car,1989.1061111111112,0.3340757308963021,-7234.421335369407,-2948.52842095267,-239.006705110285,car,0 days 00:28:44.239000
2024-09-14 12:15:49.989,0 days 00:28:44.439000,0 days 00:00:49.564000,9970,140,3,0,True,8,car,1996.883888888889,0.3353820296308672,-7310.0500737067905,-2989.9967124264817,-238.931073193855,car,0 days 00:28:44.439000
2024-09-14 12:15:50.349,0 days 00:28:44.799000,0 days 00:00:49.924000,10330,118,3,0,True,8,car,2008.683888888889,0.3373638714253074,-7415.011588837101,-3050.2311864266435,-240.01036432746562,car,0 days 00:28:44.799000
2024-09-14 12:15:50.549,0 days 00:28:44.999000,0 days 00:00:50.124000,9345,107,2,0,True,8,car,2014.6283333333336,0.338362256886725,-7471.298170644539,-3087.246876274205,-239.98955682718898,car,0 days 00:28:44.999000
2024-09-14 12:15:50.829,0 days 00:28:45.279000,0 days 00:00:50.404000,8556,95,2,0,True,8,car,2022.0172222222225,0.3396032406845619,-7560.7600073471585,-3151.907131113553,-240.01119763505636,car,0 days 00:28:45.279000
2024-09-14 12:15:51.109,0 days 00:28:45.559000,0 days 00:00:50.684000,8004,91,2,0,False,8,car,2029.095,0.3407919725330161,-7586.145982059032,-3175.1110686784887,-239.99641071958413,car,0 days 00:28:45.559000
2024-09-14 12:15:51.349,0 days 00:28:45.799000,0 days 00:00:50.924000,7683,89,2,0,False,8,car,2035.0283333333334,0.3417884918533843,-7629.237015503397,-3217.1473008911466,-240.12590658279743,car,0 days 00:28:45.799000
2024-09-14 12:15:51.509,0 days 00:28:45.959000,0 days 00:00:51.084000,7623,88,2,0,False,8,car,2038.9394444444447,0.3424453735027656,-7654.162292116193,-3243.6383573901885,-240.8436903833009,car,0 days 00:28:45.959000
2024-09-14 12:15:51.870,0 days 00:28:46.320000,0 days 00:00:51.445000,7411,84,2,0,False,8,car,2047.3627777777779,0.3438600950322996,-7716.14713659534,-3338.6546111202924,-240.9923900447413,car,0 days 00:28:46.320000
2024-09-14 12:15:52.190,0 days 00:28:46.640000,0 days 00:00:51.765000,7156,82,2,0,False,8,car,2054.6516666666666,0.345084283560692,-7731.356467915536,-3379.3778774226716,-240.9828242337175,car,0 days 00:28:46.640000
2024-09-14 12:15:52.430,0 days 00:28:46.880000,0 days 00:00:52.005000,6990,80,2,0,False,8,car,2059.985,0.3459800312643938,-7743.167214595062,-3433.4027295240544,-241.02632221183632,car,0 days 00:28:46.880000
2024-09-14 12:15:52.670,0 days 00:28:47.120000,0 days 00:00:52.245000,7041,79,2,0,False,8,car,2065.2516666666666,0.34686458212179927,-7740.947128441409,-3507.7099848441912,-242.14269518498546,car,0 days 00:28:47.120000
2024-09-14 12:15:52.869,0 days 00:28:47.319000,0 days 00:00:52.444000,6658,78,2,0,False,8,car,2069.5633333333335,0.3475887381560107,-7734.281349431938,-3535.0021613167464,-242.09642673360702,car,0 days 00:28:47.319000
2024-09-14 12:15:53.189,0 days 00:28:47.639000,0 days 00:00:52.764000,6652,76,2,0,False,8,car,2076.318888888889,0.3487233519140329,-7711.570003974493,-3592.521679256813,-241.99526039025068,car,0 days 00:28:47.639000
2024-09-14 12:15:53.509,0 days 00:28:47.959000,0 days 00:00:53.084000,6412,76,2,0,False,8,car,2083.0744444444445,0.3498579656720552,-7677.096289484352,-3664.3903265501262,-241.9987199036039,car,0 days 00:28:47.959000
2024-09-14 12:15:53.669,0 days 00:28:48.119000,0 days 00:00:53.244000,6412,73,2,0,False,8,car,2086.318888888889,0.35040287885847377,-7656.9084606700135,-3705.064288204194,-241.99958109200418,car,0 days 00:28:48.119000
2024-09-14 12:15:53.909,0 days 00:28:48.359000,0 days 00:00:53.484000,6204,73,2,0,False,8,car,2091.1855555555558,0.35122024863810164,-7644.299550929585,-3731.880569313608,-242.00290790070844,car,0 days 00:28:48.359000
2024-09-14 12:15:54.069,0 days 00:28:48.519000,0 days 00:00:53.644000,6111,71,2,0,False,8,car,2094.3411111111113,0.3517502326961252,-7635.622218105434,-3753.6115721100655,-241.99203173396586,car,0 days 00:28:48.519000
2024-09-14 12:15:54.349,0 days 00:28:48.799000,0 days 00:00:53.924000,5989,69,2,0,False,8,car,2099.707777777778,0.35265157882297515,-7617.2788540580605,-3806.9605671159934,-242.04631954500377,car,0 days 00:28:48.799000
2024-09-14 12:15:54.509,0 days 00:28:48.959000,0 days 00:00:54.084000,5722,68,2,1,False,8,car,2102.7300000000005,0.3531591691884062,-7611.109962919797,-3834.94740068823,-241.93719623571104,car,0 days 00:28:48.959000
2024-09-14 12:15:54.949,0 days 00:28:49.399000,0 days 00:00:54.524000,6111,68,2,12,False,8,car,2111.0411111111116,0.3545550426933414,-7614.39993128409,-3912.908075569714,-240.99625039777456,car,0 days 00:28:49.399000
2024-09-14 12:15:55.189,0 days 00:28:49.639000,0 days 00:00:54.764000,6542,70,2,18,False,8,car,2115.707777777778,0.35533882193408045,-7631.6907704674795,-3953.8621895603,-241.00001653443775,car,0 days 00:28:49.639000
2024-09-14 12:15:55.429,0 days 00:28:49.879000,0 days 00:00:55.004000,6334,73,2,24,False,8,car,2120.574444444445,0.3561561917137083,-7658.274140148597,-3991.336196377336,-240.98734364272008,car,0 days 00:28:49.879000
2024-09-14 12:15:55.749,0 days 00:28:50.199000,0 days 00:00:55.324000,7013,78,2,30,False,8,car,2127.5077777777783,0.35732066372852067,-7722.377214724967,-4051.1791112525543,-240.986887824353,car,0 days 00:28:50.199000
2024-09-14 12:15:55.909,0 days 00:28:50.359000,0 days 00:00:55.484000,7013,79,2,31,False,8,car,2131.0188888888897,0.35791036430012435,-7741.894024427003,-4067.3621561141604,-240.4786095331525,car,0 days 00:28:50.359000
2024-09-14 12:15:56.069,0 days 00:28:50.519000,0 days 00:00:55.644000,7427,79,2,35,False,8,car,2134.5300000000007,0.35850006487172803,-7765.673778043188,-4084.1412545120143,-239.98516335389394,car,0 days 00:28:50.519000
2024-09-14 12:15:56.309,0 days 00:28:50.759000,0 days 00:00:55.884000,7857,86,2,37,False,8,car,2140.2633333333342,0.35946299365320744,-7832.065139777935,-4128.235123519726,-239.95653579233962,car,0 days 00:28:50.759000
2024-09-14 12:15:56.549,0 days 00:28:50.999000,0 days 00:00:56.124000,7962,91,2,40,False,8,car,2146.330000000001,0.36048190666616825,-7870.629010298394,-4152.738456139526,-240.19184811120707,car,0 days 00:28:50.999000
2024-09-14 12:15:56.749,0 days 00:28:51.199000,0 days 00:00:56.324000,8458,94,2,41,False,8,car,2151.552222222223,0.3613589929593762,-7904.832123984239,-4174.420289043537,-239.56699237753352,car,0 days 00:28:51.199000
2024-09-14 12:15:56.909,0 days 00:28:51.359000,0 days 00:00:56.484000,8458,96,2,42,False,8,car,2155.81888888889,0.36207559112233767,-7942.210452187189,-4197.872955955278,-238.8954129973373,car,0 days 00:28:51.359000
2024-09-14 12:15:57.229,0 days 00:28:51.679000,0 days 00:00:56.804000,8980,102,2,44,False,8,car,2164.8855555555565,0.3635983622186307,-8016.962531693192,-4244.640444252068,-238.99143602798537,car,0 days 00:28:51.679000
2024-09-14 12:15:57.429,0 days 00:28:51.879000,0 days 00:00:57.004000,9483,106,2,45,False,8,car,2170.774444444445,0.36458741697480135,-8064.779637829216,-4276.3647621990785,-239.11745576671126,car,0 days 00:28:51.879000
2024-09-14 12:15:57.629,0 days 00:28:52.079000,0 days 00:00:57.204000,9575,109,2,47,False,8,car,2176.830000000001,0.36560446384671275,-8113.444254434004,-4310.546392959228,-238.57337205555245,car,0 days 00:28:52.079000
2024-09-14 12:15:57.789,0 days 00:28:52.239000,0 days 00:00:57.364000,9575,111,2,47,False,8,car,2181.7633333333342,0.3664330304726369,-8152.979708192197,-4339.791921362047,-237.90939928335666,car,0 days 00:28:52.239000
2024-09-14 12:15:58.109,0 days 00:28:52.559000,0 days 00:00:57.684000,10251,114,2,49,False,8,car,2191.8966666666674,0.36813495110967026,-8233.215629850258,-4401.778681915818,-238.00079138626924,car,0 days 00:28:52.559000
2024-09-14 12:15:58.349,0 days 00:28:52.799000,0 days 00:00:57.924000,10614,120,2,50,False,8,car,2199.8966666666674,0.36947857266522294,-8309.463341314833,-4462.36438721311,-238.0916746754945,car,0 days 00:28:52.799000
2024-09-14 12:15:58.630,0 days 00:28:53.080000,0 days 00:00:58.205000,9774,125,2,49,False,8,car,2209.653611111112,0.37111727777420855,-8365.133977100762,-4507.671907373805,-237.43885763363258,car,0 days 00:28:53.080000
2024-09-14 12:15:58.790,0 days 00:28:53.240000,0 days 00:00:58.365000,9314,126,3,51,False,8,car,2215.2536111111117,0.3720578128630954,-8409.629964978689,-4542.843821162769,-237.0136065075921,car,0 days 00:28:53.240000
2024-09-14 12:15:59.110,0 days 00:28:53.560000,0 days 00:00:58.685000,9537,131,3,51,False,8,car,2226.8980555555563,0.3740135286828443,-8546.69053471352,-4647.70424120605,-237.01713103594835,car,0 days 00:28:53.560000
2024-09-14 12:15:59.469,0 days 00:28:53.919000,0 days 00:00:59.044000,9813,136,3,53,False,8,car,2240.460277777778,0.3762913404477159,-8603.51656359444,-4690.497891452305,-236.9990089610212,car,0 days 00:28:53.919000
2024-09-14 12:15:59.789,0 days 00:28:54.239000,0 days 00:00:59.364000,10380,143,3,55,False,8,car,2253.1713888888894,0.37842620580820513,-8756.111743735573,-4805.325731572177,-237.00001497005215,car,0 days 00:28:54.239000
2024-09-14 12:15:59.949,0 days 00:28:54.399000,0 days 00:00:59.524000,10556,146,3,55,False,8,car,2259.6602777777784,0.37951603218104235,-8803.991254224733,-4840.960534301917,-237.00104728512844,car,0 days 00:28:54.399000
2024-09-14 12:16:00.269,0 days 00:28:54.719000,0 days 00:00:59.844000,10942,150,3,55,False,8,car,2272.993611111112,0.3817554014402968,-8866.041720195994,-4887.471881644463,-237.0003963806027,car,0 days 00:28:54.719000
2024-09-14 12:16:00.469,0 days 00:28:54.919000,0 days 00:01:00.044000,11144,154,3,57,False,8,car,2281.549166666667,0.3831923300483183,-8973.905294935183,-4969.5921886851465,-237.00433669512867,car,0 days 00:28:54.919000
2024-09-14 12:16:00.669,0 days 00:28:55.119000,0 days 00:01:00.244000,11347,155,3,59,False,8,car,2290.1602777777784,0.38463858936158685,-9044.482057965219,-5023.362014424236,-237.0840748679539,car,0 days 00:28:55.119000
2024-09-14 12:16:00.829,0 days 00:28:55.279000,0 days 00:01:00.404000,10507,161,3,59,False,8,car,2297.315833333334,0.38584038419738675,-9084.872684678263,-5054.19581545372,-237.05693730152623,car,0 days 00:28:55.279000
2024-09-14 12:16:01.309,0 days 00:28:55.759000,0 days 00:01:00.884000,10346,169,4,74,False,8,car,2319.8491666666673,0.3896249182455267,-9235.148054555924,-5169.035072880794,-236.02867908529035,car,0 days 00:28:55.759000
2024-09-14 12:16:01.749,0 days 00:28:56.199000,0 days 00:01:01.324000,10940,180,4,71,False,8,car,2341.8491666666673,0.39331987752329656,-9407.50278278971,-5299.423880463395,-236.00198237394005,car,0 days 00:28:56.199000
2024-09-14 12:16:01.949,0 days 00:28:56.399000,0 days 00:01:01.524000,10996,184,4,74,False,8,car,2352.0713888888895,0.3950367272887249,-9528.309840598624,-5391.394636822333,-235.95384689806022,car,0 days 00:28:56.399000
2024-09-14 12:16:02.149,0 days 00:28:56.599000,0 days 00:01:01.724000,11378,188,4,76,False,8,car,2362.515833333334,0.3967908998751409,-9566.02237619812,-5420.518830420982,-235.2340328108085,car,0 days 00:28:56.599000
2024-09-14 12:16:02.549,0 days 00:28:56.999000,0 days 00:01:02.124000,11459,196,4,78,False,8,car,2384.293611111112,0.40044853633192323,-9847.604908218702,-5635.821650877281,-235.015680660319,car,0 days 00:28:56.999000
2024-09-14 12:16:02.789,0 days 00:28:57.239000,0 days 00:01:02.364000,10834,185,4,0,True,8,car,2396.626944444445,0.40251995289673353,-9889.359687556882,-5666.612738606387,-234.999811340832,car,0 days 00:28:57.239000
2024-09-14 12:16:03.149,0 days 00:28:57.599000,0 days 00:01:02.724000,9306,153,4,0,True,8,car,2411.9269444444453,0.405089629121728,-10024.544295460466,-5767.924537552323,-234.9338992390206,car,0 days 00:28:57.599000
2024-09-14 12:16:03.469,0 days 00:28:57.919000,0 days 00:01:03.044000,9557,133,4,0,True,8,car,2423.7491666666674,0.40707520319826695,-10138.841446780974,-5853.634337441023,-235.2440123413289,car,0 days 00:28:57.919000
2024-09-14 12:16:03.789,0 days 00:28:58.239000,0 days 00:01:03.364000,8794,119,3,0,True,8,car,2434.3269444444454,0.4088517694772755,-10211.787593870558,-5909.833030539055,-235.64464084856672,car,0 days 00:28:58.239000
2024-09-14 12:16:03.949,0 days 00:28:58.399000,0 days 00:01:03.524000,9540,111,3,0,True,8,car,2439.260277777779,0.40968033610319965,-10273.60993511347,-5958.547274662351,-234.2003908087281,car,0 days 00:28:58.399000
2024-09-14 12:16:04.309,0 days 00:28:58.759000,0 days 00:01:03.884000,8847,102,2,0,False,8,car,2449.4602777777786,0.41139345358652923,-10326.395924135753,-6001.682428846187,-233.9536745739514,car,0 days 00:28:58.759000
2024-09-14 12:16:04.629,0 days 00:28:59.079000,0 days 00:01:04.204000,8433,97,2,0,False,8,car,2458.082500000001,0.4128415790408471,-10428.192751767216,-6083.854680408256,-234.1276542583331,car,0 days 00:28:59.079000
2024-09-14 12:16:04.829,0 days 00:28:59.279000,0 days 00:01:04.404000,8352,96,2,0,False,8,car,2463.4158333333344,0.41373732674454894,-10448.574506577306,-6100.541086747461,-235.31254913226147,car,0 days 00:28:59.279000
2024-09-14 12:16:05.070,0 days 00:28:59.520000,0 days 00:01:04.645000,7723,89,2,0,True,8,car,2469.3738888888897,0.414737998228752,-10484.676438018005,-6127.527020098632,-236.61994023046213,car,0 days 00:28:59.520000
2024-09-14 12:16:05.270,0 days 00:28:59.720000,0 days 00:01:04.845000,7839,83,2,0,True,8,car,2473.985000000001,0.4155124467642442,-10526.372866718088,-6157.381501885171,-237.0593174377708,car,0 days 00:28:59.720000
2024-09-14 12:16:05.510,0 days 00:28:59.960000,0 days 00:01:05.085000,8003,77,1,0,True,8,car,2479.1183333333342,0.4163746039290571,-10569.317857109712,-6185.823771366113,-236.99236285969107,car,0 days 00:28:59.960000
2024-09-14 12:16:05.790,0 days 00:29:00.240000,0 days 00:01:05.365000,7443,69,1,0,True,8,car,2484.485000000001,0.41727595005590706,-10617.918265647526,-6211.103834957923,-236.99455666107824,car,0 days 00:29:00.240000
2024-09-14 12:16:05.950,0 days 00:29:00.400000,0 days 00:01:05.525000,7205,68,1,0,False,8,car,2487.5072222222234,0.4177835404213381,-10645.198608976127,-6222.212969836134,-237.17369809802315,car,0 days 00:29:00.400000
2024-09-14 12:16:06.269,0 days 00:29:00.719000,0 days 00:01:05.844000,7098,65,1,0,False,8,car,2493.2669444444455,0.41875090128780973,-10699.306354909371,-6237.530681992274,-235.84338505091438,car,0 days 00:29:00.719000
2024-09-14 12:16:06.469,0 days 00:29:00.919000,0 days 00:01:06.044000,6743,63,1,0,False,8,car,2496.7669444444455,0.41933873571836405,-10743.637061736881,-6235.397203310672,-235.0824392768668,car,0 days 00:29:00.919000
2024-09-14 12:16:06.669,0 days 00:29:01.119000,0 days 00:01:06.244000,6589,61,1,0,False,8,car,2500.1558333333346,0.4199079087384246,-10770.171000690509,-6229.18675691576,-235.0284642332861,car,0 days 00:29:01.119000
2024-09-14 12:16:07.109,0 days 00:29:01.559000,0 days 00:01:06.684000,6772,58,1,7,False,8,car,2507.2447222222236,0.4210985067279282,-10822.522084098004,-6189.4294304036575,-234.01036879476266,car,0 days 00:29:01.559000
2024-09-14 12:16:07.349,0 days 00:29:01.799000,0 days 00:01:06.924000,6818,60,1,11,False,8,car,2511.2447222222236,0.42177031750570454,-10848.364881134796,-6160.3228456728975,-233.76625059959923,car,0 days 00:29:01.799000
2024-09-14 12:16:07.749,0 days 00:29:02.199000,0 days 00:01:07.324000,7228,64,1,20,False,8,car,2518.3558333333344,0.42296464777730686,-10894.836842439756,-6078.65909259285,-231.95193316389822,car,0 days 00:29:02.199000
2024-09-14 12:16:08.069,0 days 00:29:02.519000,0 days 00:01:07.644000,7743,68,1,27,False,8,car,2524.400277777779,0.4239798285081689,-10911.095085797762,-6044.3714452663,-232.22238735198144,car,0 days 00:29:02.519000
2024-09-14 12:16:08.269,0 days 00:29:02.719000,0 days 00:01:07.844000,8163,71,1,30,False,8,car,2528.3447222222235,0.42464230858069835,-10924.65369673934,-6009.293768237873,-230.95653776386422,car,0 days 00:29:02.719000
2024-09-14 12:16:08.509,0 days 00:29:02.959000,0 days 00:01:08.084000,8525,75,1,36,False,8,car,2533.3447222222235,0.4254820720529187,-10947.257987043722,-5950.071469672635,-230.83996838007533,car,0 days 00:29:02.959000
2024-09-14 12:16:08.669,0 days 00:29:03.119000,0 days 00:01:08.244000,8686,78,1,38,False,8,car,2536.81138888889,0.4260643080603249,-10959.886023574469,-5915.19383636812,-231.10770043655242,car,0 days 00:29:03.119000
2024-09-14 12:16:08.949,0 days 00:29:03.399000,0 days 00:01:08.524000,9009,84,1,42,False,8,car,2543.3447222222235,0.42716159899735956,-10974.754308960713,-5869.1058056164775,-231.23122856895196,car,0 days 00:29:03.399000
2024-09-14 12:16:09.149,0 days 00:29:03.599000,0 days 00:01:08.724000,9840,85,1,44,False,8,car,2548.0669444444457,0.42795470894334553,-10987.668158087256,-5829.728830826498,-230.28788580108196,car,0 days 00:29:03.599000
2024-09-14 12:16:09.349,0 days 00:29:03.799000,0 days 00:01:08.924000,10184,91,1,45,False,8,car,2553.1225000000013,0.42880380312081284,-11008.382085892594,-5763.741072968249,-229.9760136418323,car,0 days 00:29:03.799000
2024-09-14 12:16:09.509,0 days 00:29:03.959000,0 days 00:01:09.084000,10318,93,1,47,False,8,car,2557.2558333333345,0.4294980075911817,-11025.30034208111,-5708.64153322523,-230.07449819297076,car,0 days 00:29:03.959000
2024-09-14 12:16:09.829,0 days 00:29:04.279000,0 days 00:01:09.404000,10838,101,1,48,False,8,car,2566.233611111112,0.43100584955907967,-11050.336174744469,-5625.228734566477,-229.88771788199193,car,0 days 00:29:04.279000
2024-09-14 12:16:09.989,0 days 00:29:04.439000,0 days 00:01:09.564000,9718,102,2,49,False,8,car,2570.7669444444455,0.43176723510722614,-11058.443863967721,-5596.754621412434,-229.46316556069294,car,0 days 00:29:04.439000
2024-09-14 12:16:10.189,0 days 00:29:04.639000,0 days 00:01:09.764000,9468,102,2,51,False,8,car,2576.4336111111124,0.43271896704240936,-11069.198466093909,-5558.351166642752,-229.02212292861756,car,0 days 00:29:04.639000
2024-09-14 12:16:10.349,0 days 00:29:04.799000,0 days 00:01:09.924000,9871,110,2,54,False,8,car,2581.3225000000016,0.433540069104136,-11082.21820829929,-5512.844675962356,-229.07491710707788,car,0 days 00:29:04.799000
2024-09-14 12:16:10.669,0 days 00:29:05.119000,0 days 00:01:10.244000,10291,117,2,54,False,8,car,2591.722500000001,0.4352867771263544,-11114.210355827712,-5404.285474647841,-227.6574552282367,car,0 days 00:29:05.119000
2024-09-14 12:16:10.909,0 days 00:29:05.359000,0 days 00:01:10.484000,10926,121,2,57,False,8,car,2599.789166666668,0.4366415955282033,-11149.485821891387,-5287.320581393882,-227.02309510682127,car,0 days 00:29:05.359000
2024-09-14 12:16:11.309,0 days 00:29:05.759000,0 days 00:01:10.884000,10531,131,2,62,False,8,car,2614.3447222222235,0.43908624030288945,-11190.833916077205,-5155.599208939484,-226.00297933236124,car,0 days 00:29:05.759000
2024-09-14 12:16:11.469,0 days 00:29:05.919000,0 days 00:01:11.044000,9853,135,2,59,False,8,car,2620.3447222222235,0.44009395646955396,-11208.266397482716,-5099.023151956616,-225.81472684832625,car,0 days 00:29:05.919000
2024-09-14 12:16:11.630,0 days 00:29:06.080000,0 days 00:01:11.205000,10074,140,3,61,False,8,car,2626.6058333333344,0.44114552695087883,-11225.899640347636,-5040.038510525543,-224.95345080237246,car,0 days 00:29:06.080000
2024-09-14 12:16:11.790,0 days 00:29:06.240000,0 days 00:01:11.365000,10074,142,3,61,False,8,car,2632.9169444444456,0.4422054950669259,-11244.32080905744,-4980.151039341203,-224.0805792027468,car,0 days 00:29:06.240000
2024-09-14 12:16:11.990,0 days 00:29:06.440000,0 days 00:01:11.565000,10218,142,3,0,True,8,car,2640.8058333333347,0.4435304552119848,-11266.86942283068,-4904.018434988521,-223.98643171466773,car,0 days 00:29:06.440000
2024-09-14 12:16:12.190,0 days 00:29:06.640000,0 days 00:01:11.765000,9310,131,3,0,True,8,car,2648.0836111111125,0.44475277759932785,-11287.759771600466,-4832.204152600283,-223.05768490043874,car,0 days 00:29:06.640000
2024-09-14 12:16:12.430,0 days 00:29:06.880000,0 days 00:01:12.005000,9165,124,3,0,True,8,car,2656.350277777779,0.44614118654006557,-11312.236768087729,-4750.799722507376,-222.16412296079213,car,0 days 00:29:06.880000
2024-09-14 12:16:12.670,0 days 00:29:07.120000,0 days 00:01:12.245000,9111,101,2,0,True,8,car,2663.0836111111125,0.4472720680159891,-11332.06305187963,-4684.501423163776,-221.39938975872445,car,0 days 00:29:07.120000
2024-09-14 12:16:12.869,0 days 00:29:07.319000,0 days 00:01:12.444000,8706,91,2,0,True,8,car,2668.1138888888904,0.4481169167225691,-11350.64760861389,-4622.7581263947295,-220.39546428580437,car,0 days 00:29:07.319000
2024-09-14 12:16:13.149,0 days 00:29:07.599000,0 days 00:01:12.724000,9098,81,1,0,False,8,car,2674.4138888888906,0.4491750186975669,-11368.4566281064,-4562.407754173078,-220.10767075703004,car,0 days 00:29:07.599000
2024-09-14 12:16:13.309,0 days 00:29:07.759000,0 days 00:01:12.884000,9098,81,1,0,False,8,car,2678.0138888888905,0.44977964839756557,-11377.129131409529,-4533.390964469768,-219.6948932393149,car,0 days 00:29:07.759000
2024-09-14 12:16:13.469,0 days 00:29:07.919000,0 days 00:01:13.044000,8678,79,1,0,False,8,car,2681.5250000000015,0.4503693489691692,-11388.227731808685,-4497.771777536096,-218.77794432828927,car,0 days 00:29:07.919000
2024-09-14 12:16:13.669,0 days 00:29:08.119000,0 days 00:01:13.244000,8614,78,1,0,False,8,car,2685.858333333335,0.4510971439784269,-11401.77212944435,-4456.437231495324,-218.12953882411355,car,0 days 00:29:08.119000
2024-09-14 12:16:13.909,0 days 00:29:08.359000,0 days 00:01:13.484000,8354,76,1,0,False,8,car,2690.9250000000015,0.4519481042969436,-11419.353237607062,-4409.638824618769,-217.04671746109278,car,0 days 00:29:08.359000
2024-09-14 12:16:14.069,0 days 00:29:08.519000,0 days 00:01:13.644000,8046,74,1,0,False,8,car,2694.213888888891,0.4525004820475597,-11433.563646351573,-4383.439830472279,-217.23696560246665,car,0 days 00:29:08.519000
2024-09-14 12:16:14.349,0 days 00:29:08.799000,0 days 00:01:13.924000,7902,72,1,5,False,8,car,2699.8138888888907,0.4534410171364466,-11474.317338808676,-4349.228636905902,-214.9127011553367,car,0 days 00:29:08.799000
2024-09-14 12:16:14.549,0 days 00:29:08.999000,0 days 00:01:14.124000,8114,72,1,14,False,8,car,2703.8138888888907,0.4541128279142229,-11508.70957784903,-4332.070938908089,-213.53407161430604,car,0 days 00:29:08.999000
2024-09-14 12:16:14.829,0 days 00:29:09.279000,0 days 00:01:14.404000,8268,73,1,25,False,8,car,2709.4916666666686,0.45506642599045544,-11592.223321718106,-4294.149430704663,-209.6839203157637,car,0 days 00:29:09.279000
2024-09-14 12:16:14.989,0 days 00:29:09.439000,0 days 00:01:14.564000,8614,74,1,31,False,8,car,2712.7805555555574,0.4556188037410715,-11607.996383573773,-4286.615800993898,-208.6988186811505,car,0 days 00:29:09.439000
2024-09-14 12:16:15.149,0 days 00:29:09.599000,0 days 00:01:14.724000,8462,77,1,32,False,8,car,2716.20277777778,0.4561935751842802,-11625.585543922383,-4279.112490023827,-206.3968536779833,car,0 days 00:29:09.599000
2024-09-14 12:16:15.389,0 days 00:29:09.839000,0 days 00:01:14.964000,9024,80,1,38,False,8,car,2721.536111111113,0.45708932288798193,-11675.566401285456,-4258.836558468736,-201.00579279144875,car,0 days 00:29:09.839000
2024-09-14 12:16:15.589,0 days 00:29:10.039000,0 days 00:01:15.164000,9306,83,1,39,False,8,car,2726.147222222224,0.4578637714234741,-11717.358067906207,-4242.892839496168,-198.22604958502635,car,0 days 00:29:10.039000
2024-09-14 12:16:15.829,0 days 00:29:10.279000,0 days 00:01:15.404000,9771,87,1,39,False,8,car,2731.947222222224,0.4588378970512497,-11772.555873580095,-4226.095508330467,-192.09104148247383,car,0 days 00:29:10.279000
2024-09-14 12:16:16.109,0 days 00:29:10.559000,0 days 00:01:15.684000,10199,89,1,41,False,8,car,2738.8694444444463,0.4600005029250127,-11838.927058744752,-4208.593277776703,-182.8586503781338,car,0 days 00:29:10.559000
2024-09-14 12:16:16.389,0 days 00:29:10.839000,0 days 00:01:15.964000,9680,92,1,42,False,8,car,2746.025000000002,0.4612022977608126,-11908.07711974108,-4196.448854274535,-178.34309181287097,car,0 days 00:29:10.839000
2024-09-14 12:16:16.629,0 days 00:29:11.079000,0 days 00:01:16.204000,8484,94,2,41,False,8,car,2752.2916666666683,0.46225480131266217,-11965.056586449226,-4190.014488241968,-170.3215327321559,car,0 days 00:29:11.079000
2024-09-14 12:16:16.829,0 days 00:29:11.279000,0 days 00:01:16.404000,8323,96,2,41,False,8,car,2757.625000000002,0.46315054901636393,-12044.209955832537,-4183.531157071179,-159.81550552933544,car,0 days 00:29:11.279000
2024-09-14 12:16:16.989,0 days 00:29:11.439000,0 days 00:01:16.564000,8323,98,2,41,False,8,car,2761.980555555557,0.4638820763077204,-12107.503700862557,-4178.207282585067,-152.18135176685377,car,0 days 00:29:11.439000
2024-09-14 12:16:17.189,0 days 00:29:11.639000,0 days 00:01:16.764000,8867,98,2,24,True,8,car,2767.4250000000015,0.46479648542191593,-12161.34063204852,-4173.058124109219,-146.74830624999387,car,0 days 00:29:11.639000
2024-09-14 12:16:17.549,0 days 00:29:11.999000,0 days 00:01:17.124000,7980,90,2,0,False,8,car,2776.4250000000015,0.46630805967191263,-12219.662078715954,-4166.868089135389,-141.32964836859588,car,0 days 00:29:11.999000
2024-09-14 12:16:17.909,0 days 00:29:12.359000,0 days 00:01:17.484000,7606,86,2,0,False,8,car,2785.0250000000015,0.46775245284413175,-12319.18141697943,-4141.178862468293,-139.7592423697323,car,0 days 00:29:12.359000
2024-09-14 12:16:18.109,0 days 00:29:12.559000,0 days 00:01:17.684000,7166,85,2,0,False,8,car,2789.7472222222236,0.46854556279011766,-12357.527594562196,-4129.110693254022,-140.98345915273222,car,0 days 00:29:12.559000
2024-09-14 12:16:18.390,0 days 00:29:12.840000,0 days 00:01:17.965000,7131,82,2,0,False,8,car,2796.1477777777795,0.46962055334161235,-12396.670249221044,-4108.077378241882,-142.14059760165583,car,0 days 00:29:12.840000
2024-09-14 12:16:18.710,0 days 00:29:13.160000,0 days 00:01:18.285000,7381,81,2,18,False,8,car,2803.3477777777794,0.47082981274160973,-12455.4356021901,-4065.8812225119154,-142.0391229022946,car,0 days 00:29:13.160000
2024-09-14 12:16:19.030,0 days 00:29:13.480000,0 days 00:01:18.605000,7680,84,2,30,False,8,car,2810.814444444446,0.4720838595267922,-12498.618972414884,-4011.088026617761,-144.31409124707403,car,0 days 00:29:13.480000
2024-09-14 12:16:19.430,0 days 00:29:13.880000,0 days 00:01:19.005000,8144,89,2,38,False,8,car,2820.7033333333347,0.4737447250607392,-12528.296776853105,-3903.9845289780756,-149.09858156305677,car,0 days 00:29:13.880000
2024-09-14 12:16:19.869,0 days 00:29:14.319000,0 days 00:01:19.444000,7672,93,2,0,True,8,car,2832.0441666666684,0.47564944857631386,-12532.252800349008,-3803.525048491034,-156.2453951602395,car,0 days 00:29:14.319000
2024-09-14 12:16:20.149,0 days 00:29:14.599000,0 days 00:01:19.724000,9030,84,2,0,True,8,car,2838.5775000000017,0.4767467395133485,-12537.508365900809,-3732.826923679364,-159.76508627529614,car,0 days 00:29:14.599000
2024-09-14 12:16:20.349,0 days 00:29:14.799000,0 days 00:01:19.924000,8814,81,1,0,False,8,car,2843.0775000000017,0.4775025266383469,-12549.662981805901,-3689.406451058493,-160.0123849034513,car,0 days 00:29:14.799000
2024-09-14 12:16:20.669,0 days 00:29:15.119000,0 days 00:01:20.244000,8387,78,1,0,False,8,car,2850.010833333335,0.4786669986531592,-12589.257969163718,-3636.3614494200056,-161.19202196898684,car,0 days 00:29:15.119000
2024-09-14 12:16:20.829,0 days 00:29:15.279000,0 days 00:01:20.404000,8206,76,1,0,False,8,car,2853.388611111113,0.47923430553217033,-12617.525776237146,-3617.8446861008247,-160.6074813171344,car,0 days 00:29:15.279000
2024-09-14 12:16:21.029,0 days 00:29:15.479000,0 days 00:01:20.604000,8021,75,1,0,False,8,car,2857.5552777777793,0.47993410842568734,-12657.650717006796,-3602.5350803946126,-158.95159690155214,car,0 days 00:29:15.479000
2024-09-14 12:16:21.229,0 days 00:29:15.679000,0 days 00:01:20.804000,7904,73,1,1,False,8,car,2861.610833333335,0.4806152499087106,-12699.477075425304,-3594.4445633626883,-158.22636905779356,car,0 days 00:29:15.679000
2024-09-14 12:16:21.549,0 days 00:29:15.999000,0 days 00:01:21.124000,8000,70,1,10,False,8,car,2867.833055555557,0.48166028889636264,-12775.81346755243,-3588.5348330306206,-155.07599460179358,car,0 days 00:29:15.999000
2024-09-14 12:16:21.869,0 days 00:29:16.319000,0 days 00:01:21.444000,8042,71,1,21,False,8,car,2874.1441666666683,0.4827202570124097,-12853.370837424658,-3588.2380612316747,-150.27524337676505,car,0 days 00:29:16.319000
2024-09-14 12:16:22.109,0 days 00:29:16.559000,0 days 00:01:21.684000,8286,73,1,27,False,8,car,2879.010833333335,0.4835376267920376,-12877.124714579119,-3590.3243412621705,-148.35217284432773,car,0 days 00:29:16.559000
2024-09-14 12:16:22.389,0 days 00:29:16.839000,0 days 00:01:21.964000,8572,76,1,30,False,8,car,2884.921944444446,0.4845304138303071,-12945.96923766106,-3596.70034146067,-143.2310119260667,car,0 days 00:29:16.839000
2024-09-14 12:16:22.669,0 days 00:29:17.119000,0 days 00:01:22.244000,8914,79,1,30,False,8,car,2891.0663888888907,0.4855623898306135,-12999.056753016475,-3603.0663093424437,-138.84622594893207,car,0 days 00:29:17.119000
2024-09-14 12:16:22.869,0 days 00:29:17.319000,0 days 00:01:22.444000,9135,82,1,34,False,8,car,2895.6219444444464,0.4863275076608588,-13037.139401752807,-3609.50578410695,-136.01399491360814,car,0 days 00:29:17.319000
2024-09-14 12:16:23.149,0 days 00:29:17.599000,0 days 00:01:22.724000,9491,85,1,35,False,8,car,2902.2330555555577,0.48743786158523916,-13101.503209278984,-3621.482426968485,-131.5335227105874,car,0 days 00:29:17.599000
2024-09-14 12:16:23.629,0 days 00:29:18.079000,0 days 00:01:23.204000,9402,88,1,0,False,8,car,2913.966388888891,0.489408506533383,-13213.362942558355,-3649.29240557324,-123.15564024881539,car,0 days 00:29:18.079000
2024-09-14 12:16:23.989,0 days 00:29:18.439000,0 days 00:01:23.564000,9256,85,1,0,False,8,car,2922.466388888891,0.4908361044361577,-13296.763256993165,-3676.7388266317444,-117.50042212380926,car,0 days 00:29:18.439000
2024-09-14 12:16:24.349,0 days 00:29:18.799000,0 days 00:01:23.924000,8842,82,1,0,False,8,car,2930.666388888891,0.49221331653059924,-13411.865359840134,-3722.1697822594083,-107.7962253666961,car,0 days 00:29:18.799000
2024-09-14 12:16:24.629,0 days 00:29:19.079000,0 days 00:01:24.204000,8603,79,1,0,False,8,car,2936.8108333333353,0.49324529253090565,-13508.954878848508,-3763.632615130433,-100.65787490297365,car,0 days 00:29:19.079000
2024-09-14 12:16:24.950,0 days 00:29:19.400000,0 days 00:01:24.525000,8318,78,1,0,False,8,car,2943.7658333333356,0.4944134035207643,-13552.224916048868,-3784.8885080051855,-97.87594697578339,car,0 days 00:29:19.400000
2024-09-14 12:16:25.230,0 days 00:29:19.680000,0 days 00:01:24.805000,8149,74,1,5,False,8,car,2949.521388888891,0.4953800645843424,-13587.288091121813,-3801.2346241538253,-95.13686867094384,car,0 days 00:29:19.680000
2024-09-14 12:16:25.390,0 days 00:29:19.840000,0 days 00:01:24.965000,8130,73,1,11,False,8,car,2952.7658333333356,0.49592497777076106,-13612.471482349283,-3812.3055071843355,-93.14773756230429,car,0 days 00:29:19.840000
2024-09-14 12:16:25.550,0 days 00:29:20,0 days 00:01:25.125000,8115,73,1,12,False,8,car,2956.01027777778,0.49646989095717964,-13659.411603996834,-3832.9751453815197,-90.30170777768797,car,0 days 00:29:20
2024-09-14 12:16:25.750,0 days 00:29:20.200000,0 days 00:01:25.325000,8040,73,1,15,False,8,car,2960.065833333336,0.49715103244020287,-13703.91778050592,-3852.948565044187,-87.49643193358428,car,0 days 00:29:20.200000
2024-09-14 12:16:26.110,0 days 00:29:20.560000,0 days 00:01:25.685000,8170,75,1,18,False,8,car,2967.565833333336,0.4984106776485335,-13749.158577065107,-3873.025636024205,-83.84165073074205,car,0 days 00:29:20.560000
2024-09-14 12:16:26.309,0 days 00:29:20.759000,0 days 00:01:25.884000,8368,75,1,21,False,8,car,2971.7116666666693,0.4991069815275829,-13799.699387260924,-3893.893139225349,-80.16981754961579,car,0 days 00:29:20.759000
2024-09-14 12:16:26.549,0 days 00:29:20.999000,0 days 00:01:26.124000,8627,78,1,26,False,8,car,2976.911666666669,0.49998033553869214,-13865.625174989122,-3920.732980796912,-75.58940081909398,car,0 days 00:29:20.999000
2024-09-14 12:16:26.709,0 days 00:29:21.159000,0 days 00:01:26.284000,8710,78,1,30,False,8,car,2980.378333333336,0.5005625715460983,-13900.561641544275,-3935.364599159212,-73.72282338596862,car,0 days 00:29:21.159000
2024-09-14 12:16:26.949,0 days 00:29:21.399000,0 days 00:01:26.524000,9189,82,1,35,False,8,car,2985.8450000000025,0.5014807129423926,-13939.53501749282,-3951.6815835007583,-71.54278533097154,car,0 days 00:29:21.399000
2024-09-14 12:16:27.149,0 days 00:29:21.599000,0 days 00:01:26.724000,9485,85,1,37,False,8,car,2990.5672222222247,0.5022738228883785,-13963.608468813802,-3961.4363743798235,-69.5370085215948,car,0 days 00:29:21.599000
2024-09-14 12:16:27.349,0 days 00:29:21.799000,0 days 00:01:26.924000,9742,87,1,40,False,8,car,2995.400555555558,0.5030855942448583,-14002.920005027278,-3978.5115980724077,-67.44054147863021,car,0 days 00:29:21.799000
2024-09-14 12:16:27.509,0 days 00:29:21.959000,0 days 00:01:27.084000,10039,89,1,44,False,8,car,2999.3561111111135,0.5037499404584371,-14039.990814046425,-3994.824776392461,-65.26552406964532,car,0 days 00:29:21.959000
2024-09-14 12:16:27.869,0 days 00:29:22.319000,0 days 00:01:27.444000,10630,95,1,46,False,8,car,3008.8561111111135,0.5053454910556558,-14123.59952127166,-4031.9214588285645,-58.96313073915016,car,0 days 00:29:22.319000
2024-09-14 12:16:28.189,0 days 00:29:22.639000,0 days 00:01:27.764000,9562,101,1,51,False,8,car,3017.833888888891,0.5068533330235538,-14222.72280444111,-4080.2683748631575,-52.32404448288908,car,0 days 00:29:22.639000
2024-09-14 12:16:28.429,0 days 00:29:22.879000,0 days 00:01:28.004000,9401,107,2,53,False,8,car,3024.967222222225,0.508051395577255,-14294.594091801318,-4116.799176528912,-47.904629561337245,car,0 days 00:29:22.879000
2024-09-14 12:16:28.709,0 days 00:29:23.159000,0 days 00:01:28.284000,10053,111,2,56,False,8,car,3033.600555555558,0.5095013871726223,-14337.149294405905,-4138.2124249992585,-45.728334504422364,car,0 days 00:29:23.159000
2024-09-14 12:16:28.949,0 days 00:29:23.399000,0 days 00:01:28.524000,10734,119,2,57,False,8,car,3041.533888888891,0.5108338118818786,-14407.121070576502,-4175.298075365052,-42.605469455474925,car,0 days 00:29:23.399000
2024-09-14 12:16:29.229,0 days 00:29:23.679000,0 days 00:01:28.804000,10900,125,2,59,False,8,car,3051.256111111113,0.5124666853000849,-14498.888813303047,-4223.112704164198,-38.038128697820795,car,0 days 00:29:23.679000
2024-09-14 12:16:29.669,0 days 00:29:24.119000,0 days 00:01:29.244000,9992,136,3,64,False,8,car,3067.8783333333354,0.5152584323099555,-14669.221385092123,-4308.786617301565,-30.8004586019884,car,0 days 00:29:24.119000
2024-09-14 12:16:29.989,0 days 00:29:24.439000,0 days 00:01:29.564000,10484,143,3,67,False,8,car,3080.589444444446,0.5173932976704446,-14762.677005839543,-4354.443432194014,-28.218434482787767,car,0 days 00:29:24.439000
2024-09-14 12:16:30.149,0 days 00:29:24.599000,0 days 00:01:29.724000,10764,146,3,67,False,8,car,3087.0783333333356,0.5184831240432819,-14806.604079885888,-4375.895673182933,-27.38927031199145,car,0 days 00:29:24.599000
2024-09-14 12:16:30.429,0 days 00:29:24.879000,0 days 00:01:30.004000,11019,157,3,71,False,8,car,3099.289444444447,0.5205340130565491,-14909.027784557282,-4425.489970548365,-22.864687226386863,car,0 days 00:29:24.879000
2024-09-14 12:16:30.709,0 days 00:29:25.159000,0 days 00:01:30.284000,9883,162,4,78,False,8,car,3111.889444444447,0.5226502170065446,-15025.504935419181,-4485.452407898813,-19.515769364054417,car,0 days 00:29:25.159000
2024-09-14 12:16:31.109,0 days 00:29:25.559000,0 days 00:01:30.684000,10268,170,4,77,False,8,car,3130.7783333333355,0.5258226567904882,-15184.855723062905,-4572.323327533176,-16.545961324322857,car,0 days 00:29:25.559000
2024-09-14 12:16:31.470,0 days 00:29:25.920000,0 days 00:01:31.045000,11228,185,4,96,False,8,car,3149.3297222222245,0.5289384125400572,-15401.227324287705,-4697.519019100629,-10.864714732955234,car,0 days 00:29:25.920000
2024-09-14 12:16:31.830,0 days 00:29:26.280000,0 days 00:01:31.405000,10566,194,4,100,False,8,car,3168.7297222222246,0.5321966948122724,-15501.760441409753,-4755.630183205327,-7.87940386644685,car,0 days 00:29:26.280000
2024-09-14 12:16:32.030,0 days 00:29:26.480000,0 days 00:01:31.605000,10004,199,5,100,False,8,car,3179.7852777777803,0.5340535051564043,-15595.951075213761,-4811.315447520986,-3.8607991168431113,car,0 days 00:29:26.480000
2024-09-14 12:16:32.310,0 days 00:29:26.760000,0 days 00:01:31.885000,10414,203,5,100,False,8,car,3195.574166666669,0.5367052915875714,-15731.232926274304,-4888.499130173366,0.12383639699597548,car,0 days 00:29:26.760000
2024-09-14 12:16:32.470,0 days 00:29:26.920000,0 days 00:01:32.045000,10711,207,5,100,False,8,car,3204.774166666669,0.5382504563764569,-15811.28267845648,-4932.150660762652,2.6122508215793205,car,0 days 00:29:26.920000
2024-09-14 12:16:32.710,0 days 00:29:27.160000,0 days 00:01:32.285000,10736,210,5,63,False,8,car,3218.7741666666684,0.5406017940986739,-15934.751434282374,-4998.161128157063,6.109151189207525,car,0 days 00:29:27.160000
2024-09-14 12:16:32.870,0 days 00:29:27.320000,0 days 00:01:32.445000,10718,210,5,50,False,8,car,3228.1075000000014,0.542169352580152,-16015.844841646043,-5043.189889226489,10.847407542061848,car,0 days 00:29:27.320000
2024-09-14 12:16:33.069,0 days 00:29:27.519000,0 days 00:01:32.644000,10727,209,5,48,False,8,car,3239.6605555555575,0.5441097193897698,-16109.249787726414,-5105.529753614933,16.62938178741498,car,0 days 00:29:27.519000
2024-09-14 12:16:33.269,0 days 00:29:27.719000,0 days 00:01:32.844000,10545,208,5,50,False,8,car,3251.2161111111122,0.5460505060811236,-16189.726280942272,-5177.597819820447,18.045520522102205,car,0 days 00:29:27.719000
2024-09-14 12:16:33.549,0 days 00:29:27.999000,0 days 00:01:33.124000,10648,207,5,61,False,8,car,3267.316111111112,0.5487545444616733,-16307.706380977017,-5345.0238061730415,20.773334829559225,car,0 days 00:29:27.999000
2024-09-14 12:16:33.749,0 days 00:29:28.199000,0 days 00:01:33.324000,10785,210,5,64,False,8,car,3278.982777777779,0.5507139925635209,-16355.630820469503,-5432.955530412999,21.40784210592709,car,0 days 00:29:28.199000
2024-09-14 12:16:33.909,0 days 00:29:28.359000,0 days 00:01:33.484000,10785,211,5,67,False,8,car,3288.360555555557,0.5522890156091965,-16381.7359439614,-5497.2235332934415,21.037549217671533,car,0 days 00:29:28.359000
2024-09-14 12:16:34.229,0 days 00:29:28.679000,0 days 00:01:33.804000,11156,217,5,86,False,8,car,3307.649444444446,0.555528636470918,-16448.74296154971,-5678.385060767761,19.66121350737663,car,0 days 00:29:28.679000
2024-09-14 12:16:34.629,0 days 00:29:29.079000,0 days 00:01:34.204000,11474,224,5,100,False,8,car,3332.5383333333343,0.5597087924215263,-16521.497707428294,-5911.427540672577,18.705607328824616,car,0 days 00:29:29.079000
2024-09-14 12:16:34.909,0 days 00:29:29.359000,0 days 00:01:34.484000,11645,228,5,100,False,8,car,3350.271666666668,0.5626871535363347,-16570.11766821371,-6080.282451115719,17.988753089495507,car,0 days 00:29:29.359000
2024-09-14 12:16:35.189,0 days 00:29:29.639000,0 days 00:01:34.764000,11797,233,5,100,False,8,car,3368.39388888889,0.5657308295878714,-16622.954643001984,-6251.408084492852,17.402637808665155,car,0 days 00:29:29.639000
2024-09-14 12:16:35.349,0 days 00:29:29.799000,0 days 00:01:34.924000,11028,236,5,100,False,8,car,3378.8827777777797,0.5674924667384849,-16654.840687518685,-6351.762886199778,15.93297367177686,car,0 days 00:29:29.799000
2024-09-14 12:16:35.589,0 days 00:29:30.039000,0 days 00:01:35.164000,10840,239,6,100,False,8,car,3394.8161111111126,0.5701685130032939,-16722.95707473394,-6562.634915680025,15.039567346049347,car,0 days 00:29:30.039000
2024-09-14 12:16:35.829,0 days 00:29:30.279000,0 days 00:01:35.404000,10944,243,6,100,False,8,car,3411.0161111111124,0.5728893466532881,-16768.529604887168,-6701.989098345971,13.898057295391126,car,0 days 00:29:30.279000
2024-09-14 12:16:36.109,0 days 00:29:30.559000,0 days 00:01:35.684000,11059,246,6,100,False,8,car,3430.1494444444456,0.5761028415403181,-16808.77389959967,-6833.413031930029,12.998637654146002,car,0 days 00:29:30.559000
2024-09-14 12:16:36.349,0 days 00:29:30.799000,0 days 00:01:35.924000,11168,248,6,100,False,8,car,3446.6827777777794,0.5788796594217936,-16853.596872253635,-7017.139987690251,12.371169881758687,car,0 days 00:29:30.799000
2024-09-14 12:16:36.549,0 days 00:29:30.999000,0 days 00:01:36.124000,11276,250,6,100,False,8,car,3460.5716666666676,0.5812123357335169,-16884.734092521838,-7187.347073026582,10.641843256942042,car,0 days 00:29:30.999000
2024-09-14 12:16:36.949,0 days 00:29:31.399000,0 days 00:01:36.524000,11406,255,6,100,False,8,car,3488.9050000000016,0.5859709954094328,-16904.1827083916,-7408.517046421574,8.750367782462556,car,0 days 00:29:31.399000
2024-09-14 12:16:37.189,0 days 00:29:31.639000,0 days 00:01:36.764000,11483,255,6,100,False,8,car,3505.905000000001,0.588826191214982,-16908.122807414,-7576.279498685139,7.5155202346688,car,0 days 00:29:31.639000
2024-09-14 12:16:37.389,0 days 00:29:31.839000,0 days 00:01:36.964000,11644,260,6,100,True,8,car,3520.349444444446,0.5912521745791744,-16900.79438045004,-7749.339670410805,5.390124047877473,car,0 days 00:29:31.839000
2024-09-14 12:16:37.629,0 days 00:29:32.079000,0 days 00:01:37.204000,11166,236,6,0,True,8,car,3536.082777777779,0.5938946303050946,-16886.542561518534,-7974.977051869712,3.2785555876367023,car,0 days 00:29:32.079000
2024-09-14 12:16:37.910,0 days 00:29:32.360000,0 days 00:01:37.485000,9408,211,6,0,True,8,car,3552.5525000000016,0.5966607645290625,-16880.30253003232,-8059.232861604822,2.630713744765928,car,0 days 00:29:32.360000
2024-09-14 12:16:38.190,0 days 00:29:32.640000,0 days 00:01:37.765000,9504,180,6,0,True,8,car,3566.5525000000016,0.5990121022512797,-16868.854047041124,-8222.560316825733,0.817736798888357,car,0 days 00:29:32.640000
2024-09-14 12:16:38.390,0 days 00:29:32.840000,0 days 00:01:37.965000,9464,162,4,0,True,8,car,3575.5525000000016,0.6005236765012764,-16861.439853485652,-8315.521342417363,-0.09853942151137579,car,0 days 00:29:32.840000
2024-09-14 12:16:38.590,0 days 00:29:33.040000,0 days 00:01:38.165000,10131,143,4,0,True,8,car,3583.496944444446,0.6018579673515821,-16855.463332442763,-8398.35670502802,0.0690882290896338,car,0 days 00:29:33.040000
2024-09-14 12:16:38.870,0 days 00:29:33.320000,0 days 00:01:38.445000,9589,122,3,0,True,8,car,3592.9858333333345,0.6034516518077515,-16843.801604906013,-8521.458365513772,-0.9133109887537976,car,0 days 00:29:33.320000
2024-09-14 12:16:39.190,0 days 00:29:33.640000,0 days 00:01:38.765000,9780,110,2,0,False,8,car,3602.7636111111124,0.6050938559312048,-16835.879133317387,-8619.652962068523,-2.661793801336955,car,0 days 00:29:33.640000
2024-09-14 12:16:39.590,0 days 00:29:34.040000,0 days 00:01:39.165000,9282,106,2,0,False,8,car,3614.54138888889,0.6070719654435461,-16832.368552770564,-8722.04486194697,-4.501539018501225,car,0 days 00:29:34.040000
2024-09-14 12:16:39.789,0 days 00:29:34.239000,0 days 00:01:39.364000,9144,105,2,0,False,8,car,3620.345555555557,0.6080467908742154,-16831.85696468941,-8781.438604136705,-5.55279270976751,car,0 days 00:29:34.239000
2024-09-14 12:16:39.949,0 days 00:29:34.399000,0 days 00:01:39.524000,9008,105,2,0,False,8,car,3625.0122222222235,0.6088305701149545,-16832.48973501621,-8824.196335744358,-6.70249541082095,car,0 days 00:29:34.399000
2024-09-14 12:16:40.109,0 days 00:29:34.559000,0 days 00:01:39.684000,9112,104,2,0,False,8,car,3629.6344444444458,0.6096068847914959,-16835.11306781569,-8883.054931924184,-8.75948966214774,car,0 days 00:29:34.559000
2024-09-14 12:16:40.429,0 days 00:29:34.879000,0 days 00:01:40.004000,8789,101,2,0,False,8,car,3638.612222222224,0.611114726759394,-16844.037797943893,-9007.045786700048,-12.686547735345714,car,0 days 00:29:34.879000
2024-09-14 12:16:40.829,0 days 00:29:35.279000,0 days 00:01:40.404000,8562,100,2,0,False,8,car,3649.7233333333347,0.6129808678087727,-16857.16128434152,-9145.949074338589,-18.08538826756587,car,0 days 00:29:35.279000
2024-09-14 12:16:41.229,0 days 00:29:35.679000,0 days 00:01:40.804000,7597,93,2,0,True,8,car,3660.056666666668,0.6147163789846949,-16862.656996697482,-9218.839397460459,-21.219126787634405,car,0 days 00:29:35.679000
2024-09-14 12:16:41.549,0 days 00:29:35.999000,0 days 00:01:41.124000,8043,75,1,0,True,8,car,3666.7233333333347,0.6158360636143221,-16868.444656623975,-9295.549905150398,-23.71625355967427,car,0 days 00:29:35.999000
2024-09-14 12:16:41.829,0 days 00:29:36.279000,0 days 00:01:41.404000,7782,72,1,0,False,8,car,3672.3233333333346,0.6167765987032089,-16870.76120030714,-9352.49730043994,-24.857868415358002,car,0 days 00:29:36.279000
2024-09-14 12:16:41.989,0 days 00:29:36.439000,0 days 00:01:41.564000,7607,71,1,0,False,8,car,3675.47888888889,0.6173065827612325,-16871.946161981534,-9384.776997511266,-25.699825276384292,car,0 days 00:29:36.439000
2024-09-14 12:16:42.429,0 days 00:29:36.879000,0 days 00:01:42.004000,7307,68,1,0,False,8,car,3683.7900000000013,0.6187024562661677,-16868.398936898095,-9468.78756508658,-27.855162659650762,car,0 days 00:29:36.879000
2024-09-14 12:16:42.869,0 days 00:29:37.319000,0 days 00:01:42.444000,7069,66,1,0,False,8,car,3691.856666666668,0.6200572746680166,-16847.122957124164,-9550.963614840077,-30.795139060913915,car,0 days 00:29:37.319000
2024-09-14 12:16:43.029,0 days 00:29:37.479000,0 days 00:01:42.604000,6955,64,1,0,False,8,car,3694.7011111111124,0.6205350067766576,-16836.050213660692,-9573.30647754243,-32.0032493366063,car,0 days 00:29:37.479000
2024-09-14 12:16:43.509,0 days 00:29:37.959000,0 days 00:01:43.084000,7100,63,1,12,False,8,car,3703.1011111111125,0.6219458094099879,-16780.651892192778,-9627.825350058518,-37.644625553624934,car,0 days 00:29:37.959000
2024-09-14 12:16:43.669,0 days 00:29:38.119000,0 days 00:01:43.244000,7269,65,1,13,False,8,car,3705.990000000001,0.6224310060828263,-16755.891667762306,-9642.958176921193,-39.82428355354514,car,0 days 00:29:38.119000
2024-09-14 12:16:43.989,0 days 00:29:38.439000,0 days 00:01:43.564000,7640,67,1,23,False,8,car,3711.9455555555564,0.6234312576852933,-16697.58917085918,-9671.757001749973,-46.018653620416444,car,0 days 00:29:38.439000
2024-09-14 12:16:44.189,0 days 00:29:38.639000,0 days 00:01:43.764000,7942,67,1,27,False,8,car,3715.6677777777786,0.6240564149368352,-16657.227679828975,-9691.338754314462,-50.45129726731552,car,0 days 00:29:38.639000
2024-09-14 12:16:44.389,0 days 00:29:38.839000,0 days 00:01:43.964000,8399,74,1,35,False,8,car,3719.77888888889,0.6247468871251053,-16629.5737181877,-9705.151124779475,-52.43265156495591,car,0 days 00:29:38.839000
2024-09-14 12:16:45.510,0 days 00:29:39.960000,0 days 00:01:45.085000,9873,96,1,49,False,8,car,3749.672222222223,0.6297675530043537,-16394.43409746495,-9827.844576920268,-77.54394751392901,car,0 days 00:29:39.960000
2024-09-14 12:16:45.710,0 days 00:29:40.160000,0 days 00:01:45.285000,9512,102,2,59,False,8,car,3755.33888888889,0.6307192849395369,-16352.069474180671,-9850.252919494646,-81.38352489228951,car,0 days 00:29:40.160000
2024-09-14 12:16:45.870,0 days 00:29:40.320000,0 days 00:01:45.445000,9977,109,2,58,False,8,car,3760.1833333333343,0.6315329224370659,-16294.79374133264,-9880.266083419854,-86.86080204855361,car,0 days 00:29:40.320000
2024-09-14 12:16:46.070,0 days 00:29:40.520000,0 days 00:01:45.645000,10683,115,2,63,False,8,car,3766.5722222222234,0.6326059535404588,-16217.833482297843,-9920.01810117197,-94.39992520544783,car,0 days 00:29:40.520000
2024-09-14 12:16:46.469,0 days 00:29:40.919000,0 days 00:01:46.044000,10041,126,2,69,False,8,car,3780.5372222222236,0.6349514129183704,-16132.260483201275,-9963.545842220812,-104.61310584222699,car,0 days 00:29:40.919000
2024-09-14 12:16:46.749,0 days 00:29:41.199000,0 days 00:01:46.324000,10477,133,3,76,False,8,car,3790.881666666668,0.636688790235342,-16008.48476352432,-10025.091710552291,-118.00423823262773,car,0 days 00:29:41.199000
2024-09-14 12:16:47.029,0 days 00:29:41.479000,0 days 00:01:46.604000,11053,152,3,80,False,8,car,3802.70388888889,0.6386743643118808,-15917.71791620515,-10068.98253736112,-126.32799668680624,car,0 days 00:29:41.479000
2024-09-14 12:16:47.349,0 days 00:29:41.799000,0 days 00:01:46.924000,10034,163,3,86,False,8,car,3817.192777777779,0.6411078122402707,-15789.49106605987,-10132.89072263792,-138.77701118044567,car,0 days 00:29:41.799000
2024-09-14 12:16:47.709,0 days 00:29:42.159000,0 days 00:01:47.284000,10440,173,4,100,False,8,car,3834.4927777777793,0.6440133938541533,-15644.015967574464,-10206.683779406494,-154.816874264183,car,0 days 00:29:42.159000
2024-09-14 12:16:48.029,0 days 00:29:42.479000,0 days 00:01:47.604000,11243,186,4,100,False,8,car,3851.026111111112,0.6467902117356288,-15520.799592885707,-10271.882048497324,-167.27229790761203,car,0 days 00:29:42.479000
2024-09-14 12:16:48.429,0 days 00:29:42.879000,0 days 00:01:48.004000,11385,198,4,100,False,8,car,3873.0261111111126,0.6504851710133988,-15339.495080359391,-10373.7052133482,-182.3786740410426,car,0 days 00:29:42.879000
2024-09-14 12:16:48.589,0 days 00:29:43.039000,0 days 00:01:48.164000,10514,198,5,100,False,8,car,3881.8261111111124,0.6519631547245066,-15265.714788501182,-10416.56171293683,-188.79684523594372,car,0 days 00:29:43.039000
2024-09-14 12:16:48.869,0 days 00:29:43.319000,0 days 00:01:48.444000,10698,208,5,100,False,8,car,3898.0038888888903,0.654680256092402,-15137.424497453489,-10493.994321144715,-197.48550999374297,car,0 days 00:29:43.319000
2024-09-14 12:16:49.029,0 days 00:29:43.479000,0 days 00:01:48.604000,10966,213,5,100,False,8,car,3907.4705555555565,0.6562702082664725,-15017.189498135354,-10563.007550930051,-202.13598739555394,car,0 days 00:29:43.479000
2024-09-14 12:16:49.269,0 days 00:29:43.719000,0 days 00:01:48.844000,11140,215,5,57,False,8,car,3921.8038888888896,0.6586775302201711,-14851.923235372324,-10654.291252437331,-207.30540258677036,car,0 days 00:29:43.719000
2024-09-14 12:16:49.709,0 days 00:29:44.159000,0 days 00:01:49.284000,10314,206,5,0,True,8,car,3946.981666666668,0.6629062058380633,-14645.867305556721,-10760.016514018193,-212.68785878778078,car,0 days 00:29:44.159000
2024-09-14 12:16:49.909,0 days 00:29:44.359000,0 days 00:01:49.484000,9788,201,5,0,True,8,car,3958.148333333334,0.6647816775926888,-14543.745531355507,-10813.927405014463,-215.52933453247817,car,0 days 00:29:44.359000
2024-09-14 12:16:50.069,0 days 00:29:44.519000,0 days 00:01:49.644000,9665,175,5,0,True,8,car,3965.9261111111123,0.6660879763272539,-14474.34430058624,-10852.79782798172,-217.91725719400318,car,0 days 00:29:44.519000
2024-09-14 12:16:50.269,0 days 00:29:44.719000,0 days 00:01:49.844000,9531,161,5,0,True,8,car,3974.870555555556,0.6675902198720037,-14390.083843428378,-10901.903577377267,-219.70963959277327,car,0 days 00:29:44.719000
2024-09-14 12:16:50.509,0 days 00:29:44.959000,0 days 00:01:50.084000,10225,145,4,0,True,8,car,3984.537222222223,0.6692137625849632,-14345.839715827247,-10928.402876162834,-221.40201365276766,car,0 days 00:29:44.959000
2024-09-14 12:16:50.749,0 days 00:29:45.199000,0 days 00:01:50.324000,9718,129,3,0,True,8,car,3993.137222222223,0.6706581557571824,-14232.884389291108,-10992.737059112203,-224.83701221483062,car,0 days 00:29:45.199000
2024-09-14 12:16:51.029,0 days 00:29:45.479000,0 days 00:01:50.604000,9849,112,2,0,True,8,car,4001.8483333333343,0.6721212103398952,-14144.049342370228,-11038.420158163392,-227.36631322545017,car,0 days 00:29:45.479000
2024-09-14 12:16:51.270,0 days 00:29:45.720000,0 days 00:01:50.845000,8907,104,2,0,True,8,car,4008.8105555555567,0.6732905343214359,-14096.272607882605,-11060.334476788023,-228.6223857559687,car,0 days 00:29:45.720000
2024-09-14 12:16:51.630,0 days 00:29:46.080000,0 days 00:01:51.205000,8691,100,2,0,False,8,car,4018.8105555555567,0.6749700612658768,-14019.951424577197,-11090.951669177302,-230.4202729309904,car,0 days 00:29:46.080000
2024-09-14 12:16:51.950,0 days 00:29:46.400000,0 days 00:01:51.525000,8537,97,2,0,False,8,car,4027.432777777779,0.6764181867201946,-13934.282062035898,-11117.78343501949,-232.2945474833408,car,0 days 00:29:46.400000
2024-09-14 12:16:52.190,0 days 00:29:46.640000,0 days 00:01:51.765000,8328,97,2,0,False,8,car,4033.8994444444456,0.6775042808109331,-13850.228812443307,-11133.714260836014,-233.84691176618605,car,0 days 00:29:46.640000
2024-09-14 12:16:52.430,0 days 00:29:46.880000,0 days 00:01:52.005000,8008,93,2,0,False,8,car,4040.0994444444455,0.6785455875164863,-13783.21824119649,-11137.645561905218,-234.58601070237174,car,0 days 00:29:46.880000
2024-09-14 12:16:52.630,0 days 00:29:47.080000,0 days 00:01:52.205000,7838,93,2,0,False,8,car,4045.266111111112,0.6794133431044475,-13732.4397580784,-11130.466780565841,-235.31626997113926,car,0 days 00:29:47.080000
2024-09-14 12:16:52.910,0 days 00:29:47.360000,0 days 00:01:52.485000,7710,89,2,0,False,8,car,4052.1883333333344,0.6805759489782104,-13663.863795307587,-11108.328641493234,-236.89644637250373,car,0 days 00:29:47.360000
2024-09-14 12:16:53.150,0 days 00:29:47.600000,0 days 00:01:52.725000,7608,87,2,0,False,8,car,4057.988333333334,0.681550074605986,-13631.773444290613,-11093.103732957201,-237.14029042286782,car,0 days 00:29:47.600000
2024-09-14 12:16:53.469,0 days 00:29:47.919000,0 days 00:01:53.044000,7700,86,2,10,False,8,car,4065.60888888889,0.6828299674447024,-13582.609393238667,-11049.205636634899,-236.86442721190105,car,0 days 00:29:47.919000
2024-09-14 12:16:53.789,0 days 00:29:48.239000,0 days 00:01:53.364000,7862,87,2,28,False,8,car,4073.3422222222234,0.6841288016150701,-13526.614925409023,-10986.859306596796,-237.3444613711664,car,0 days 00:29:48.239000
2024-09-14 12:16:54.269,0 days 00:29:48.719000,0 days 00:01:53.844000,8268,94,2,39,False,8,car,4085.8755555555563,0.6862338087187692,-13461.706252964572,-10884.321592459528,-237.96974722480695,car,0 days 00:29:48.719000
2024-09-14 12:16:54.469,0 days 00:29:48.919000,0 days 00:01:54.044000,8601,96,2,39,False,8,car,4091.2088888888898,0.6871295564224709,-13424.630415160857,-10816.369759466288,-238.05183580785982,car,0 days 00:29:48.919000
2024-09-14 12:16:54.749,0 days 00:29:49.199000,0 days 00:01:54.324000,9008,99,2,44,False,8,car,4098.90888888889,0.6884227921696904,-13383.63961531279,-10736.4993954406,-238.7084672644483,car,0 days 00:29:49.199000
2024-09-14 12:16:55.069,0 days 00:29:49.519000,0 days 00:01:54.644000,9660,106,2,48,False,8,car,4108.3311111111125,0.6900052797795636,-13358.157777807424,-10683.994297026531,-239.49147568931784,car,0 days 00:29:49.519000
2024-09-14 12:16:55.389,0 days 00:29:49.839000,0 days 00:01:54.964000,10191,110,2,57,False,8,car,4118.10888888889,0.6916474839030168,-13313.927056536062,-10595.372274925578,-240.603575473536,car,0 days 00:29:49.839000
2024-09-14 12:16:55.629,0 days 00:29:50.079000,0 days 00:01:55.204000,10884,120,2,60,False,8,car,4126.10888888889,0.6929911054585695,-13276.776615251734,-10521.430948982665,-241.0535495639695,car,0 days 00:29:50.079000
2024-09-14 12:16:55.869,0 days 00:29:50.319000,0 days 00:01:55.444000,10707,127,2,62,False,8,car,4134.575555555557,0.6944131049381961,-13249.548557381999,-10466.087766913302,-241.0186373892853,car,0 days 00:29:50.319000
2024-09-14 12:16:56.029,0 days 00:29:50.479000,0 days 00:01:55.604000,9619,132,3,60,False,8,car,4140.442222222224,0.695398427412268,-13212.594763578767,-10392.299686997276,-241.68544820711426,car,0 days 00:29:50.479000
2024-09-14 12:16:56.269,0 days 00:29:50.719000,0 days 00:01:55.844000,10175,137,3,69,False,8,car,4149.575555555557,0.6969323953548573,-13177.409998152607,-10320.935752685204,-242.08539033926382,car,0 days 00:29:50.719000
2024-09-14 12:16:56.429,0 days 00:29:50.879000,0 days 00:01:56.004000,10360,140,3,74,False,8,car,4155.79777777778,0.6979774343425095,-13159.961613428293,-10284.691500545045,-241.99244576497037,car,0 days 00:29:50.879000
2024-09-14 12:16:56.589,0 days 00:29:51.039000,0 days 00:01:56.164000,10824,143,3,77,False,8,car,4162.1533333333355,0.6990448670227541,-13131.202295319094,-10225.585492565679,-241.9991736291754,car,0 days 00:29:51.039000
2024-09-14 12:16:56.949,0 days 00:29:51.399000,0 days 00:01:56.524000,10168,156,3,94,False,8,car,4177.753333333336,0.7016649290560818,-13066.275233621614,-10088.429427763433,-242.00099223131264,car,0 days 00:29:51.399000
2024-09-14 12:16:57.149,0 days 00:29:51.599000,0 days 00:01:56.724000,9962,166,4,100,False,8,car,4186.9755555555585,0.7032138261270663,-13026.51543636839,-10007.90747459524,-242.0010598629805,car,0 days 00:29:51.599000
2024-09-14 12:16:57.509,0 days 00:29:51.959000,0 days 00:01:57.084000,10782,176,4,100,False,8,car,4204.575555555559,0.7061697935492821,-12950.508024203747,-9862.72157539667,-242.07854446741135,car,0 days 00:29:51.959000
2024-09-14 12:16:57.710,0 days 00:29:52.160000,0 days 00:01:57.285000,11070,179,4,100,False,8,car,4214.569722222225,0.7078483407696721,-12869.033113694793,-9722.555442684183,-241.11919473038685,car,0 days 00:29:52.160000
2024-09-14 12:16:57.950,0 days 00:29:52.400000,0 days 00:01:57.525000,11436,188,4,100,False,8,car,4227.103055555559,0.7099533478733713,-12824.028403457756,-9648.876471113525,-241.0305785690011,car,0 days 00:29:52.400000
2024-09-14 12:16:58.110,0 days 00:29:52.560000,0 days 00:01:57.685000,11681,191,4,100,False,8,car,4235.591944444448,0.7113790796350966,-12797.388548179286,-9606.263740203796,-240.78301110761362,car,0 days 00:29:52.560000
2024-09-14 12:16:58.350,0 days 00:29:52.800000,0 days 00:01:57.925000,10981,201,4,100,False,8,car,4248.991944444448,0.7136296457406472,-12709.854135493844,-9475.829102530228,-239.9630073963432,car,0 days 00:29:52.800000
2024-09-14 12:16:58.790,0 days 00:29:53.240000,0 days 00:01:58.365000,10862,203,5,100,False,8,car,4273.803055555559,0.7177967387039099,-12554.449769320483,-9266.365655232741,-240.2886596604793,car,0 days 00:29:53.240000
2024-09-14 12:16:59.070,0 days 00:29:53.520000,0 days 00:01:58.645000,11171,216,5,100,False,8,car,4290.603055555559,0.7206183439705706,-12433.095710097772,-9141.29249408608,-239.4961261003561,car,0 days 00:29:53.520000
2024-09-14 12:16:59.310,0 days 00:29:53.760000,0 days 00:01:58.885000,11325,221,5,100,False,8,car,4305.3363888888925,0.7230928470020467,-12315.846851374112,-9023.819748114161,-238.83959559016105,car,0 days 00:29:53.760000
2024-09-14 12:16:59.550,0 days 00:29:54,0 days 00:01:59.125000,11668,226,5,100,False,8,car,4320.403055555559,0.7256233342650042,-12242.75130625637,-8959.08564575036,-239.0111593593515,car,0 days 00:29:54
2024-09-14 12:16:59.790,0 days 00:29:54.240000,0 days 00:01:59.365000,11753,230,5,100,False,8,car,4335.736388888892,0.7281986089131468,-12124.762336664227,-8855.821728938896,-238.99493167860456,car,0 days 00:29:54.240000
2024-09-14 12:17:00.029,0 days 00:29:54.479000,0 days 00:01:59.604000,10913,235,6,100,False,8,car,4351.337777777781,0.7308189042141057,-12006.903502638816,-8754.380132573557,-239.01388825425346,car,0 days 00:29:54.479000
2024-09-14 12:17:00.189,0 days 00:29:54.639000,0 days 00:01:59.764000,10759,235,6,100,False,8,car,4361.782222222226,0.7325730768005216,-11929.704290190366,-8687.750536322941,-238.973101346037,car,0 days 00:29:54.639000
2024-09-14 12:17:00.469,0 days 00:29:54.919000,0 days 00:02:00.044000,10859,241,6,100,False,8,car,4380.52666666667,0.7357212567508236,-11769.555382850522,-8542.75301614059,-239.34741300490373,car,0 days 00:29:54.919000
2024-09-14 12:17:00.669,0 days 00:29:55.119000,0 days 00:02:00.244000,10959,243,6,100,False,8,car,4394.02666666667,0.7379886181258186,-11624.790070951352,-8401.632923371724,-240.1983134676678,car,0 days 00:29:55.119000
2024-09-14 12:17:00.869,0 days 00:29:55.319000,0 days 00:02:00.444000,11118,247,6,100,False,8,car,4407.748888888893,0.7402933023218013,-11533.676607726768,-8302.113374912818,-240.2343326594084,car,0 days 00:29:55.319000
2024-09-14 12:17:01.029,0 days 00:29:55.479000,0 days 00:02:00.604000,11229,250,6,100,False,8,car,4418.860000000004,0.7421594433711801,-11476.181025153546,-8237.572400371735,-240.01871781617567,car,0 days 00:29:55.479000
2024-09-14 12:17:01.269,0 days 00:29:55.719000,0 days 00:02:00.844000,11359,252,6,100,False,8,car,4435.6600000000035,0.7449810486378405,-11395.388519346936,-8152.685309939306,-239.573458716723,car,0 days 00:29:55.719000
2024-09-14 12:17:01.429,0 days 00:29:55.879000,0 days 00:02:01.004000,11443,253,6,100,False,8,car,4446.904444444449,0.746869583379812,-11317.424319562779,-8080.584156733819,-239.05066888072602,car,0 days 00:29:55.879000
2024-09-14 12:17:01.589,0 days 00:29:56.039000,0 days 00:02:01.164000,11425,253,6,100,False,8,car,4458.148888888893,0.7487581181217833,-11202.445212814742,-7979.505461114198,-238.2620160890596,car,0 days 00:29:56.039000
2024-09-14 12:17:01.869,0 days 00:29:56.319000,0 days 00:02:01.444000,11582,256,6,100,False,8,car,4478.060000000005,0.7521022428822699,-11008.7387515212,-7757.710837191697,-237.07061029350598,car,0 days 00:29:56.319000
2024-09-14 12:17:02.109,0 days 00:29:56.559000,0 days 00:02:01.684000,11665,260,6,100,False,8,car,4495.393333333338,0.7550134229193006,-10948.055912702746,-7662.577347483079,-236.95830829634798,car,0 days 00:29:56.559000
2024-09-14 12:17:02.309,0 days 00:29:56.759000,0 days 00:02:01.884000,11546,262,6,100,False,8,car,4509.948888888894,0.7574580676939867,-10901.546007230525,-7557.683725117782,-237.0118574253501,car,0 days 00:29:56.759000
2024-09-14 12:17:02.549,0 days 00:29:56.999000,0 days 00:02:02.124000,10273,264,6,100,False,8,car,4527.548888888893,0.7604140351162025,-10833.147824787102,-7383.918707376985,-236.99604175170242,car,0 days 00:29:56.999000
2024-09-14 12:17:02.829,0 days 00:29:57.279000,0 days 00:02:02.404000,10651,267,7,100,False,8,car,4548.3155555555595,0.7639018527374912,-10777.748518348222,-7192.195669804704,-237.00754868237885,car,0 days 00:29:57.279000
2024-09-14 12:17:03.109,0 days 00:29:57.559000,0 days 00:02:02.684000,10734,269,7,100,False,8,car,4569.237777777782,0.7674157963334713,-10715.751156622118,-6916.508329537727,-236.9391549539257,car,0 days 00:29:57.559000
2024-09-14 12:17:03.269,0 days 00:29:57.719000,0 days 00:02:02.844000,10804,271,7,100,False,8,car,4581.282222222226,0.7694386932309978,-10691.641228335904,-6802.845953921802,-237.28188916031212,car,0 days 00:29:57.719000
2024-09-14 12:17:03.469,0 days 00:29:57.919000,0 days 00:02:03.044000,10894,273,7,100,False,8,car,4596.448888888893,0.7719859757633998,-10671.86284270167,-6716.229410238505,-237.97687922924976,car,0 days 00:29:57.919000
2024-09-14 12:17:03.709,0 days 00:29:58.159000,0 days 00:02:03.284000,10938,274,7,100,False,8,car,4614.71555555556,0.7750539116485785,-10622.214679477465,-6545.735761890701,-237.716271495154,car,0 days 00:29:58.159000
2024-09-14 12:17:03.909,0 days 00:29:58.359000,0 days 00:02:03.484000,10940,275,7,100,False,8,car,4629.9933333333365,0.777619855591474,-10562.267400030323,-6409.682807403404,-236.84133040757146,car,0 days 00:29:58.359000
2024-09-14 12:17:04.149,0 days 00:29:58.599000,0 days 00:02:03.724000,11072,276,7,100,False,8,car,4648.393333333337,0.7807101851692452,-10454.912864878394,-6250.286421746836,-237.05919748625374,car,0 days 00:29:58.599000
2024-09-14 12:17:04.550,0 days 00:29:59,0 days 00:02:04.125000,11054,277,7,100,False,8,car,4679.248055555559,0.7858923189027911,-10242.447375020136,-6044.361559118062,-235.89867320086807,car,0 days 00:29:59
2024-09-14 12:17:04.750,0 days 00:29:59.200000,0 days 00:02:04.325000,11054,279,7,100,False,8,car,4694.748055555559,0.7884955856666744,-10114.461754745003,-5946.955692648656,-236.00925743535444,car,0 days 00:29:59.200000
2024-09-14 12:17:05.030,0 days 00:29:59.480000,0 days 00:02:04.605000,11089,280,7,100,False,8,car,4716.525833333338,0.7921532221234567,-9911.64979213756,-5803.156570777079,-235.96077324359084,car,0 days 00:29:59.480000
2024-09-14 12:17:05.190,0 days 00:29:59.640000,0 days 00:02:04.765000,11172,282,7,100,False,8,car,4729.0591666666705,0.7942582292271558,-9811.02239909507,-5729.273990363888,-234.97471945042142,car,0 days 00:29:59.640000
2024-09-14 12:17:05.470,0 days 00:29:59.920000,0 days 00:02:05.045000,11263,283,7,100,False,8,car,4751.0702777777815,0.7979550546459749,-9636.983925110535,-5595.97161619964,-234.87748107085923,car,0 days 00:29:59.920000
2024-09-14 12:17:05.750,0 days 00:30:00.200000,0 days 00:02:05.325000,11298,285,7,100,False,8,car,4773.236944444448,0.8016780060394856,-9462.199605788766,-5460.533017179807,-235.84568602719534,car,0 days 00:30:00.200000
2024-09-14 12:17:05.990,0 days 00:30:00.440000,0 days 00:02:05.565000,11335,287,7,100,False,8,car,4792.370277777782,0.8048915009265156,-9311.276372796843,-5345.347038666436,-235.9374571829963,car,0 days 00:30:00.440000
2024-09-14 12:17:06.390,0 days 00:30:00.840000,0 days 00:02:05.965000,11412,290,7,100,False,8,car,4824.592500000004,0.8103033099697139,-9061.00307799989,-5154.080167789822,-237.01494937689375,car,0 days 00:30:00.840000
2024-09-14 12:17:06.590,0 days 00:30:01.040000,0 days 00:02:06.165000,11454,291,7,100,False,8,car,4840.759166666671,0.81301854519656,-8853.60285471013,-4996.080975112771,-237.00281430778838,car,0 days 00:30:01.040000
2024-09-14 12:17:06.789,0 days 00:30:01.239000,0 days 00:02:06.364000,11500,292,7,100,False,8,car,4856.900277777782,0.8157294882989924,-8722.127328026112,-4895.581638406843,-236.82253946659944,car,0 days 00:30:01.239000
2024-09-14 12:17:07.029,0 days 00:30:01.479000,0 days 00:02:06.604000,11561,293,7,100,False,8,car,4876.433611111115,0.8190101642638,-8640.822307533484,-4833.628588967325,-236.88323024839696,car,0 days 00:30:01.479000
2024-09-14 12:17:07.309,0 days 00:30:01.759000,0 days 00:02:06.884000,11447,294,7,100,False,8,car,4899.300277777782,0.8228506825434214,-8461.163772332016,-4699.052578784262,-238.08055251689802,car,0 days 00:30:01.759000
2024-09-14 12:17:07.589,0 days 00:30:02.039000,0 days 00:02:07.164000,10378,295,8,100,False,8,car,4922.244722222226,0.8267042638103884,-8281.015465524826,-4558.742671560162,-238.0645052180486,car,0 days 00:30:02.039000
2024-09-14 12:17:07.869,0 days 00:30:02.319000,0 days 00:02:07.444000,10523,296,8,100,False,8,car,4945.266944444448,0.830570908064701,-8099.38354690185,-4418.600548134622,-239.066800066476,car,0 days 00:30:02.319000
2024-09-14 12:17:08.109,0 days 00:30:02.559000,0 days 00:02:07.684000,10590,297,8,100,False,8,car,4965.0669444444475,0.8338963714146937,-7938.4069539688935,-4306.816226243321,-239.04028657319532,car,0 days 00:30:02.559000
2024-09-14 12:17:08.429,0 days 00:30:02.879000,0 days 00:02:08.004000,10652,298,8,100,False,8,car,4991.555833333336,0.8383452516764125,-7709.777367245749,-4176.457402922515,-238.907353768219,car,0 days 00:30:02.879000
2024-09-14 12:17:08.589,0 days 00:30:03.039000,0 days 00:02:08.164000,10699,298,8,100,False,8,car,5004.80027777778,0.8405696918072719,-7589.411109314448,-4117.972925082307,-241.078083287471,car,0 days 00:30:03.039000
2024-09-14 12:17:08.789,0 days 00:30:03.239000,0 days 00:02:08.364000,10720,299,8,100,False,8,car,5021.411388888892,0.8433595726760932,-7399.038748363782,-4036.327028339417,-240.5948542396145,car,0 days 00:30:03.239000
2024-09-14 12:17:09.149,0 days 00:30:03.599000,0 days 00:02:08.724000,10694,300,8,100,False,8,car,5051.411388888891,0.8483981535094155,-7060.342459575368,-3900.924369973008,-240.57926583066794,car,0 days 00:30:03.599000
2024-09-14 12:17:09.549,0 days 00:30:03.999000,0 days 00:02:09.124000,10715,301,8,100,False,8,car,5084.855833333337,0.8540152380680456,-6817.596918298183,-3804.9271740116073,-240.85407797707634,car,0 days 00:30:03.999000
2024-09-14 12:17:09.789,0 days 00:30:04.239000,0 days 00:02:09.364000,10748,301,8,100,False,8,car,5104.922500000004,0.8573854888032236,-6672.388386913477,-3745.658836823245,-241.4492316066055,car,0 days 00:30:04.239000
2024-09-14 12:17:10.029,0 days 00:30:04.479000,0 days 00:02:09.604000,10783,301,8,100,False,8,car,5124.989166666672,0.8607557395384017,-6430.022247511447,-3647.3288806110754,-242.06223687521026,car,0 days 00:30:04.479000
2024-09-14 12:17:10.389,0 days 00:30:04.839000,0 days 00:02:09.964000,10785,303,8,100,False,8,car,5155.28916666667,0.8658447061800572,-6161.3066056510515,-3538.571245787049,-241.9523488948071,car,0 days 00:30:04.839000
2024-09-14 12:17:10.790,0 days 00:30:05.240000,0 days 00:02:10.365000,10855,304,8,100,False,8,car,5189.151388888893,0.8715319576421438,-5823.916730144498,-3399.1853705980357,-240.51686909200922,car,0 days 00:30:05.240000
2024-09-14 12:17:11.030,0 days 00:30:05.480000,0 days 00:02:10.605000,10905,305,8,100,False,8,car,5209.484722222225,0.8749469957625066,-5591.795282571813,-3303.0596679126934,-239.01778271209938,car,0 days 00:30:05.480000
2024-09-14 12:17:11.230,0 days 00:30:05.680000,0 days 00:02:10.805000,10925,305,8,100,False,8,car,5226.429166666671,0.8777928608628094,-5520.292013835854,-3273.287992289045,-240.06862549968034,car,0 days 00:30:05.680000
2024-09-14 12:17:11.590,0 days 00:30:06.040000,0 days 00:02:11.165000,10891,306,8,100,False,8,car,5257.02916666667,0.882932213312798,-5251.74673680021,-3161.757235326896,-236.96719808454588,car,0 days 00:30:06.040000
2024-09-14 12:17:11.790,0 days 00:30:06.240000,0 days 00:02:11.365000,10947,306,8,100,False,8,car,5274.029166666672,0.8857874091183477,-4995.8471551782895,-3055.847721835736,-237.02527348378052,car,0 days 00:30:06.240000
2024-09-14 12:17:12.030,0 days 00:30:06.480000,0 days 00:02:11.605000,10981,307,8,100,False,8,car,5294.495833333337,0.8892248409313032,-4900.514903644163,-3015.5729846951463,-236.96196354687427,car,0 days 00:30:06.480000
2024-09-14 12:17:12.190,0 days 00:30:06.640000,0 days 00:02:11.765000,10957,308,8,100,False,8,car,5308.184722222226,0.8915239267041377,-4800.613161056228,-2973.3899715840043,-237.31723967004316,car,0 days 00:30:06.640000
2024-09-14 12:17:12.630,0 days 00:30:07.080000,0 days 00:02:12.205000,10989,309,8,100,False,8,car,5345.951388888895,0.8978669401309762,-4437.00294412712,-2819.11136654898,-237.98403323064704,car,0 days 00:30:07.080000
2024-09-14 12:17:12.830,0 days 00:30:07.280000,0 days 00:02:12.405000,11054,310,8,100,False,14,car,5363.173611111116,0.9007594587575131,-4281.4094257560555,-2753.4609678259685,-238.09044460761123,car,0 days 00:30:07.280000
2024-09-14 12:17:13.030,0 days 00:30:07.480000,0 days 00:02:12.605000,11140,312,8,100,False,14,car,5380.506944444448,0.9036706387945436,-4115.234759295501,-2683.2886754004135,-237.85974549257196,car,0 days 00:30:07.480000
2024-09-14 12:17:13.230,0 days 00:30:07.680000,0 days 00:02:12.805000,11122,314,8,100,False,12,car,5397.951388888894,0.9066004802420684,-3911.0158360257496,-2597.1665235516,-236.21087636935712,car,0 days 00:30:07.680000
2024-09-14 12:17:13.389,0 days 00:30:07.839000,0 days 00:02:12.964000,11175,314,8,100,False,12,car,5411.819722222227,0.9089297041928504,-3818.991419831041,-2558.0069738105794,-235.41612366818396,car,0 days 00:30:07.839000
2024-09-14 12:17:13.589,0 days 00:30:08.039000,0 days 00:02:13.164000,11202,316,8,100,False,12,car,5429.375277777782,0.9118782070508685,-3637.833591489637,-2480.998351682232,-234.28225418002955,car,0 days 00:30:08.039000
2024-09-14 12:17:13.869,0 days 00:30:08.319000,0 days 00:02:13.444000,11301,317,8,100,False,12,car,5454.030833333338,0.91601917403944,-3332.51860007706,-2352.0920336135237,-232.4356059006376,car,0 days 00:30:08.319000
2024-09-14 12:17:14.109,0 days 00:30:08.559000,0 days 00:02:13.684000,11377,319,8,100,False,12,car,5475.297500000005,0.9195909680079509,-3234.9776263899266,-2311.6505265061996,-231.942085398998,car,0 days 00:30:08.559000
2024-09-14 12:17:14.309,0 days 00:30:08.759000,0 days 00:02:13.884000,11410,321,8,100,False,12,car,5493.130833333337,0.9225861243922036,-3092.652172647352,-2251.200804325988,-232.4963162488287,car,0 days 00:30:08.759000
2024-09-14 12:17:14.589,0 days 00:30:09.039000,0 days 00:02:14.164000,11515,324,8,100,False,12,car,5518.330833333337,0.9268185322921944,-2851.917235920134,-2148.877918379491,-233.14087622157444,car,0 days 00:30:09.039000
2024-09-14 12:17:14.789,0 days 00:30:09.239000,0 days 00:02:14.364000,11574,325,8,100,False,12,car,5536.3863888888945,0.9298510114974351,-2689.3861836563333,-2080.216824933807,-234.1109530292448,car,0 days 00:30:09.239000
2024-09-14 12:17:14.989,0 days 00:30:09.439000,0 days 00:02:14.564000,11525,326,8,100,False,12,car,5554.497500000005,0.9328928214079223,-2545.9692990675962,-2018.5137405624819,-234.67491832476878,car,0 days 00:30:09.439000
2024-09-14 12:17:15.229,0 days 00:30:09.679000,0 days 00:02:14.804000,11598,328,8,100,False,12,car,5576.364166666673,0.9365653869930997,-2195.1798017382976,-1870.464499178505,-236.0419352012946,car,0 days 00:30:09.679000
2024-09-14 12:17:15.429,0 days 00:30:09.879000,0 days 00:02:15.004000,11647,329,8,100,False,12,car,5594.641944444449,0.9396351890193274,-2034.8571237742626,-1804.174944544579,-236.61421424518966,car,0 days 00:30:09.879000
2024-09-14 12:17:15.909,0 days 00:30:10.359000,0 days 00:02:15.484000,11734,331,8,100,False,12,car,5638.775277777784,0.9470475012674598,-1721.3550589273182,-1681.4439005478853,-238.16770742582025,car,0 days 00:30:10.359000
2024-09-14 12:17:16.269,0 days 00:30:10.719000,0 days 00:02:15.844000,11772,332,8,100,False,12,car,5671.975277777783,0.9526235307230032,-1285.767640495623,-1519.9322937489635,-240.03110276903263,car,0 days 00:30:10.719000
2024-09-14 12:17:16.629,0 days 00:30:11.079000,0 days 00:02:16.204000,11741,335,8,100,False,12,car,5705.475277777784,0.9582499459868802,-1111.7648863329828,-1454.75638747608,-241.17165379110156,car,0 days 00:30:11.079000
2024-09-14 12:17:16.949,0 days 00:30:11.399000,0 days 00:02:16.524000,11825,336,8,100,False,12,car,5735.34194444445,0.96326613312761,-816.99181083062,-1343.9648679000074,-242.1387406254903,car,0 days 00:30:11.399000
2024-09-14 12:17:17.349,0 days 00:30:11.799000,0 days 00:02:16.924000,11828,336,8,100,False,12,car,5772.675277777784,0.9695363670535225,-381.562502270628,-1181.617767498009,-243.9624172227777,car,0 days 00:30:11.799000
2024-09-14 12:17:17.510,0 days 00:30:11.960000,0 days 00:02:17.085000,11904,336,8,100,False,12,car,5787.70194444445,0.9720601362087022,-269.56109402121814,-1141.031691775969,-244.3536355984692,car,0 days 00:30:11.960000
2024-09-14 12:17:17.670,0 days 00:30:12.120000,0 days 00:02:17.245000,11882,337,8,100,False,12,car,5802.679722222228,0.9745756943432646,-193.97851342893384,-1113.3126711612533,-244.7238451136581,car,0 days 00:30:12.120000
2024-09-14 12:17:17.910,0 days 00:30:12.360000,0 days 00:02:17.485000,11955,338,8,100,False,12,car,5825.213055555561,0.9783602283914047,114.95247663985732,-990.9374443275731,-245.84594195421184,car,0 days 00:30:12.360000
2024-09-14 12:17:18.150,0 days 00:30:12.600000,0 days 00:02:17.725000,12017,339,8,100,False,12,car,5847.81305555556,0.9821559592858408,251.49574553556468,-934.6526325138149,-245.93435554656182,car,0 days 00:30:12.600000
2024-09-14 12:17:18.510,0 days 00:30:12.960000,0 days 00:02:18.085000,12011,340,8,100,False,12,car,5881.813055555561,0.9878663508969397,540.1918323464969,-811.0600631260183,-246.99720550106667,car,0 days 00:30:12.960000
2024-09-14 12:17:18.790,0 days 00:30:13.240000,0 days 00:02:18.365000,12044,342,8,100,False,12,car,5908.413055555561,0.9923338925691524,777.3256501549599,-711.1065694381052,-245.98891305407372,car,0 days 00:30:13.240000
2024-09-14 12:17:18.950,0 days 00:30:13.400000,0 days 00:02:18.525000,12043,342,8,100,False,12,car,5923.613055555561,0.9948867735247023,986.5178615567675,-624.0244261208702,-246.00097809589252,car,0 days 00:30:13.400000
2024-09-14 12:17:19.110,0 days 00:30:13.560000,0 days 00:02:18.685000,12070,342,8,100,False,12,car,5938.813055555561,0.9974396544802524,1150.1557517494296,-555.9386827137834,-245.86128811027956,car,0 days 00:30:13.560000
