Date_x,SessionTime_x,Time,RPM_x,Speed_x,nGear_x,Throttle_x,Brake_x,DRS_x,Source_x,Distance,RelativeDistance,X,Y,Z,Source_y,SessionTime_y
2024-05-04 16:10:59.975,0 days 00:51:07.899000,0 days 00:00:00.206000,11500,288,7,100,False,1,car,16.498888888888885,0.003084742118446491,2053.2947807353767,-7.726585382559044,250.81206103794213,car,0 days 00:51:07.899000
2024-05-04 16:11:00.135,0 days 00:51:08.059000,0 days 00:00:00.366000,11598,289,7,100,False,1,car,29.343333333333327,0.005486224971786207,2154.4967223190592,-71.34279265652707,251.0674269369236,car,0 days 00:51:08.059000
2024-05-04 16:11:00.535,0 days 00:51:08.459000,0 days 00:00:00.766000,11703,292,7,100,False,1,car,61.78777777777778,0.011552254324512826,2430.493760025255,-244.67303207047158,250.99593973074624,car,0 days 00:51:08.459000
2024-05-04 16:11:00.775,0 days 00:51:08.699000,0 days 00:00:01.006000,11041,294,7,100,False,1,car,81.38777777777779,0.01521680082389973,2592.705479056148,-346.25440490340105,251.02678412179125,car,0 days 00:51:08.699000
2024-05-04 16:11:01.175,0 days 00:51:09.099000,0 days 00:00:01.406000,10630,297,8,100,False,1,car,114.38777777777779,0.02138670054225523,2958.6740560955795,-577.2189986504487,248.98883504922793,car,0 days 00:51:09.099000
2024-05-04 16:11:01.415,0 days 00:51:09.339000,0 days 00:00:01.646000,10628,298,8,100,False,1,car,134.25444444444446,0.025101104817143997,3043.974175773923,-629.128528479959,248.88376958942484,car,0 days 00:51:09.339000
2024-05-04 16:11:01.575,0 days 00:51:09.499000,0 days 00:00:01.806000,10667,299,8,100,False,1,car,147.54333333333335,0.02758568396298682,3156.22615210425,-696.9159874981856,249.98474357668576,car,0 days 00:51:09.499000
2024-05-04 16:11:01.935,0 days 00:51:09.859000,0 days 00:00:02.166000,10728,303,8,100,False,1,car,177.84333333333333,0.03325077370438596,3461.83264348538,-880.0634897719726,248.27692011442315,car,0 days 00:51:09.859000
2024-05-04 16:11:02.255,0 days 00:51:10.179000,0 days 00:00:02.486000,10706,302,8,100,False,1,car,204.6877777777778,0.03826978977157346,3752.913751007447,-1046.5903552337688,246.85930688653,car,0 days 00:51:10.179000
2024-05-04 16:11:02.495,0 days 00:51:10.419000,0 days 00:00:02.726000,9607,302,8,0,True,1,car,224.82111111111112,0.04203405182196409,3904.442718586685,-1128.823881884144,245.65706106439114,car,0 days 00:51:10.419000
2024-05-04 16:11:02.695,0 days 00:51:10.619000,0 days 00:00:02.926000,9705,282,8,0,True,1,car,240.4877777777778,0.04496319613269852,3984.242125298694,-1170.3175378254343,245.10611207919084,car,0 days 00:51:10.619000
2024-05-04 16:11:03.055,0 days 00:51:10.979000,0 days 00:00:03.286000,8702,232,8,0,True,1,car,263.6877777777778,0.04930082260136057,4210.214453376686,-1287.364978354586,243.96631688549567,car,0 days 00:51:10.979000
2024-05-04 16:11:03.295,0 days 00:51:11.219000,0 days 00:00:03.526000,8410,209,8,0,True,1,car,277.62111111111113,0.05190589137133289,4340.043349873611,-1354.2208412729306,244.13949997874036,car,0 days 00:51:11.219000
2024-05-04 16:11:04.015,0 days 00:51:11.939000,0 days 00:00:04.246000,8355,162,5,0,True,1,car,310.02111111111117,0.0579636110948092,4664.627091607585,-1526.7317470700013,247.6913275444939,car,0 days 00:51:11.939000
2024-05-04 16:11:04.375,0 days 00:51:12.299000,0 days 00:00:04.606000,8993,142,4,0,True,1,car,324.22111111111116,0.06061853764028338,4794.954746301245,-1609.980243164311,248.88577829066492,car,0 days 00:51:12.299000
2024-05-04 16:11:04.776,0 days 00:51:12.700000,0 days 00:00:05.007000,8387,125,4,0,True,1,car,338.14472222222224,0.0632217886788572,4907.014946046308,-1700.5716064412272,247.5937031144057,car,0 days 00:51:12.700000
2024-05-04 16:11:05.216,0 days 00:51:13.140000,0 days 00:00:05.447000,8336,112,3,0,True,1,car,351.83361111111117,0.06578115448795281,4981.796324131088,-1799.4291813168206,244.4027211960199,car,0 days 00:51:13.140000
2024-05-04 16:11:05.375,0 days 00:51:13.299000,0 days 00:00:05.606000,7765,107,3,0,True,1,car,356.5594444444445,0.06666472775317489,4998.023980052012,-1836.917565641039,244.27514510308612,car,0 days 00:51:13.299000
2024-05-04 16:11:05.775,0 days 00:51:13.699000,0 days 00:00:06.006000,7301,100,3,0,True,1,car,367.67055555555567,0.06874213506575251,5009.57375900879,-1976.8199264619998,242.49487237678971,car,0 days 00:51:13.699000
2024-05-04 16:11:05.935,0 days 00:51:13.859000,0 days 00:00:06.166000,7161,97,3,0,True,1,car,371.9816666666668,0.06954816910303263,4995.543709424764,-2019.211842145707,242.63873169924796,car,0 days 00:51:13.859000
2024-05-04 16:11:06.215,0 days 00:51:14.139000,0 days 00:00:06.446000,6851,95,3,0,False,1,car,379.37055555555565,0.07092964496589672,4972.282513837892,-2070.0617358761347,243.62245563954133,car,0 days 00:51:14.139000
2024-05-04 16:11:06.415,0 days 00:51:14.339000,0 days 00:00:06.646000,7190,93,3,5,False,1,car,384.53722222222234,0.07189563936624532,4946.693244307084,-2107.4700062485085,244.10716863527938,car,0 days 00:51:14.339000
2024-05-04 16:11:06.575,0 days 00:51:14.499000,0 days 00:00:06.806000,6873,92,3,23,False,1,car,388.62611111111124,0.07266012525727389,4914.714764084986,-2148.546145030078,243.9876609960931,car,0 days 00:51:14.499000
2024-05-04 16:11:06.895,0 days 00:51:14.819000,0 days 00:00:07.126000,7194,94,3,37,False,1,car,396.9816666666668,0.07422233555633224,4845.988761113581,-2224.3460024993306,244.4910148091434,car,0 days 00:51:14.819000
2024-05-04 16:11:07.255,0 days 00:51:15.179000,0 days 00:00:07.486000,7858,101,3,52,False,1,car,407.08166666666676,0.07611069880346528,4785.589750944508,-2284.354262036596,245.08806975162315,car,0 days 00:51:15.179000
2024-05-04 16:11:07.455,0 days 00:51:15.379000,0 days 00:00:07.686000,8138,107,3,57,False,1,car,413.0261111111112,0.0772221117156943,4755.68610285027,-2313.4502196697194,245.0053499731064,car,0 days 00:51:15.379000
2024-05-04 16:11:07.655,0 days 00:51:15.579000,0 days 00:00:07.886000,8788,114,3,70,False,1,car,419.35944444444453,0.07840623388386354,4712.088140230442,-2354.7404941609475,245.35883242648617,car,0 days 00:51:15.579000
2024-05-04 16:11:07.855,0 days 00:51:15.779000,0 days 00:00:08.086000,9315,122,3,75,False,1,car,426.1372222222223,0.07967345234453588,4661.339873172162,-2407.0412378270285,246.18010130854296,car,0 days 00:51:15.779000
2024-05-04 16:11:08.095,0 days 00:51:16.019000,0 days 00:00:08.326000,9707,127,3,75,False,1,car,434.603888888889,0.08125643671672003,4581.3756127413135,-2497.2848866432223,246.11358457284555,car,0 days 00:51:16.019000
2024-05-04 16:11:08.295,0 days 00:51:16.219000,0 days 00:00:08.526000,8933,138,3,71,False,1,car,442.27055555555563,0.08268984776239857,4548.8233905341085,-2538.202703499162,245.52728255260766,car,0 days 00:51:16.219000
2024-05-04 16:11:08.575,0 days 00:51:16.499000,0 days 00:00:08.806000,9096,146,4,60,False,1,car,453.6261111111112,0.08481295803585288,4506.803791325396,-2607.1478607077097,244.4080869746653,car,0 days 00:51:16.499000
2024-05-04 16:11:08.815,0 days 00:51:16.739000,0 days 00:00:09.046000,9376,148,4,50,False,1,car,463.49277777777786,0.08665769572942181,4461.868603398454,-2698.0356631402797,243.96572572461037,car,0 days 00:51:16.739000
2024-05-04 16:11:09.015,0 days 00:51:16.939000,0 days 00:00:09.246000,9425,149,4,50,False,1,car,471.7705555555557,0.08820536417729213,4436.403394129093,-2772.1550251413955,244.01062693573238,car,0 days 00:51:16.939000
2024-05-04 16:11:09.295,0 days 00:51:17.219000,0 days 00:00:09.526000,10041,155,4,70,False,1,car,483.82611111111123,0.09045935111143884,4416.680219912395,-2922.7842080401697,243.97145328102317,car,0 days 00:51:17.219000
2024-05-04 16:11:09.535,0 days 00:51:17.459000,0 days 00:00:09.766000,10203,161,4,84,False,1,car,494.5594444444446,0.09246612657538882,4412.818521838006,-3036.7207222795723,244.15985122337077,car,0 days 00:51:17.459000
2024-05-04 16:11:09.695,0 days 00:51:17.619000,0 days 00:00:09.926000,10368,166,4,84,False,1,car,501.9372222222224,0.09384552503094035,4414.197944037585,-3081.9402209652476,244.2748795824566,car,0 days 00:51:17.619000
2024-05-04 16:11:09.855,0 days 00:51:17.779000,0 days 00:00:10.086000,10971,172,4,100,False,1,car,509.5816666666668,0.09527478126199374,4413.298725415384,-3142.6647509529084,243.63205905508374,car,0 days 00:51:17.779000
2024-05-04 16:11:10.015,0 days 00:51:17.939000,0 days 00:00:10.246000,10369,177,4,100,False,1,car,517.4483333333335,0.09674558563929869,4404.967217158204,-3231.9068306927948,242.8980936736451,car,0 days 00:51:17.939000
2024-05-04 16:11:10.415,0 days 00:51:18.339000,0 days 00:00:10.646000,10153,190,4,70,False,1,car,538.5594444444446,0.10069265953319614,4364.272300562315,-3437.5598982145266,242.2653894651401,car,0 days 00:51:18.339000
2024-05-04 16:11:10.615,0 days 00:51:18.539000,0 days 00:00:10.846000,10271,192,4,62,False,1,car,549.2261111111112,0.10268697055327064,4335.027000572657,-3516.8511692263155,241.70559552102944,car,0 days 00:51:18.539000
2024-05-04 16:11:10.895,0 days 00:51:18.819000,0 days 00:00:11.126000,10361,195,4,61,False,1,car,564.3927777777778,0.10552263153493907,4268.427844014181,-3659.0602745222313,242.60289624746494,car,0 days 00:51:18.819000
2024-05-04 16:11:11.096,0 days 00:51:19.020000,0 days 00:00:11.327000,10636,197,4,72,False,1,car,575.3919444444446,0.10757910896884247,4208.3682333377665,-3748.091943125135,242.88410421883037,car,0 days 00:51:19.020000
2024-05-04 16:11:11.256,0 days 00:51:19.180000,0 days 00:00:11.487000,10627,197,4,76,False,1,car,584.1475000000002,0.10921610593115363,4146.916618555436,-3818.0158955362754,243.74998606417677,car,0 days 00:51:19.180000
2024-05-04 16:11:11.496,0 days 00:51:19.420000,0 days 00:00:11.727000,11137,204,4,100,False,1,car,597.7475000000002,0.11175885248174863,4042.361680386711,-3911.9289563287302,245.82191326366592,car,0 days 00:51:19.420000
2024-05-04 16:11:11.816,0 days 00:51:19.740000,0 days 00:00:12.047000,11461,212,4,100,False,1,car,616.5919444444446,0.11528213528388025,3886.4795910026737,-4016.165169660302,248.0925696342882,car,0 days 00:51:19.740000
2024-05-04 16:11:12.055,0 days 00:51:19.979000,0 days 00:00:12.286000,10643,219,4,100,False,1,car,631.1311111111112,0.11800047468757086,3765.354791865492,-4081.179545851405,250.58556668194535,car,0 days 00:51:19.979000
2024-05-04 16:11:12.255,0 days 00:51:20.179000,0 days 00:00:12.486000,10444,225,6,100,False,1,car,643.6311111111113,0.12033755791422068,3658.15184606721,-4129.398864489105,252.29827276939358,car,0 days 00:51:20.179000
2024-05-04 16:11:12.415,0 days 00:51:20.339000,0 days 00:00:12.646000,10568,225,6,100,False,1,car,653.6311111111113,0.12220722449554053,3565.5822006894855,-4166.058750517335,253.4552842735125,car,0 days 00:51:20.339000
2024-05-04 16:11:12.575,0 days 00:51:20.499000,0 days 00:00:12.806000,10727,232,6,100,False,1,car,663.9422222222223,0.12413505848161253,3462.866947072112,-4198.776201823555,255.26192309963716,car,0 days 00:51:20.499000
2024-05-04 16:11:12.855,0 days 00:51:20.779000,0 days 00:00:13.086000,11116,239,6,100,False,1,car,682.5311111111113,0.1276105609155549,3198.952036692373,-4257.225236789376,256.94115138626313,car,0 days 00:51:20.779000
2024-05-04 16:11:13.175,0 days 00:51:21.099000,0 days 00:00:13.406000,11112,245,6,100,False,1,car,704.3088888888891,0.13168227924820702,3072.599710957179,-4274.270290958817,257.995602364887,car,0 days 00:51:21.099000
2024-05-04 16:11:13.455,0 days 00:51:21.379000,0 days 00:00:13.686000,11487,250,6,100,False,1,car,723.7533333333336,0.13531774204521782,2868.926124519637,-4280.180824283597,257.3020096580584,car,0 days 00:51:21.379000
2024-05-04 16:11:13.735,0 days 00:51:21.659000,0 days 00:00:13.966000,11709,255,6,100,False,1,car,743.5866666666668,0.13902591409816886,2643.3499651527927,-4265.211307677691,256.12047291394515,car,0 days 00:51:21.659000
2024-05-04 16:11:14.055,0 days 00:51:21.979000,0 days 00:00:14.286000,11547,260,6,100,False,1,car,766.6977777777779,0.14334692130833027,2441.021599388182,-4229.677397050041,254.2839321195255,car,0 days 00:51:21.979000
2024-05-04 16:11:14.375,0 days 00:51:22.299000,0 days 00:00:14.606000,10395,264,7,100,False,1,car,790.1644444444446,0.14773440555249417,2243.2791126787088,-4168.175813111831,251.11741886164796,car,0 days 00:51:22.299000
2024-05-04 16:11:14.615,0 days 00:51:22.539000,0 days 00:00:14.846000,10775,267,7,100,False,1,car,807.9644444444447,0.15106241206724352,2085.7984610820154,-4103.818994133502,248.35114638217584,car,0 days 00:51:22.539000
2024-05-04 16:11:14.815,0 days 00:51:22.739000,0 days 00:00:15.046000,10870,270,7,100,False,1,car,822.9644444444447,0.1538669119392233,1891.6336756133935,-4000.529404613159,247.96259363923383,car,0 days 00:51:22.739000
2024-05-04 16:11:15.015,0 days 00:51:22.939000,0 days 00:00:15.246000,10947,272,7,100,False,1,car,838.0755555555559,0.15669218588432887,1715.515222360557,-3899.0521041485663,247.68821571259912,car,0 days 00:51:22.939000
2024-05-04 16:11:15.375,0 days 00:51:23.299000,0 days 00:00:15.606000,11153,277,7,100,False,1,car,865.7755555555558,0.16187116231458484,1540.8756412263679,-3785.9758286320002,245.99573537835246,car,0 days 00:51:23.299000
2024-05-04 16:11:15.575,0 days 00:51:23.499000,0 days 00:00:15.806000,11189,280,7,100,False,1,car,881.3311111111113,0.1647795325521935,1447.4773390866017,-3726.1994830260655,246.4895036319022,car,0 days 00:51:23.499000
2024-05-04 16:11:15.895,0 days 00:51:23.819000,0 days 00:00:16.126000,11376,283,7,100,False,1,car,906.486666666667,0.1694827827078692,1176.6795571495632,-3553.932302942074,249.70969018786516,car,0 days 00:51:23.819000
2024-05-04 16:11:16.135,0 days 00:51:24.059000,0 days 00:00:16.366000,11417,288,7,100,False,1,car,925.686666666667,0.1730725425440033,981.6154279935079,-3429.0579494233507,250.93827984901776,car,0 days 00:51:24.059000
2024-05-04 16:11:16.415,0 days 00:51:24.339000,0 days 00:00:16.646000,11614,289,7,100,False,1,car,948.1644444444448,0.17727513753734783,812.9675493909634,-3320.5541676338794,251.00296011640668,car,0 days 00:51:24.339000
2024-05-04 16:11:16.615,0 days 00:51:24.539000,0 days 00:00:16.846000,11607,292,7,100,False,1,car,964.386666666667,0.18030815221371113,725.5671181622716,-3264.5162761813785,250.98954574246204,car,0 days 00:51:24.539000
2024-05-04 16:11:16.815,0 days 00:51:24.739000,0 days 00:00:17.046000,10527,293,7,100,False,1,car,980.6644444444447,0.18335155392663732,608.0224931789786,-3189.9135468060003,251.02505334657752,car,0 days 00:51:24.739000
2024-05-04 16:11:16.975,0 days 00:51:24.899000,0 days 00:00:17.206000,10638,295,8,100,False,1,car,993.7755555555558,0.18580289455547888,491.4171868031864,-3117.6106785625025,250.90223013871397,car,0 days 00:51:24.899000
2024-05-04 16:11:17.175,0 days 00:51:25.099000,0 days 00:00:17.406000,10522,295,8,100,False,1,car,1010.1644444444446,0.18886707034153086,339.90739666226364,-3027.99529995039,250.24404844049064,car,0 days 00:51:25.099000
2024-05-04 16:11:17.375,0 days 00:51:25.299000,0 days 00:00:17.606000,10176,297,8,26,False,1,car,1026.6644444444448,0.19195202020070865,197.10518611177181,-2949.737495247468,249.18407198929242,car,0 days 00:51:25.299000
2024-05-04 16:11:17.615,0 days 00:51:25.539000,0 days 00:00:17.846000,9809,287,8,0,True,1,car,1045.797777777778,0.19552931559296727,43.3942653001172,-2867.9228030989557,247.48913962146074,car,0 days 00:51:25.539000
2024-05-04 16:11:17.776,0 days 00:51:25.700000,0 days 00:00:18.007000,9486,272,8,0,True,1,car,1057.9622222222226,0.19780366111877726,-66.5029991929285,-2812.696816404064,246.2212162239485,car,0 days 00:51:25.700000
2024-05-04 16:11:18.056,0 days 00:51:25.980000,0 days 00:00:18.287000,10044,253,8,0,True,1,car,1077.6400000000003,0.20148274946935218,-358.52433234522584,-2705.6457984149824,244.88361905981466,car,0 days 00:51:25.980000
2024-05-04 16:11:18.376,0 days 00:51:26.300000,0 days 00:00:18.607000,9606,241,7,0,True,1,car,1099.0622222222225,0.2054879907680018,-470.28986723362,-2692.5411877019706,244.72823689887966,car,0 days 00:51:26.300000
2024-05-04 16:11:18.656,0 days 00:51:26.580000,0 days 00:00:18.887000,9259,231,7,0,True,1,car,1117.0288888888892,0.2088471583924398,-658.9455470360174,-2680.9643646236677,242.94781489051417,car,0 days 00:51:26.580000
2024-05-04 16:11:19.095,0 days 00:51:27.019000,0 days 00:00:19.326000,8809,222,7,37,False,1,car,1144.100555555556,0.21390865743916954,-990.2699208325989,-2732.1307207661825,242.2977824485778,car,0 days 00:51:27.019000
2024-05-04 16:11:19.255,0 days 00:51:27.179000,0 days 00:00:19.486000,8881,220,7,50,False,1,car,1153.8783333333338,0.21573677587423784,-1037.1956306568875,-2752.155184836011,243.31699755701834,car,0 days 00:51:27.179000
2024-05-04 16:11:19.415,0 days 00:51:27.339000,0 days 00:00:19.646000,8869,221,7,51,False,1,car,1163.700555555556,0.21757320393855648,-1101.983554426153,-2784.30725286663,244.99502994277844,car,0 days 00:51:27.339000
2024-05-04 16:11:19.655,0 days 00:51:27.579000,0 days 00:00:19.886000,8788,219,7,60,False,1,car,1178.300555555556,0.22030291714728342,-1267.0795818989393,-2875.556869650994,248.09861643656205,car,0 days 00:51:27.579000
2024-05-04 16:11:19.975,0 days 00:51:27.899000,0 days 00:00:20.206000,8522,215,7,0,True,1,car,1197.411666666667,0.22387605772491692,-1463.6124137462534,-2993.2419638464844,251.03444457897803,car,0 days 00:51:27.899000
2024-05-04 16:11:20.175,0 days 00:51:28.099000,0 days 00:00:20.406000,9051,205,7,0,True,1,car,1208.800555555556,0.22600540022030896,-1510.740622222133,-3013.1331702206503,252.03829638541316,car,0 days 00:51:28.099000
2024-05-04 16:11:20.375,0 days 00:51:28.299000,0 days 00:00:20.606000,8880,200,6,31,False,1,car,1219.9116666666673,0.22808280753288662,-1613.8313067747422,-3053.286604254263,253.01753127869958,car,0 days 00:51:28.299000
2024-05-04 16:11:20.655,0 days 00:51:28.579000,0 days 00:00:20.886000,9184,199,6,54,False,1,car,1235.389444444445,0.2309766359193072,-1764.358354550519,-3087.96521410596,253.3425116027307,car,0 days 00:51:28.579000
2024-05-04 16:11:20.855,0 days 00:51:28.779000,0 days 00:00:21.086000,9114,198,6,50,False,1,car,1246.389444444445,0.23303326915875902,-1883.5349044201387,-3091.9814363160253,255.73993819880087,car,0 days 00:51:28.779000
2024-05-04 16:11:21.055,0 days 00:51:28.979000,0 days 00:00:21.286000,9235,199,6,60,False,1,car,1257.4450000000006,0.23510028943477376,-2044.8836013474402,-3077.0820234151042,255.03419104261496,car,0 days 00:51:28.979000
2024-05-04 16:11:21.535,0 days 00:51:29.459000,0 days 00:00:21.766000,9564,202,6,83,False,1,car,1284.3783333333338,0.24013592476046186,-2230.574345428882,-3011.996252249317,254.81105790570268,car,0 days 00:51:29.459000
2024-05-04 16:11:21.695,0 days 00:51:29.619000,0 days 00:00:21.926000,9515,205,6,89,False,1,car,1293.4894444444449,0.2418393987567755,-2315.6114574292797,-2967.6134992424695,254.08376141211033,car,0 days 00:51:29.619000
2024-05-04 16:11:21.935,0 days 00:51:29.859000,0 days 00:00:22.166000,9759,213,6,100,False,1,car,1307.689444444445,0.24449432530224968,-2435.5672717399593,-2888.5657112897707,251.91746345381497,car,0 days 00:51:29.859000
2024-05-04 16:11:22.135,0 days 00:51:30.059000,0 days 00:00:22.366000,9925,218,6,100,False,1,car,1319.800555555556,0.2467586992729593,-2589.378494100985,-2766.223491045853,249.32406715513855,car,0 days 00:51:30.059000
2024-05-04 16:11:22.375,0 days 00:51:30.299000,0 days 00:00:22.606000,10155,221,6,100,False,1,car,1334.5338888888894,0.2495133413694372,-2666.579027744855,-2698.0013584206827,248.0779203347612,car,0 days 00:51:30.299000
2024-05-04 16:11:22.815,0 days 00:51:30.739000,0 days 00:00:23.046000,10480,228,6,67,False,1,car,1362.400555555556,0.2547234789093818,-2860.276465683128,-2555.1504440088615,247.9316212835778,car,0 days 00:51:30.739000
2024-05-04 16:11:23.215,0 days 00:51:31.139000,0 days 00:00:23.446000,9940,224,6,36,False,1,car,1387.2894444444448,0.25937687128955567,-3103.6171888301487,-2461.9408455527036,246.2319446272043,car,0 days 00:51:31.139000
2024-05-04 16:11:23.655,0 days 00:51:31.579000,0 days 00:00:23.886000,9995,217,6,62,False,1,car,1413.811666666667,0.2643356425446784,-3387.183985001446,-2444.95759068425,245.62354999309042,car,0 days 00:51:31.579000
2024-05-04 16:11:23.975,0 days 00:51:31.899000,0 days 00:00:24.206000,10089,218,6,65,False,1,car,1433.1894444444447,0.26795864089781374,-3609.694410025431,-2477.28522394839,244.64693625716944,car,0 days 00:51:31.899000
2024-05-04 16:11:24.175,0 days 00:51:32.099000,0 days 00:00:24.406000,10088,218,6,69,False,1,car,1445.3005555555558,0.27022301486852335,-3675.4054298333153,-2500.3657903882954,244.3154090977235,car,0 days 00:51:32.099000
2024-05-04 16:11:24.416,0 days 00:51:32.340000,0 days 00:00:24.647000,10004,214,6,0,True,1,car,1459.6266666666668,0.27290151998699524,-3803.909536604696,-2549.54223052804,243.03835258831361,car,0 days 00:51:32.340000
2024-05-04 16:11:24.576,0 days 00:51:32.500000,0 days 00:00:24.807000,9118,204,6,0,True,1,car,1468.6933333333334,0.2745966843540586,-3887.4515157479973,-2585.941925096793,242.94211365525678,car,0 days 00:51:32.500000
2024-05-04 16:11:24.776,0 days 00:51:32.700000,0 days 00:00:25.007000,9031,197,6,0,False,1,car,1479.637777777778,0.27664293055694755,-4036.937882407069,-2681.8384421319984,243.01054992181142,car,0 days 00:51:32.700000
2024-05-04 16:11:25.056,0 days 00:51:32.980000,0 days 00:00:25.287000,9874,186,6,0,True,1,car,1494.1044444444444,0.27934771487792354,-4126.5389093579,-2750.213371034289,242.99760656730285,car,0 days 00:51:32.980000
2024-05-04 16:11:25.256,0 days 00:51:33.180000,0 days 00:00:25.487000,9174,177,5,0,True,1,car,1503.9377777777777,0.2811862203495547,-4168.505449357669,-2796.742980862428,243.00072919670956,car,0 days 00:51:33.180000
2024-05-04 16:11:25.455,0 days 00:51:33.379000,0 days 00:00:25.686000,8818,170,5,0,True,1,car,1513.335,0.28294318758416726,-4240.156628187796,-2875.6134103203563,243.0000472511708,car,0 days 00:51:33.379000
2024-05-04 16:11:25.775,0 days 00:51:33.699000,0 days 00:00:26.006000,8149,159,5,0,True,1,car,1527.4683333333335,0.285585649685766,-4326.907340617657,-3007.3438411188285,243.0070767567929,car,0 days 00:51:33.699000
2024-05-04 16:11:26.055,0 days 00:51:33.979000,0 days 00:00:26.286000,9106,147,4,0,True,1,car,1538.9016666666669,0.2877233018104084,-4380.341397424704,-3131.8523070818555,242.93679243664317,car,0 days 00:51:33.979000
2024-05-04 16:11:26.335,0 days 00:51:34.259000,0 days 00:00:26.566000,8742,138,4,0,True,1,car,1549.6350000000002,0.28973007727435834,-4413.786192156565,-3276.0009869369833,241.94925936947024,car,0 days 00:51:34.259000
2024-05-04 16:11:26.695,0 days 00:51:34.619000,0 days 00:00:26.926000,8183,131,4,0,False,1,car,1562.7350000000001,0.29217934049588734,-4418.555707431144,-3370.0179442665585,242.01003386774968,car,0 days 00:51:34.619000
2024-05-04 16:11:27.095,0 days 00:51:35.019000,0 days 00:00:27.326000,7935,129,4,9,False,1,car,1577.0683333333336,0.29485919592911247,-4401.398114514546,-3528.4154403858256,242.00273699245633,car,0 days 00:51:35.019000
2024-05-04 16:11:27.295,0 days 00:51:35.219000,0 days 00:00:27.526000,7909,126,4,20,False,1,car,1584.0683333333336,0.2961679625360364,-4383.5063265508325,-3591.962425023755,241.98064068419268,car,0 days 00:51:35.219000
2024-05-04 16:11:27.775,0 days 00:51:35.699000,0 days 00:00:28.006000,7953,126,4,23,False,1,car,1600.8683333333336,0.2993090023926537,-4299.557606451418,-3731.577368833027,241.6738837782279,car,0 days 00:51:35.699000
2024-05-04 16:11:28.015,0 days 00:51:35.939000,0 days 00:00:28.246000,7768,125,4,0,False,1,car,1609.2016666666668,0.3008670578770869,-4229.405641010678,-3799.4895541185983,241.00793826092996,car,0 days 00:51:35.939000
2024-05-04 16:11:28.255,0 days 00:51:36.179000,0 days 00:00:28.486000,7672,123,4,32,False,1,car,1617.4016666666669,0.30240018447376915,-4179.766130873465,-3826.6024853681292,241.93137009627029,car,0 days 00:51:36.179000
2024-05-04 16:11:28.575,0 days 00:51:36.499000,0 days 00:00:28.806000,8040,127,4,48,False,1,car,1628.6905555555559,0.304510830303348,-4030.4200694169444,-3873.9946458001064,242.01011387023314,car,0 days 00:51:36.499000
2024-05-04 16:11:28.935,0 days 00:51:36.859000,0 days 00:00:29.166000,8690,135,4,72,False,1,car,1642.1905555555559,0.30703488018812986,-3919.778419429914,-3887.297297256265,242.79077851502998,car,0 days 00:51:36.859000
2024-05-04 16:11:29.375,0 days 00:51:37.299000,0 days 00:00:29.606000,9624,148,4,82,False,1,car,1660.2794444444448,0.3104168992930062,-3746.7319823870694,-3892.9089183670594,244.94509362189268,car,0 days 00:51:37.299000
2024-05-04 16:11:29.695,0 days 00:51:37.619000,0 days 00:00:29.926000,10668,161,4,100,False,1,car,1674.5905555555557,0.31309259991160615,-3637.1682739976404,-3894.0382565717728,246.02328377810844,car,0 days 00:51:37.619000
2024-05-04 16:11:29.935,0 days 00:51:37.859000,0 days 00:00:30.166000,10668,170,4,100,False,1,car,1685.9238888888892,0.3152115553704353,-3526.1004866062094,-3896.3755492367864,247.22005211817932,car,0 days 00:51:37.859000
2024-05-04 16:11:30.215,0 days 00:51:38.139000,0 days 00:00:30.446000,11415,179,4,100,False,1,car,1699.8461111111114,0.31781454673309506,-3389.3689876533645,-3902.251690740575,249.24192070612568,car,0 days 00:51:38.139000
2024-05-04 16:11:30.495,0 days 00:51:38.419000,0 days 00:00:30.726000,10547,191,5,100,False,1,car,1714.7016666666668,0.3205920403100113,-3243.9480083963545,-3915.827678664814,248.97556415661427,car,0 days 00:51:38.419000
2024-05-04 16:11:30.695,0 days 00:51:38.619000,0 days 00:00:30.926000,10746,197,5,100,False,1,car,1725.6461111111112,0.3226382865129002,-3137.4366403372424,-3927.555432829678,249.00590161324658,car,0 days 00:51:38.619000
2024-05-04 16:11:31.016,0 days 00:51:38.940000,0 days 00:00:31.247000,11264,211,5,100,False,1,car,1744.460277777778,0.3261559083801051,-2990.5075489287156,-3949.882722572872,248.72512873130017,car,0 days 00:51:38.940000
2024-05-04 16:11:31.216,0 days 00:51:39.140000,0 days 00:00:31.447000,11569,217,5,100,False,1,car,1756.5158333333334,0.3284098953142518,-2823.9950464176654,-3976.333218179482,247.36749694033048,car,0 days 00:51:39.140000
2024-05-04 16:11:31.456,0 days 00:51:39.380000,0 days 00:00:31.687000,11856,227,5,100,False,1,car,1771.6491666666668,0.3312393240739825,-2609.9252567844687,-4013.0394971866617,245.2980261158602,car,0 days 00:51:39.380000
2024-05-04 16:11:31.616,0 days 00:51:39.540000,0 days 00:00:31.847000,11856,228,5,100,False,1,car,1781.7825000000003,0.33313391954305327,-2567.4888175336737,-4021.846261000809,244.9760830304709,car,0 days 00:51:39.540000
2024-05-04 16:11:31.776,0 days 00:51:39.700000,0 days 00:00:32.007000,10736,235,6,100,False,1,car,1792.2269444444444,0.33508668241687617,-2513.0843630544596,-4034.2528263163886,244.98550802636123,car,0 days 00:51:39.700000
2024-05-04 16:11:31.936,0 days 00:51:39.860000,0 days 00:00:32.167000,10807,238,6,100,False,1,car,1802.8047222222224,0.3370643741784501,-2413.5949425969243,-4056.162903055515,244.92386522891286,car,0 days 00:51:39.860000
2024-05-04 16:11:32.096,0 days 00:51:40.020000,0 days 00:00:32.327000,11069,238,6,100,False,1,car,1813.3825,0.33904206594002395,-2309.8219539395654,-4080.2738473272707,244.04300047555427,car,0 days 00:51:40.020000
2024-05-04 16:11:32.415,0 days 00:51:40.339000,0 days 00:00:32.646000,11333,243,6,100,False,1,car,1834.9150000000002,0.343067925506251,-2098.3292849619343,-4119.067779612936,244.29495148974632,car,0 days 00:51:40.339000
2024-05-04 16:11:32.895,0 days 00:51:40.819000,0 days 00:00:33.126000,11676,255,6,100,False,1,car,1868.915,0.3494247918827384,-1764.4411796049835,-4143.001401030364,245.51380017495,car,0 days 00:51:40.819000
2024-05-04 16:11:33.175,0 days 00:51:41.099000,0 days 00:00:33.406000,11575,262,6,100,False,1,car,1889.292777777778,0.3532347568940058,-1557.3598622794016,-4140.770586106711,246.27656271101742,car,0 days 00:51:41.099000
2024-05-04 16:11:33.375,0 days 00:51:41.299000,0 days 00:00:33.606000,10578,266,7,100,False,1,car,1904.070555555556,0.35599770861973407,-1430.0810351076448,-4136.517490234579,245.43634291600927,car,0 days 00:51:41.299000
2024-05-04 16:11:33.575,0 days 00:51:41.499000,0 days 00:00:33.806000,10735,269,7,100,False,1,car,1919.015,0.35879182145515087,-1239.278498560783,-4126.6326283241115,245.20958474623973,car,0 days 00:51:41.499000
2024-05-04 16:11:33.935,0 days 00:51:41.859000,0 days 00:00:34.166000,10974,276,7,100,False,1,car,1946.615,0.36395210121959365,-974.5135406712357,-4112.977261424416,246.0290646938535,car,0 days 00:51:41.859000
2024-05-04 16:11:34.175,0 days 00:51:42.099000,0 days 00:00:34.406000,11118,278,7,100,False,1,car,1965.1483333333335,0.36741721661697313,-772.0137628262042,-4107.49537026258,246.2889092493366,car,0 days 00:51:42.099000
2024-05-04 16:11:34.535,0 days 00:51:42.459000,0 days 00:00:34.766000,11310,282,7,100,False,1,car,1993.3483333333336,0.37268967637629513,-479.23165013588556,-4100.564815404965,247.70197573203055,car,0 days 00:51:42.459000
2024-05-04 16:11:34.775,0 days 00:51:42.699000,0 days 00:00:35.006000,11430,285,7,100,False,1,car,2012.3483333333338,0.3762420428808029,-339.14708355292305,-4099.052390836063,247.9056015145071,car,0 days 00:51:42.699000
2024-05-04 16:11:35.095,0 days 00:51:43.019000,0 days 00:00:35.326000,11573,289,7,100,False,1,car,2038.0372222222227,0.3810450085874823,-79.69340639891139,-4095.189918034997,249.1826300119281,car,0 days 00:51:43.019000
2024-05-04 16:11:35.295,0 days 00:51:43.219000,0 days 00:00:35.526000,11666,292,7,100,False,1,car,2054.2594444444453,0.38407802326384566,80.65397568635174,-4092.923047848217,248.9992007104238,car,0 days 00:51:43.219000
2024-05-04 16:11:35.575,0 days 00:51:43.499000,0 days 00:00:35.806000,11305,294,7,100,False,1,car,2077.1261111111116,0.38835332751313034,308.4479590626866,-4090.104537724871,249.04867981176017,car,0 days 00:51:43.499000
2024-05-04 16:11:35.775,0 days 00:51:43.699000,0 days 00:00:36.006000,10678,295,7,100,False,1,car,2093.515000000001,0.39141750329918235,471.2493581419494,-4088.903777819896,247.8288934410733,car,0 days 00:51:43.699000
2024-05-04 16:11:36.175,0 days 00:51:44.099000,0 days 00:00:36.406000,10638,299,8,100,False,1,car,2126.737222222223,0.3976289511637894,791.8436130745256,-4095.475798141607,246.99208696891705,car,0 days 00:51:44.099000
2024-05-04 16:11:36.375,0 days 00:51:44.299000,0 days 00:00:36.606000,10655,299,8,100,False,1,car,2143.3483333333343,0.40073467509609295,1033.073750906263,-4128.061905907724,246.96386364096995,car,0 days 00:51:44.299000
2024-05-04 16:11:36.695,0 days 00:51:44.619000,0 days 00:00:36.926000,10749,301,8,100,False,1,car,2170.1038888888897,0.4057370719047798,1244.9117690172725,-4176.496758802182,248.08396900764635,car,0 days 00:51:44.619000
2024-05-04 16:11:36.935,0 days 00:51:44.859000,0 days 00:00:37.166000,10792,304,8,100,False,1,car,2190.370555555556,0.4095262628429213,1414.5949863038184,-4232.099672608863,247.25568358607632,car,0 days 00:51:44.859000
2024-05-04 16:11:37.135,0 days 00:51:45.059000,0 days 00:00:37.366000,10883,306,8,100,False,1,car,2207.3705555555566,0.41270469603116516,1577.8594774153985,-4289.181556487804,246.9110021629132,car,0 days 00:51:45.059000
2024-05-04 16:11:37.335,0 days 00:51:45.259000,0 days 00:00:37.566000,10908,306,8,100,False,1,car,2224.370555555557,0.415883129219409,1737.7898175344985,-4346.612550496278,247.01790275651493,car,0 days 00:51:45.259000
2024-05-04 16:11:37.616,0 days 00:51:45.540000,0 days 00:00:37.847000,10919,308,8,100,False,1,car,2248.411666666668,0.42037801542163317,1962.0530133295658,-4423.601956841764,247.09110947951825,car,0 days 00:51:45.540000
2024-05-04 16:11:37.976,0 days 00:51:45.900000,0 days 00:00:38.207000,11041,309,8,100,False,1,car,2279.3116666666683,0.4261552851579115,2268.5860551570854,-4522.143716131257,248.06710376324145,car,0 days 00:51:45.900000
2024-05-04 16:11:38.176,0 days 00:51:46.100000,0 days 00:00:38.407000,11062,311,8,100,False,1,car,2296.5894444444457,0.4293856535289696,2432.599409298132,-4573.165325728562,248.96895716426332,car,0 days 00:51:46.100000
2024-05-04 16:11:38.496,0 days 00:51:46.420000,0 days 00:00:38.727000,11109,313,8,100,False,1,car,2324.4116666666678,0.4345874814396639,2680.604677828442,-4643.057676558887,249.03019891502993,car,0 days 00:51:46.420000
2024-05-04 16:11:38.935,0 days 00:51:46.859000,0 days 00:00:39.166000,11170,315,8,100,False,1,car,2362.8241666666677,0.4417693381951588,3053.848982235576,-4726.872235737641,248.01068381329173,car,0 days 00:51:46.859000
2024-05-04 16:11:39.335,0 days 00:51:47.259000,0 days 00:00:39.566000,11237,317,8,100,False,1,car,2398.0463888888903,0.4483547193760299,3511.4074539796375,-4785.413424769943,245.51433769199775,car,0 days 00:51:47.259000
2024-05-04 16:11:39.535,0 days 00:51:47.459000,0 days 00:00:39.766000,11262,316,8,100,False,1,car,2415.6019444444455,0.45163702292990243,3628.590672325341,-4792.674162240179,244.97367669346514,car,0 days 00:51:47.459000
2024-05-04 16:11:39.695,0 days 00:51:47.619000,0 days 00:00:39.926000,11261,316,8,100,False,1,car,2429.64638888889,0.45426286577300057,3723.0943625735454,-4793.71411471522,244.9486871600461,car,0 days 00:51:47.619000
2024-05-04 16:11:39.855,0 days 00:51:47.779000,0 days 00:00:40.086000,11288,317,8,100,False,1,car,2443.7352777777787,0.4568970182453489,3855.9892431014423,-4794.410142493414,245.1558282435619,car,0 days 00:51:47.779000
2024-05-04 16:11:40.175,0 days 00:51:48.099000,0 days 00:00:40.406000,11311,318,8,100,False,1,car,2472.0019444444456,0.4621819424485464,4130.43397525876,-4785.2168758941825,244.01504303531868,car,0 days 00:51:48.099000
2024-05-04 16:11:40.415,0 days 00:51:48.339000,0 days 00:00:40.646000,11336,318,8,100,False,1,car,2493.201944444446,0.4661456356009445,4432.587386845333,-4759.913794660091,242.8449922712615,car,0 days 00:51:48.339000
2024-05-04 16:11:40.695,0 days 00:51:48.619000,0 days 00:00:40.926000,11393,320,8,100,False,1,car,2518.090833333335,0.47079902798111845,4686.278462729523,-4731.6902895181465,241.56150199064038,car,0 days 00:51:48.619000
2024-05-04 16:11:40.895,0 days 00:51:48.819000,0 days 00:00:41.126000,11400,320,8,100,False,1,car,2535.8686111111124,0.4741228796812425,4782.18451599629,-4715.32786520435,242.1383757181896,car,0 days 00:51:48.819000
2024-05-04 16:11:41.055,0 days 00:51:48.979000,0 days 00:00:41.286000,11401,323,8,100,False,1,car,2550.224166666668,0.47680688992909287,4900.39159414608,-4695.7829095585375,243.37030956768245,car,0 days 00:51:48.979000
2024-05-04 16:11:41.375,0 days 00:51:49.299000,0 days 00:00:41.606000,11429,322,8,100,False,1,car,2578.8463888888905,0.4821582911662928,5329.8915171542885,-4589.871177287834,249.09528173924275,car,0 days 00:51:49.299000
2024-05-04 16:11:41.535,0 days 00:51:49.459000,0 days 00:00:41.766000,11437,321,8,100,False,1,car,2593.113055555557,0.48482568215564237,5436.458174942323,-4559.579841074864,249.92369176569957,car,0 days 00:51:49.459000
2024-05-04 16:11:41.735,0 days 00:51:49.659000,0 days 00:00:41.966000,11433,322,8,100,False,1,car,2611.001944444446,0.4881703079288924,5514.530034404679,-4532.491325565903,250.0403793125631,car,0 days 00:51:49.659000
2024-05-04 16:11:41.935,0 days 00:51:49.859000,0 days 00:00:42.166000,11439,321,8,100,False,1,car,2628.835277777779,0.49150454666557936,5685.740209475278,-4476.317858538267,251.8442839537788,car,0 days 00:51:49.859000
2024-05-04 16:11:42.215,0 days 00:51:50.139000,0 days 00:00:42.446000,11426,322,8,100,False,1,car,2653.879722222224,0.49618702274812937,5973.479113815893,-4379.787417261294,251.5623735116773,car,0 days 00:51:50.139000
2024-05-04 16:11:42.415,0 days 00:51:50.339000,0 days 00:00:42.646000,11450,321,8,100,False,1,car,2671.7130555555573,0.49952126148481646,6194.404169167433,-4304.896176256661,250.7875376988441,car,0 days 00:51:50.339000
2024-05-04 16:11:42.775,0 days 00:51:50.699000,0 days 00:00:43.006000,11466,322,8,100,False,1,car,2703.913055555557,0.5055415878766664,6383.888903647722,-4240.56946059654,249.51546741658274,car,0 days 00:51:50.699000
2024-05-04 16:11:43.055,0 days 00:51:50.979000,0 days 00:00:43.286000,11480,323,8,100,False,1,car,2729.0352777777794,0.5102386058104043,6670.698623219931,-4143.050332985106,246.5421320879625,car,0 days 00:51:50.979000
2024-05-04 16:11:43.335,0 days 00:51:51.259000,0 days 00:00:43.566000,11503,324,8,100,False,1,car,2754.2352777777796,0.5149501655953304,6939.543372296439,-4051.118835241206,242.90237249975544,car,0 days 00:51:51.259000
2024-05-04 16:11:43.655,0 days 00:51:51.579000,0 days 00:00:43.886000,11498,325,8,100,False,1,car,2783.1241666666683,0.5203514246080321,7120.762881935785,-3985.387677896455,242.040510693257,car,0 days 00:51:51.579000
2024-05-04 16:11:43.855,0 days 00:51:51.779000,0 days 00:00:44.086000,11493,324,8,100,False,1,car,2801.124166666668,0.5237168244544078,7282.57848668433,-3923.524741764866,241.21359239559766,car,0 days 00:51:51.779000
2024-05-04 16:11:44.016,0 days 00:51:51.940000,0 days 00:00:44.247000,11501,324,8,100,False,1,car,2815.614166666668,0.5264259713307403,7417.396127821403,-3869.729846701883,240.82309369552763,car,0 days 00:51:51.940000
2024-05-04 16:11:44.296,0 days 00:51:52.220000,0 days 00:00:44.527000,11491,324,8,100,False,1,car,2840.8141666666684,0.5311375311156663,7646.839713983956,-3773.572849120169,241.6065766892277,car,0 days 00:51:52.220000
2024-05-04 16:11:44.456,0 days 00:51:52.380000,0 days 00:00:44.687000,11508,323,8,100,False,1,car,2855.1697222222238,0.5338215413635166,7794.152474176628,-3708.726393510351,242.01640380418058,car,0 days 00:51:52.380000
2024-05-04 16:11:44.936,0 days 00:51:52.860000,0 days 00:00:45.167000,11450,322,8,100,False,1,car,2898.1030555555576,0.5418486432193166,8178.922385338657,-3532.1639361377556,240.98573425407628,car,0 days 00:51:52.860000
2024-05-04 16:11:45.296,0 days 00:51:53.220000,0 days 00:00:45.527000,10893,302,8,0,True,1,car,2928.3030555555574,0.5474950362949025,8505.79164999618,-3376.3781963468223,240.91940858562396,car,0 days 00:51:53.220000
2024-05-04 16:11:45.695,0 days 00:51:53.619000,0 days 00:00:45.926000,8999,258,8,0,True,1,car,2956.8980555555577,0.5528413478841866,8825.970299665078,-3216.74776284687,242.1010637291831,car,0 days 00:51:53.619000
2024-05-04 16:11:45.935,0 days 00:51:53.859000,0 days 00:00:46.166000,9296,233,7,0,True,1,car,2972.4313888888905,0.5557455633071701,8924.034713536315,-3165.799341274689,242.17050951740407,car,0 days 00:51:53.859000
2024-05-04 16:11:46.295,0 days 00:51:54.219000,0 days 00:00:46.526000,9249,207,7,0,True,1,car,2993.131388888891,0.5596157731305021,9079.559349349744,-3079.8774843661618,241.92343816782468,car,0 days 00:51:54.219000
2024-05-04 16:11:46.535,0 days 00:51:54.459000,0 days 00:00:46.766000,9666,184,6,0,True,1,car,3005.398055555557,0.5619092308035878,9220.081627965825,-2997.262856701014,242.8137414402168,car,0 days 00:51:54.459000
2024-05-04 16:11:46.815,0 days 00:51:54.739000,0 days 00:00:47.046000,9047,168,5,0,True,1,car,3018.464722222224,0.5643522618031791,9324.083679839863,-2932.620980234922,243.07455400748543,car,0 days 00:51:54.739000
2024-05-04 16:11:47.095,0 days 00:51:55.019000,0 days 00:00:47.326000,9035,148,4,0,True,1,car,3029.975833333335,0.5665044557790094,9421.557978680268,-2860.64721891938,243.008301253531,car,0 days 00:51:55.019000
2024-05-04 16:11:47.335,0 days 00:51:55.259000,0 days 00:00:47.566000,8292,132,4,0,True,1,car,3038.775833333335,0.5681497623705709,9495.188360762299,-2799.3932866093,242.9100480135147,car,0 days 00:51:55.259000
2024-05-04 16:11:47.535,0 days 00:51:55.459000,0 days 00:00:47.766000,7776,128,4,0,True,1,car,3045.886944444446,0.5694793030506206,9539.115120306918,-2755.5153553408477,243.08241575669692,car,0 days 00:51:55.459000
2024-05-04 16:11:47.735,0 days 00:51:55.659000,0 days 00:00:47.966000,8494,116,4,0,True,1,car,3052.33138888889,0.5706841992919155,9584.34461339913,-2703.420834942664,243.9668698650122,car,0 days 00:51:55.659000
2024-05-04 16:11:47.895,0 days 00:51:55.819000,0 days 00:00:48.126000,8058,113,3,0,True,1,car,3057.353611111112,0.5716231873972005,9613.747866672933,-2661.7061291148975,244.0507846914183,car,0 days 00:51:55.819000
2024-05-04 16:11:48.055,0 days 00:51:55.979000,0 days 00:00:48.286000,7779,107,3,0,True,1,car,3062.1091666666675,0.5725123177269837,9637.229127424163,-2620.769388002183,243.9992183056877,car,0 days 00:51:55.979000
2024-05-04 16:11:48.415,0 days 00:51:56.339000,0 days 00:00:48.646000,7444,100,3,0,True,1,car,3072.1091666666675,0.5743819843083036,9678.948595606309,-2490.150478660781,243.99914059471124,car,0 days 00:51:56.339000
2024-05-04 16:11:48.855,0 days 00:51:56.779000,0 days 00:00:49.086000,6791,94,3,0,True,1,car,3083.5980555555566,0.5765300234695089,9666.102656035198,-2416.085500790108,244.00579200725792,car,0 days 00:51:56.779000
2024-05-04 16:11:49.215,0 days 00:51:57.139000,0 days 00:00:49.446000,6696,90,3,0,False,1,car,3092.5980555555566,0.5782127233926968,9613.14377280085,-2328.480561759211,244.27214059077934,car,0 days 00:51:57.139000
2024-05-04 16:11:49.455,0 days 00:51:57.379000,0 days 00:00:49.686000,6668,88,3,14,False,1,car,3098.4647222222234,0.5793095944537378,9561.747320337203,-2270.477197558129,245.04131653464287,car,0 days 00:51:57.379000
2024-05-04 16:11:49.735,0 days 00:51:57.659000,0 days 00:00:49.966000,6942,89,3,29,False,1,car,3105.386944444446,0.5806038192094737,9529.038926295772,-2240.606178333727,244.991948253187,car,0 days 00:51:57.659000
2024-05-04 16:11:50.095,0 days 00:51:58.019000,0 days 00:00:50.326000,7163,93,3,39,False,1,car,3114.686944444446,0.5823426091301012,9457.52092256123,-2180.5283720360067,245.00031815867834,car,0 days 00:51:58.019000
2024-05-04 16:11:50.375,0 days 00:51:58.299000,0 days 00:00:50.606000,7589,99,3,47,False,1,car,3122.386944444446,0.5837822523977174,9405.087625204686,-2138.1684139094423,244.99995938627416,car,0 days 00:51:58.299000
2024-05-04 16:11:50.736,0 days 00:51:58.660000,0 days 00:00:50.967000,8191,109,3,53,False,1,car,3133.3172222222233,0.5858258499062827,9293.92778405859,-2041.2637931826332,245.00072214678,car,0 days 00:51:58.660000
2024-05-04 16:11:50.976,0 days 00:51:58.900000,0 days 00:00:51.207000,8466,115,3,53,False,1,car,3140.98388888889,0.5872592609519612,9263.931043151784,-2009.1326004368286,245.00061699714448,car,0 days 00:51:58.900000
2024-05-04 16:11:51.256,0 days 00:51:59.180000,0 days 00:00:51.487000,8737,119,3,3,False,1,car,3150.2394444444453,0.5889897412433384,9205.11225003345,-1937.2179337971934,245.0169298622787,car,0 days 00:51:59.180000
2024-05-04 16:11:51.416,0 days 00:51:59.340000,0 days 00:00:51.647000,8943,119,3,0,True,1,car,3155.528333333334,0.5899785871241253,9168.962744438926,-1875.3695310030223,245.10694196243358,car,0 days 00:51:59.340000
2024-05-04 16:11:51.696,0 days 00:51:59.620000,0 days 00:00:51.927000,8546,115,3,0,True,1,car,3164.4727777777784,0.5916509000107503,9130.91397593995,-1786.846618417136,244.43815117122674,car,0 days 00:51:59.620000
2024-05-04 16:11:51.896,0 days 00:51:59.820000,0 days 00:00:52.127000,8233,111,3,0,True,1,car,3170.6394444444454,0.5928038610692309,9122.321375330916,-1731.3384408395607,244.00413425248382,car,0 days 00:51:59.820000
2024-05-04 16:11:52.056,0 days 00:51:59.980000,0 days 00:00:52.287000,8062,109,3,0,True,1,car,3175.48388888889,0.5937096106575147,9121.717963041836,-1676.2808566979743,244.43316990997087,car,0 days 00:51:59.980000
2024-05-04 16:11:52.256,0 days 00:52:00.180000,0 days 00:00:52.487000,7925,107,3,1,False,1,car,3181.428333333334,0.5948210235697438,9125.705852152456,-1612.9246035799217,244.99922488547514,car,0 days 00:52:00.180000
2024-05-04 16:11:52.575,0 days 00:52:00.499000,0 days 00:00:52.806000,7678,105,3,9,False,1,car,3190.7325000000005,0.5965605925181133,9137.264658309017,-1558.3259162783754,244.09972738761348,car,0 days 00:52:00.499000
2024-05-04 16:11:52.935,0 days 00:52:00.859000,0 days 00:00:53.166000,7541,101,3,1,False,1,car,3200.8325000000004,0.5984489557652464,9174.76108195849,-1463.0882241161087,244.0167951646315,car,0 days 00:52:00.859000
2024-05-04 16:11:53.135,0 days 00:52:01.059000,0 days 00:00:53.366000,7353,100,3,6,False,1,car,3206.388055555556,0.5994876594215353,9204.77511898023,-1413.6683777088283,244.0010638087106,car,0 days 00:52:01.059000
2024-05-04 16:11:53.295,0 days 00:52:01.219000,0 days 00:00:53.526000,7018,99,3,0,False,1,car,3210.788055555556,0.6003103127173159,9230.998520863788,-1377.899099452225,244.00060042981397,car,0 days 00:52:01.219000
2024-05-04 16:11:53.575,0 days 00:52:01.499000,0 days 00:00:53.806000,7528,96,3,11,False,1,car,3218.254722222223,0.6017063304313681,9283.25621682739,-1323.3019331725761,243.98973129456343,car,0 days 00:52:01.499000
2024-05-04 16:11:53.775,0 days 00:52:01.699000,0 days 00:00:54.006000,7335,97,3,29,False,1,car,3223.643611111112,0.6027138729779683,9325.536029798746,-1290.3791951717963,244.0931933953404,car,0 days 00:52:01.699000
2024-05-04 16:11:54.135,0 days 00:52:02.059000,0 days 00:00:54.366000,7618,100,3,34,False,1,car,3233.643611111112,0.6045835395592881,9412.762699796413,-1244.993706816771,243.18183921097483,car,0 days 00:52:02.059000
2024-05-04 16:11:54.415,0 days 00:52:02.339000,0 days 00:00:54.646000,7789,102,3,40,False,1,car,3241.5769444444454,0.6060668083804686,9491.418530867975,-1221.3227886607265,243.0073899380014,car,0 days 00:52:02.339000
2024-05-04 16:11:54.775,0 days 00:52:02.699000,0 days 00:00:55.006000,8306,107,3,50,False,1,car,3252.2769444444452,0.6080673516224808,9637.867933874744,-1203.326432382041,243.1160576339695,car,0 days 00:52:02.699000
2024-05-04 16:11:55.135,0 days 00:52:03.059000,0 days 00:00:55.366000,8923,117,3,62,False,1,car,3263.976944444445,0.610254861522625,9720.865422968109,-1202.4719751896496,242.4808754979489,car,0 days 00:52:03.059000
2024-05-04 16:11:55.295,0 days 00:52:03.219000,0 days 00:00:55.526000,9436,123,3,64,False,1,car,3269.4436111111117,0.6112769459204132,9757.790753448107,-1201.967248224901,241.9641769404085,car,0 days 00:52:03.219000
2024-05-04 16:11:55.535,0 days 00:52:03.459000,0 days 00:00:55.766000,10066,133,3,77,False,1,car,3278.310277777778,0.61293471695585,9843.685092436986,-1201.9284653460873,241.94275616150767,car,0 days 00:52:03.459000
2024-05-04 16:11:55.735,0 days 00:52:03.659000,0 days 00:00:55.966000,9754,142,3,76,False,1,car,3286.199166666667,0.6144096761477802,9914.086280633108,-1199.8265136320965,241.0455756585067,car,0 days 00:52:03.659000
2024-05-04 16:11:55.975,0 days 00:52:03.899000,0 days 00:00:56.206000,9142,145,4,57,False,1,car,3295.865833333334,0.6162170205097227,10034.281162378595,-1180.6702687714264,241.74579968064697,car,0 days 00:52:03.899000
2024-05-04 16:11:56.215,0 days 00:52:04.139000,0 days 00:00:56.446000,9142,150,4,57,False,1,car,3305.865833333334,0.6180866870910426,10143.464030686799,-1145.326778792372,242.20675929906434,car,0 days 00:52:04.139000
2024-05-04 16:11:56.415,0 days 00:52:04.339000,0 days 00:00:56.646000,9666,153,4,61,False,1,car,3314.365833333334,0.6196759036851645,10211.406995310921,-1107.6483896781665,241.97682790055305,car,0 days 00:52:04.339000
2024-05-04 16:11:56.775,0 days 00:52:04.699000,0 days 00:00:57.006000,9606,157,4,16,False,1,car,3330.065833333334,0.6226112802178366,10318.084355131896,-1027.9274072471067,243.19231400209162,car,0 days 00:52:04.699000
2024-05-04 16:11:57.055,0 days 00:52:04.979000,0 days 00:00:57.286000,9049,147,4,0,True,1,car,3341.4991666666674,0.624748932342479,10389.398833937219,-948.5199762418171,245.56476720025594,car,0 days 00:52:04.979000
2024-05-04 16:11:57.256,0 days 00:52:05.180000,0 days 00:00:57.487000,8222,134,4,0,True,1,car,3348.980833333334,0.6261477545564031,10436.131053777848,-884.825692396582,248.3801055485126,car,0 days 00:52:05.180000
2024-05-04 16:11:57.496,0 days 00:52:05.420000,0 days 00:00:57.727000,8448,124,4,0,True,1,car,3357.2475000000004,0.6276933455969608,10485.301318429329,-804.6599720865977,252.94348437003015,car,0 days 00:52:05.420000
2024-05-04 16:11:57.656,0 days 00:52:05.580000,0 days 00:00:57.887000,8457,115,4,0,True,1,car,3362.3586111111117,0.6286489529607465,10509.00674043912,-756.1468192777512,256.19019655588926,car,0 days 00:52:05.580000
2024-05-04 16:11:58.056,0 days 00:52:05.980000,0 days 00:00:58.287000,7218,101,3,0,True,1,car,3373.580833333334,0.6307471343464499,10548.932043537861,-647.917231514318,263.53955270093695,car,0 days 00:52:05.980000
2024-05-04 16:11:58.216,0 days 00:52:06.140000,0 days 00:00:58.447000,6971,98,3,0,True,1,car,3377.9363888888897,0.6315614780129803,10557.821281419234,-602.9810068684053,265.8965913055703,car,0 days 00:52:06.140000
2024-05-04 16:11:58.496,0 days 00:52:06.420000,0 days 00:00:58.727000,6582,89,3,0,True,1,car,3384.8586111111117,0.6328557027687162,10565.078097269277,-502.9869522353748,268.625977008784,car,0 days 00:52:06.420000
2024-05-04 16:11:58.856,0 days 00:52:06.780000,0 days 00:00:59.087000,7077,82,3,0,True,1,car,3393.058611111112,0.6343888293653985,10533.724267741454,-444.5024035568834,271.5811779422719,car,0 days 00:52:06.780000
2024-05-04 16:11:59.055,0 days 00:52:06.979000,0 days 00:00:59.286000,6982,80,2,0,False,1,car,3397.480833333334,0.6352156374758043,10508.478260593238,-425.57101960180324,272.5691187191695,car,0 days 00:52:06.979000
2024-05-04 16:11:59.255,0 days 00:52:07.179000,0 days 00:00:59.486000,7142,77,2,14,False,1,car,3401.758611111112,0.6360154392911468,10475.604120726493,-408.3069650694872,273.00519689697256,car,0 days 00:52:07.179000
2024-05-04 16:11:59.455,0 days 00:52:07.379000,0 days 00:00:59.686000,7617,79,2,21,False,1,car,3406.147500000001,0.636836015179615,10433.295835205285,-386.22724745621593,272.9791399752088,car,0 days 00:52:07.379000
2024-05-04 16:11:59.775,0 days 00:52:07.699000,0 days 00:01:00.006000,7287,84,2,30,False,1,car,3413.6141666666676,0.6382320328936671,10387.753646270776,-337.3538830962276,273.16876386065513,car,0 days 00:52:07.699000
2024-05-04 16:12:00.095,0 days 00:52:08.019000,0 days 00:01:00.326000,7901,86,2,23,False,1,car,3421.2586111111123,0.6396612891247205,10379.745091604791,-264.22145451697827,270.95281979119864,car,0 days 00:52:08.019000
2024-05-04 16:12:00.455,0 days 00:52:08.379000,0 days 00:01:00.686000,7947,86,2,22,False,1,car,3429.858611111112,0.6412692023846556,10396.204674098004,-175.5685005457874,266.1867790728719,car,0 days 00:52:08.379000
2024-05-04 16:12:00.655,0 days 00:52:08.579000,0 days 00:01:00.886000,8087,88,2,36,False,1,car,3434.7475000000013,0.6421832616021897,10411.446236132295,-113.16831925366226,263.23383524896775,car,0 days 00:52:08.579000
2024-05-04 16:12:00.935,0 days 00:52:08.859000,0 days 00:01:01.166000,8754,94,2,46,False,1,car,3442.0586111111124,0.6435501956138658,10429.545752648477,-43.299001335693305,261.2816915220817,car,0 days 00:52:08.859000
2024-05-04 16:12:01.095,0 days 00:52:09.019000,0 days 00:01:01.326000,8865,96,2,53,False,1,car,3446.3252777777793,0.6443479200218957,10437.098610445373,-15.4965107790435,261.30083996499656,car,0 days 00:52:09.019000
2024-05-04 16:12:01.255,0 days 00:52:09.179000,0 days 00:01:01.486000,9301,103,2,56,False,1,car,3450.903055555557,0.6452038118346777,10448.00702895843,21.971715976633835,260.62219958781037,car,0 days 00:52:09.179000
2024-05-04 16:12:01.575,0 days 00:52:09.499000,0 days 00:01:01.806000,9351,111,2,0,True,1,car,3460.7697222222237,0.6470485495282465,10486.356880770534,143.24601341181332,260.0403428360387,car,0 days 00:52:09.499000
2024-05-04 16:12:02.055,0 days 00:52:09.979000,0 days 00:01:02.286000,8395,97,2,0,True,1,car,3473.703055555557,0.6494666516400869,10536.591704853949,278.13375616366153,258.8223835133185,car,0 days 00:52:09.979000
2024-05-04 16:12:02.295,0 days 00:52:10.219000,0 days 00:01:02.526000,7893,92,2,0,True,1,car,3479.8363888888903,0.6506133804766298,10555.456589887357,345.9398471064171,259.02022911698475,car,0 days 00:52:10.219000
2024-05-04 16:12:02.655,0 days 00:52:10.579000,0 days 00:01:02.886000,7613,82,2,0,True,1,car,3488.03638888889,0.652146507073312,10559.417333366291,412.4330940462859,258.98148997630494,car,0 days 00:52:10.579000
2024-05-04 16:12:03.095,0 days 00:52:11.019000,0 days 00:01:03.326000,6571,76,2,0,True,1,car,3497.325277777779,0.6538832195866269,10501.303363954245,517.2418583713236,258.84779943691154,car,0 days 00:52:11.019000
2024-05-04 16:12:03.415,0 days 00:52:11.339000,0 days 00:01:03.646000,6414,73,2,0,False,1,car,3503.814166666668,0.6550964254571722,10438.132366774104,560.0459618226566,256.4244443777848,car,0 days 00:52:11.339000
2024-05-04 16:12:03.696,0 days 00:52:11.620000,0 days 00:01:03.927000,6556,72,2,14,False,1,car,3509.434166666668,0.656147178075874,10413.183619018258,575.4847197189301,255.96254541503808,car,0 days 00:52:11.620000
2024-05-04 16:12:03.856,0 days 00:52:11.780000,0 days 00:01:04.087000,6790,74,2,22,False,1,car,3512.7230555555566,0.6567620906403969,10390.686347288613,585.5988866154572,255.36215980635168,car,0 days 00:52:11.780000
2024-05-04 16:12:04.136,0 days 00:52:12.060000,0 days 00:01:04.367000,6937,78,2,35,False,1,car,3518.789722222223,0.6578963550330642,10297.353970497184,620.408512852137,251.36732520389026,car,0 days 00:52:12.060000
2024-05-04 16:12:04.296,0 days 00:52:12.220000,0 days 00:01:04.527000,7392,79,2,38,False,1,car,3522.300833333334,0.6585528157438387,10280.088408169697,626.1438337902661,251.40529134383118,car,0 days 00:52:12.220000
2024-05-04 16:12:04.536,0 days 00:52:12.460000,0 days 00:01:04.767000,7816,86,2,48,False,1,car,3528.0341666666673,0.6596247579171287,10246.341688973567,633.6394597115166,250.08240014165196,car,0 days 00:52:12.460000
2024-05-04 16:12:04.896,0 days 00:52:12.820000,0 days 00:01:05.127000,8739,95,2,57,False,1,car,3537.5341666666673,0.6614009411693826,10158.456020584166,650.344599439195,246.916724884404,car,0 days 00:52:12.820000
2024-05-04 16:12:05.216,0 days 00:52:13.140000,0 days 00:01:05.447000,8334,107,2,70,False,1,car,3547.0452777777787,0.6631792018289491,10046.365679917702,661.6946413089781,242.7061507611551,car,0 days 00:52:13.140000
2024-05-04 16:12:05.456,0 days 00:52:13.380000,0 days 00:01:05.687000,9322,112,3,82,False,1,car,3554.5119444444454,0.6645752195430012,10001.488377180092,665.1941939303534,241.12464325160363,car,0 days 00:52:13.380000
2024-05-04 16:12:05.735,0 days 00:52:13.659000,0 days 00:01:05.966000,10618,139,3,100,False,1,car,3565.2844444444454,0.666589317867728,9852.216372690074,669.5487091242518,238.26170405585148,car,0 days 00:52:13.659000
2024-05-04 16:12:05.895,0 days 00:52:13.819000,0 days 00:01:06.126000,11178,145,3,100,False,1,car,3571.72888888889,0.6677942141090232,9799.643800740196,670.9847148516722,237.77135899798606,car,0 days 00:52:13.819000
2024-05-04 16:12:06.175,0 days 00:52:14.099000,0 days 00:01:06.406000,10396,162,3,100,False,1,car,3584.32888888889,0.6701499940014861,9701.506891325338,674.0828989661859,237.49705132165502,car,0 days 00:52:14.099000
2024-05-04 16:12:06.415,0 days 00:52:14.339000,0 days 00:01:06.646000,10930,171,4,100,False,1,car,3595.7288888888897,0.6722814139041907,9558.046400352256,678.2280798401607,237.31662692354394,car,0 days 00:52:14.339000
2024-05-04 16:12:06.655,0 days 00:52:14.579000,0 days 00:01:06.886000,11667,185,4,100,False,1,car,3608.0622222222228,0.6745873360211517,9444.654551741192,681.9347773418955,237.9757533875197,car,0 days 00:52:14.579000
2024-05-04 16:12:06.815,0 days 00:52:14.739000,0 days 00:01:07.046000,10967,190,4,100,False,1,car,3616.5066666666676,0.6761661655787108,9350.669417779221,685.2815298965236,238.41672932540303,car,0 days 00:52:14.739000
2024-05-04 16:12:07.255,0 days 00:52:15.179000,0 days 00:01:07.486000,11100,204,5,100,False,1,car,3641.440000000001,0.680827867588135,9036.31701103115,694.4880493175781,241.14390339480212,car,0 days 00:52:15.179000
2024-05-04 16:12:07.495,0 days 00:52:15.419000,0 days 00:01:07.726000,11447,212,5,100,False,1,car,3655.573333333334,0.6834703296897336,8907.63028663539,698.0807714311345,242.02643080013064,car,0 days 00:52:15.419000
2024-05-04 16:12:07.695,0 days 00:52:15.619000,0 days 00:01:07.926000,11747,221,5,100,False,1,car,3667.851111111112,0.6857658647701319,8860.739875228888,700.1186556358856,242.7957806273813,car,0 days 00:52:15.619000
2024-05-04 16:12:08.095,0 days 00:52:16.019000,0 days 00:01:08.326000,10657,232,6,100,False,1,car,3693.6288888888894,0.6905854497353119,8543.905194327828,710.0961759921181,244.07439476462432,car,0 days 00:52:16.019000
2024-05-04 16:12:08.335,0 days 00:52:16.259000,0 days 00:01:08.566000,11041,240,6,100,False,1,car,3709.62888888889,0.6935769162654237,8376.98622554627,714.1683996154632,244.05907526996168,car,0 days 00:52:16.259000
2024-05-04 16:12:08.575,0 days 00:52:16.499000,0 days 00:01:08.806000,11211,246,6,100,False,1,car,3726.0288888888895,0.6966431694587882,8254.376033388351,717.4211514009546,243.9845548860661,car,0 days 00:52:16.499000
2024-05-04 16:12:08.815,0 days 00:52:16.739000,0 days 00:01:09.046000,11405,251,6,100,False,1,car,3742.7622222222235,0.6997717448715303,8136.050015466375,720.2870976976596,244.00073327864146,car,0 days 00:52:16.739000
2024-05-04 16:12:09.135,0 days 00:52:17.059000,0 days 00:01:09.366000,11565,257,6,100,False,1,car,3765.6066666666675,0.7040428943061897,7907.516816277157,725.0766634584343,244.00041805148913,car,0 days 00:52:17.059000
2024-05-04 16:12:09.415,0 days 00:52:17.339000,0 days 00:01:09.646000,10816,262,6,100,False,1,car,3785.984444444445,0.7078528593174571,7706.813718176431,729.1209397943162,244.00044835230426,car,0 days 00:52:17.339000
2024-05-04 16:12:09.695,0 days 00:52:17.619000,0 days 00:01:09.926000,10706,267,7,100,False,1,car,3806.751111111112,0.7117355335846647,7427.905106497495,735.4376854115591,243.9858686218625,car,0 days 00:52:17.619000
2024-05-04 16:12:09.935,0 days 00:52:17.859000,0 days 00:01:10.166000,10965,272,7,100,False,1,car,3824.884444444445,0.7151258623187912,7316.852760114746,737.5609689889855,243.91998178135293,car,0 days 00:52:17.859000
2024-05-04 16:12:10.135,0 days 00:52:18.059000,0 days 00:01:10.366000,11090,278,7,100,False,1,car,3840.3288888888897,0.7180134584832741,7171.2390153813185,741.2880875949252,244.80547580691209,car,0 days 00:52:18.059000
2024-05-04 16:12:10.296,0 days 00:52:18.220000,0 days 00:01:10.527000,11134,279,7,100,False,1,car,3852.8063888888896,0.720346334960116,7051.944914514389,743.9221459698024,244.85896236549019,car,0 days 00:52:18.220000
2024-05-04 16:12:10.576,0 days 00:52:18.500000,0 days 00:01:10.807000,11331,283,7,100,False,1,car,3874.817500000001,0.7244616788463323,6786.779895441421,749.2283881164697,244.21847596490966,car,0 days 00:52:18.500000
2024-05-04 16:12:10.736,0 days 00:52:18.660000,0 days 00:01:10.967000,11427,286,7,100,False,1,car,3887.528611111112,0.7268382328119211,6564.085105325277,754.7416122339421,245.11237061331866,car,0 days 00:52:18.660000
2024-05-04 16:12:11.176,0 days 00:52:19.100000,0 days 00:01:11.407000,11625,291,7,100,False,1,car,3923.0952777777784,0.7334880136194819,6350.211804988261,759.0486406572593,244.3689187483767,car,0 days 00:52:19.100000
2024-05-04 16:12:11.336,0 days 00:52:19.260000,0 days 00:01:11.567000,11494,291,7,100,False,1,car,3936.0286111111113,0.7359061157313221,6198.67480900862,762.2579001820104,244.01975879382445,car,0 days 00:52:19.260000
2024-05-04 16:12:11.576,0 days 00:52:19.500000,0 days 00:01:11.807000,10635,295,7,100,False,1,car,3955.6952777777788,0.7395831266745847,5885.077905875931,770.7923636268245,245.21701599124566,car,0 days 00:52:19.500000
2024-05-04 16:12:11.976,0 days 00:52:19.900000,0 days 00:01:12.207000,10603,297,8,100,False,1,car,3988.695277777778,0.74575302639294,5697.477637941927,776.8796855976329,244.95177671595206,car,0 days 00:52:19.900000
2024-05-04 16:12:12.136,0 days 00:52:20.060000,0 days 00:01:12.367000,10623,299,8,100,False,1,car,4001.9841666666675,0.748237605538783,5550.371726209143,781.7722089130435,244.99025963786664,car,0 days 00:52:20.060000
2024-05-04 16:12:12.416,0 days 00:52:20.340000,0 days 00:01:12.647000,10750,302,8,100,False,1,car,4025.4730555555566,0.7526292445975721,5313.811718103186,790.609908372897,244.99973815293396,car,0 days 00:52:20.340000
2024-05-04 16:12:12.855,0 days 00:52:20.779000,0 days 00:01:13.086000,10892,306,8,100,False,1,car,4062.788055555556,0.759605905445767,4942.973910674177,803.0329278711401,244.99999683398613,car,0 days 00:52:20.779000
2024-05-04 16:12:13.015,0 days 00:52:20.939000,0 days 00:01:13.246000,10892,306,8,100,False,1,car,4076.388055555556,0.7621486519963621,4806.61985075583,807.9810027226422,245.00000209947035,car,0 days 00:52:20.939000
2024-05-04 16:12:13.375,0 days 00:52:21.299000,0 days 00:01:13.606000,11022,310,8,100,False,1,car,4107.388055555556,0.7679446183984535,4498.605187185824,819.4588045565224,244.99999986247727,car,0 days 00:52:21.299000
2024-05-04 16:12:13.615,0 days 00:52:21.539000,0 days 00:01:13.846000,11079,312,8,100,False,1,car,4128.188055555557,0.771833524887599,4290.892537071186,826.2086911300827,245.00000000738515,car,0 days 00:52:21.539000
2024-05-04 16:12:13.855,0 days 00:52:21.779000,0 days 00:01:14.086000,11151,314,8,100,False,1,car,4149.12138888889,0.7757473602644951,4085.6679189364736,833.5183701021078,244.9999989196561,car,0 days 00:52:21.779000
2024-05-04 16:12:14.255,0 days 00:52:22.179000,0 days 00:01:14.486000,11221,315,8,100,False,1,car,4184.121388888891,0.7822911932991147,3691.601960464073,847.0009726527028,245.0000099638853,car,0 days 00:52:22.179000
2024-05-04 16:12:14.495,0 days 00:52:22.419000,0 days 00:01:14.726000,11272,316,8,100,False,1,car,4205.188055555557,0.7862299575637619,3485.514240109209,854.2038370505168,244.99987162592615,car,0 days 00:52:22.419000
2024-05-04 16:12:14.935,0 days 00:52:22.859000,0 days 00:01:15.166000,11357,321,8,100,False,1,car,4244.421388888891,0.7935652827844735,3133.6583932554468,867.2132609130044,244.99991319413894,car,0 days 00:52:22.859000
2024-05-04 16:12:15.255,0 days 00:52:23.179000,0 days 00:01:15.486000,11441,322,8,100,False,1,car,4273.043611111114,0.7989166840216736,2855.5715380429538,876.2885720181504,245.0122797226893,car,0 days 00:52:23.179000
2024-05-04 16:12:15.495,0 days 00:52:23.419000,0 days 00:01:15.726000,11450,322,8,100,False,1,car,4294.51027777778,0.8029302349495734,2642.6904700487607,884.5762719095361,244.97442459787808,car,0 days 00:52:23.419000
2024-05-04 16:12:15.655,0 days 00:52:23.579000,0 days 00:01:15.886000,11488,324,8,100,False,1,car,4308.91027777778,0.8056225548266739,2499.568444904481,889.2459151731125,245.62917364847561,car,0 days 00:52:23.579000
2024-05-04 16:12:15.895,0 days 00:52:23.819000,0 days 00:01:16.126000,11523,325,8,100,False,1,car,4330.576944444448,0.8096734990862005,2282.935166525699,896.966410598367,246.101663740777,car,0 days 00:52:23.819000
2024-05-04 16:12:16.095,0 days 00:52:24.019000,0 days 00:01:16.326000,11551,326,8,100,False,1,car,4348.688055555558,0.8130596730057018,2105.1287623935086,902.6063827345886,245.02800552641907,car,0 days 00:52:24.019000
2024-05-04 16:12:16.295,0 days 00:52:24.219000,0 days 00:01:16.526000,11595,326,8,100,False,1,car,4366.799166666669,0.8164458469252034,1843.8983045624364,909.4701807668225,245.7528558795118,car,0 days 00:52:24.219000
2024-05-04 16:12:16.535,0 days 00:52:24.459000,0 days 00:01:16.766000,11614,328,8,100,False,1,car,4388.665833333337,0.8205341845163563,1649.0695589090915,914.1531975278052,246.26365993286163,car,0 days 00:52:24.459000
2024-05-04 16:12:16.896,0 days 00:52:24.820000,0 days 00:01:17.127000,11710,329,8,100,False,1,car,4421.657222222225,0.8267024742440443,1317.7920614758539,920.1782717243435,245.99069089869454,car,0 days 00:52:24.820000
2024-05-04 16:12:17.176,0 days 00:52:25.100000,0 days 00:01:17.407000,11747,331,8,100,False,1,car,4447.401666666669,0.8315158269872867,981.0127735561645,926.1280790189996,246.0078504849055,car,0 days 00:52:25.100000
2024-05-04 16:12:17.536,0 days 00:52:25.460000,0 days 00:01:17.767000,11824,333,8,100,False,1,car,4480.70166666667,0.8377418167030818,662.7813277726893,931.727300503246,245.9989390237412,car,0 days 00:52:25.460000
2024-05-04 16:12:17.736,0 days 00:52:25.660000,0 days 00:01:17.967000,11828,334,8,100,False,1,car,4499.257222222225,0.8412110869150864,495.5640638872459,934.9365310511178,245.99974677554343,car,0 days 00:52:25.660000
2024-05-04 16:12:18.056,0 days 00:52:25.980000,0 days 00:01:18.287000,11878,335,8,100,False,1,car,4529.0350000000035,0.8467785385127945,283.09361738398104,939.2968386989755,246.00007203969852,car,0 days 00:52:25.980000
2024-05-04 16:12:18.216,0 days 00:52:26.140000,0 days 00:01:18.447000,11874,335,8,100,False,1,car,4543.923888888892,0.8495622643116485,161.06319802884482,941.8185466895332,245.999985268323,car,0 days 00:52:26.140000
2024-05-04 16:12:18.376,0 days 00:52:26.300000,0 days 00:01:18.607000,11906,335,8,100,False,1,car,4558.812777777781,0.8523459901105025,10.684554898785137,944.807333209367,245.9999941751376,car,0 days 00:52:26.300000
2024-05-04 16:12:18.616,0 days 00:52:26.540000,0 days 00:01:18.847000,11937,337,8,100,False,1,car,4581.279444444447,0.8565465076965343,-215.11941311836364,948.429185180092,245.99999996034734,car,0 days 00:52:26.540000
2024-05-04 16:12:18.896,0 days 00:52:26.820000,0 days 00:01:19.127000,11883,334,8,100,True,1,car,4607.257222222225,0.8614034859933408,-475.94523503294135,953.558804901202,245.99999835767113,car,0 days 00:52:26.820000
2024-05-04 16:12:19.255,0 days 00:52:27.179000,0 days 00:01:19.486000,11054,310,8,0,True,1,car,4638.171111111114,0.8671833524887599,-805.854243966175,963.8926426756225,246.0000798110191,car,0 days 00:52:27.179000
2024-05-04 16:12:19.575,0 days 00:52:27.499000,0 days 00:01:19.806000,10488,299,8,0,True,1,car,4664.748888888892,0.8721525107804455,-1057.4519890113888,980.8585629112465,245.999589822051,car,0 days 00:52:27.499000
2024-05-04 16:12:19.775,0 days 00:52:27.699000,0 days 00:01:20.006000,9981,282,8,0,True,1,car,4680.415555555559,0.87508165509118,-1249.6416906551424,999.3192382012683,246.00269405124553,car,0 days 00:52:27.699000
2024-05-04 16:12:20.095,0 days 00:52:28.019000,0 days 00:01:20.326000,9227,258,8,0,True,1,car,4703.348888888891,0.87936942378434,-1545.8571485836815,1029.2056674588825,245.97755733459326,car,0 days 00:52:28.019000
2024-05-04 16:12:20.575,0 days 00:52:28.499000,0 days 00:01:20.806000,9285,216,7,0,True,1,car,4732.148888888892,0.8847540635385412,-1786.3124516904224,1053.3664899426178,246.14314816947532,car,0 days 00:52:28.499000
2024-05-04 16:12:20.895,0 days 00:52:28.819000,0 days 00:01:21.126000,9178,183,7,0,True,1,car,4748.415555555559,0.887795387844155,-1945.323332788956,1067.6734592990965,245.124396013417,car,0 days 00:52:28.819000
2024-05-04 16:12:21.055,0 days 00:52:28.979000,0 days 00:01:21.286000,9321,167,6,0,True,1,car,4755.837777777781,0.8891830959289568,-2024.9455020755238,1074.1813071607307,244.9540896646601,car,0 days 00:52:28.979000
2024-05-04 16:12:21.375,0 days 00:52:29.299000,0 days 00:01:21.606000,8800,142,5,0,True,1,car,4768.460000000004,0.891543030636045,-2161.8625900599177,1079.9728474701114,245.00066920844418,car,0 days 00:52:29.299000
2024-05-04 16:12:21.535,0 days 00:52:29.459000,0 days 00:01:21.766000,8399,130,4,0,True,1,car,4774.237777777782,0.8926232824385855,-2222.9836992662613,1079.350214991001,244.9997027864864,car,0 days 00:52:29.459000
2024-05-04 16:12:21.895,0 days 00:52:29.819000,0 days 00:01:22.126000,7856,113,3,0,True,1,car,4785.537777777782,0.894736005675477,-2343.8546254102384,1069.2398147568201,244.9999837642275,car,0 days 00:52:29.819000
2024-05-04 16:12:22.135,0 days 00:52:30.059000,0 days 00:01:22.366000,7793,99,3,0,True,1,car,4792.137777777782,0.895969985619148,-2413.922895711961,1058.6116832679422,244.99999952543575,car,0 days 00:52:30.059000
2024-05-04 16:12:22.335,0 days 00:52:30.259000,0 days 00:01:22.566000,8087,94,2,0,True,1,car,4797.360000000004,0.8969463670560595,-2465.6212651330407,1045.0108013697957,245.00000611643685,car,0 days 00:52:30.259000
2024-05-04 16:12:22.495,0 days 00:52:30.419000,0 days 00:01:22.726000,7708,92,2,0,True,1,car,4801.448888888893,0.897710852947088,-2502.7200270105204,1032.153478261414,245.00003058016057,car,0 days 00:52:30.419000
2024-05-04 16:12:22.855,0 days 00:52:30.779000,0 days 00:01:23.086000,6838,80,2,0,True,1,car,4809.448888888893,0.8992065862121439,-2573.6555874935602,987.8287657881399,245.001146476511,car,0 days 00:52:30.779000
2024-05-04 16:12:23.015,0 days 00:52:30.939000,0 days 00:01:23.246000,6437,78,2,0,True,1,car,4812.915555555559,0.899854737293668,-2597.0045094562556,963.8939633852518,244.9947616966626,car,0 days 00:52:30.939000
2024-05-04 16:12:23.175,0 days 00:52:31.099000,0 days 00:01:23.406000,6190,73,2,0,True,1,car,4816.1600000000035,0.9004613402289406,-2615.635338642931,931.6075146802966,245.03087635746377,car,0 days 00:52:31.099000
2024-05-04 16:12:23.375,0 days 00:52:31.299000,0 days 00:01:23.606000,6120,68,2,0,True,1,car,4819.937777777781,0.901167658715217,-2632.387192736372,878.793735091779,245.07417414101997,car,0 days 00:52:31.299000
2024-05-04 16:12:23.576,0 days 00:52:31.500000,0 days 00:01:23.807000,5620,64,2,0,True,1,car,4823.511111111115,0.9018357529069421,-2637.971144024733,847.4378228975897,244.56461773823628,car,0 days 00:52:31.500000
2024-05-04 16:12:23.896,0 days 00:52:31.820000,0 days 00:01:24.127000,5482,62,2,5,False,1,car,4829.0222222222255,0.9028661469339805,-2632.1752662161875,802.0499272837176,243.82183331072423,car,0 days 00:52:31.820000
2024-05-04 16:12:24.056,0 days 00:52:31.980000,0 days 00:01:24.287000,5578,63,2,14,False,1,car,4831.822222222226,0.90338965357675,-2625.69362798169,768.9273558598295,243.91819201003926,car,0 days 00:52:31.980000
2024-05-04 16:12:24.456,0 days 00:52:32.380000,0 days 00:01:24.687000,6332,66,2,29,False,1,car,4839.155555555559,0.9047607424030513,-2598.113168965861,703.2129014437141,244.9361850667463,car,0 days 00:52:32.380000
2024-05-04 16:12:24.936,0 days 00:52:32.860000,0 days 00:01:25.167000,7278,79,2,45,False,1,car,4849.6888888888925,0.9067301245353749,-2548.4681624199384,634.0682957540914,245.8234139446587,car,0 days 00:52:32.860000
2024-05-04 16:12:25.336,0 days 00:52:33.260000,0 days 00:01:25.567000,8290,90,2,60,False,1,car,4859.6888888888925,0.9085997911166948,-2482.094252951896,571.6024269895164,247.53265562676592,car,0 days 00:52:33.260000
2024-05-04 16:12:25.496,0 days 00:52:33.420000,0 days 00:01:25.727000,7870,94,2,61,False,1,car,4863.86666666667,0.909380896266224,-2449.9176029053006,545.3198839866892,248.3086260713975,car,0 days 00:52:33.420000
2024-05-04 16:12:25.656,0 days 00:52:33.580000,0 days 00:01:25.887000,7933,102,2,70,False,1,car,4868.400000000003,0.9102284784497555,-2411.0705847075014,514.1071617923881,248.8772955058219,car,0 days 00:52:33.580000
2024-05-04 16:12:25.975,0 days 00:52:33.899000,0 days 00:01:26.206000,9050,114,3,79,False,1,car,4878.50166666667,0.9121171533079854,-2280.8167132443027,438.02411938420835,248.97852044060255,car,0 days 00:52:33.899000
2024-05-04 16:12:26.175,0 days 00:52:34.099000,0 days 00:01:26.406000,9996,124,3,82,False,1,car,4885.390555555558,0.9134051458417835,-2241.816621325732,419.1131673999703,248.96063288511232,car,0 days 00:52:34.099000
2024-05-04 16:12:26.535,0 days 00:52:34.459000,0 days 00:01:26.766000,10915,140,3,100,False,1,car,4899.390555555558,0.9160226790556313,-2151.887112117881,363.9254796677162,249.043996400812,car,0 days 00:52:34.459000
2024-05-04 16:12:26.735,0 days 00:52:34.659000,0 days 00:01:26.966000,11131,155,3,100,False,1,car,4908.001666666669,0.9176326697228788,-2089.086946957482,324.28011639952683,248.75192959390736,car,0 days 00:52:34.659000
2024-05-04 16:12:26.975,0 days 00:52:34.899000,0 days 00:01:27.206000,10665,165,4,100,False,1,car,4919.001666666669,0.9196893029623306,-1953.1585324349833,237.23196753650728,251.26314211485996,car,0 days 00:52:34.899000
2024-05-04 16:12:27.135,0 days 00:52:35.059000,0 days 00:01:27.366000,11012,174,4,100,False,1,car,4926.735000000002,0.9211351784518846,-1900.7600940189875,205.5577986090251,251.83162477637592,car,0 days 00:52:35.059000
2024-05-04 16:12:27.535,0 days 00:52:35.459000,0 days 00:01:27.766000,11638,189,4,100,False,1,car,4947.735000000002,0.9250614782726564,-1752.9917383884688,136.34799721416957,253.14384287995222,car,0 days 00:52:35.459000
2024-05-04 16:12:27.695,0 days 00:52:35.619000,0 days 00:01:27.926000,10518,189,4,100,False,1,car,4956.135000000002,0.926631998200965,-1641.7736323933023,105.94991693577722,253.82007305798703,car,0 days 00:52:35.619000
2024-05-04 16:12:27.975,0 days 00:52:35.899000,0 days 00:01:28.206000,10839,202,5,100,False,1,car,4971.846111111113,0.9295694521409497,-1512.889725206212,84.47956099126354,254.04232128465617,car,0 days 00:52:35.899000
2024-05-04 16:12:28.375,0 days 00:52:36.299000,0 days 00:01:28.606000,11562,209,5,100,False,1,car,4995.0683333333345,0.9339112334242368,-1299.512509206208,115.30246675328746,253.8928462451911,car,0 days 00:52:36.299000
2024-05-04 16:12:28.615,0 days 00:52:36.539000,0 days 00:01:28.846000,11560,209,5,100,False,1,car,5009.001666666669,0.9365163021942092,-1161.3978478462998,159.28281715243645,252.88950640137173,car,0 days 00:52:36.539000
2024-05-04 16:12:28.815,0 days 00:52:36.739000,0 days 00:01:29.046000,10300,221,5,100,False,1,car,5021.279444444447,0.9388118372746076,-1030.3216014883933,215.1309189445468,251.95224387159516,car,0 days 00:52:36.739000
2024-05-04 16:12:28.975,0 days 00:52:36.899000,0 days 00:01:29.206000,10529,228,6,100,False,1,car,5031.41277777778,0.9407064327436784,-923.524654073848,265.86398188908595,250.52920675968375,car,0 days 00:52:36.899000
2024-05-04 16:12:29.135,0 days 00:52:37.059000,0 days 00:01:29.366000,10716,232,6,100,False,1,car,5041.723888888891,0.9426342667297504,-826.6137853229654,312.2958048162148,248.9126133309648,car,0 days 00:52:37.059000
2024-05-04 16:12:29.335,0 days 00:52:37.259000,0 days 00:01:29.566000,10883,236,6,100,False,1,car,5054.835000000003,0.945085607358592,-718.3412767670396,364.4457718483159,247.03988921730524,car,0 days 00:52:37.259000
2024-05-04 16:12:29.535,0 days 00:52:37.459000,0 days 00:01:29.766000,11077,243,6,100,False,1,car,5068.335000000003,0.9476096572433738,-557.9846462603715,441.1318126123021,244.28314615560362,car,0 days 00:52:37.459000
2024-05-04 16:12:29.815,0 days 00:52:37.739000,0 days 00:01:30.046000,11289,246,6,100,False,1,car,5087.468333333336,0.9511869526356325,-385.05705156554404,519.0298722582968,242.63296822367602,car,0 days 00:52:37.739000
2024-05-04 16:12:30.016,0 days 00:52:37.940000,0 days 00:01:30.247000,11470,250,6,100,False,1,car,5101.426666666669,0.953796695572058,-295.5388604281726,547.2474929194133,242.99981465862268,car,0 days 00:52:37.940000
2024-05-04 16:12:30.376,0 days 00:52:38.300000,0 days 00:01:30.607000,11804,256,6,100,False,1,car,5127.026666666669,0.9585830420202369,-27.899659600445087,605.1911388506754,244.10333192257934,car,0 days 00:52:38.300000
2024-05-04 16:12:30.576,0 days 00:52:38.500000,0 days 00:01:30.807000,10953,258,6,100,False,1,car,5141.360000000003,0.961262897453462,113.88296174330553,621.5960560146763,244.09030013407568,car,0 days 00:52:38.500000
2024-05-04 16:12:30.856,0 days 00:52:38.780000,0 days 00:01:31.087000,10645,265,7,100,False,1,car,5161.971111111115,0.9651164880182936,313.6331974813073,631.7912512009906,244.00104259944055,car,0 days 00:52:38.780000
2024-05-04 16:12:31.016,0 days 00:52:38.940000,0 days 00:01:31.247000,10726,264,7,100,False,1,car,5173.704444444447,0.9673102301403754,421.49144830093735,632.6953634208548,243.9975789155424,car,0 days 00:52:38.940000
2024-05-04 16:12:31.376,0 days 00:52:39.300000,0 days 00:01:31.607000,10893,272,7,100,False,1,car,5200.904444444447,0.9723957232415654,686.0883148078622,607.540862213898,243.96915109471323,car,0 days 00:52:39.300000
2024-05-04 16:12:31.536,0 days 00:52:39.460000,0 days 00:01:31.767000,10977,274,7,100,False,1,car,5213.082222222225,0.9746725616561505,804.3959127371039,582.8785712443158,244.81231458546637,car,0 days 00:52:39.460000
2024-05-04 16:12:31.856,0 days 00:52:39.780000,0 days 00:01:32.087000,11183,277,7,100,False,1,car,5237.704444444448,0.9792760962608227,1040.1828242912138,512.9223265142011,245.99307745746881,car,0 days 00:52:39.780000
2024-05-04 16:12:32.016,0 days 00:52:39.940000,0 days 00:01:32.247000,11166,279,7,100,False,1,car,5250.104444444448,0.9815944828216592,1157.4638864181552,472.7564302295323,246.04619245411024,car,0 days 00:52:39.940000
2024-05-04 16:12:32.216,0 days 00:52:40.140000,0 days 00:01:32.447000,11254,281,7,100,False,1,car,5265.715555555559,0.9845132400958307,1302.4139128526479,417.57465634717926,246.9385426195465,car,0 days 00:52:40.140000
2024-05-04 16:12:32.456,0 days 00:52:40.380000,0 days 00:01:32.687000,11359,284,7,100,False,1,car,5284.648888888892,0.9880531421564629,1468.1498225926457,342.15571124171674,248.1318535944825,car,0 days 00:52:40.380000
2024-05-04 16:12:32.695,0 days 00:52:40.619000,0 days 00:01:32.926000,11427,286,7,100,False,1,car,5303.636111111115,0.9916031196425612,1649.7798451849403,242.61426673892387,249.21866341177437,car,0 days 00:52:40.619000
2024-05-04 16:12:32.935,0 days 00:52:40.859000,0 days 00:01:33.166000,11546,287,7,100,False,1,car,5322.769444444448,0.9951804150348198,1914.7696279497518,81.69832112355994,250.2473552459449,car,0 days 00:52:40.859000
