Date_x,SessionTime_x,Time,RPM_x,Speed_x,nGear_x,Throttle_x,Brake_x,DRS_x,Source_x,Distance,RelativeDistance,X,Y,Z,Source_y,SessionTime_y
2024-04-21 07:24:25.402,0 days 01:16:06.729000,0 days 00:00:00.247000,11713,261,6,100,False,0,pos,18.119999999999997,0.0033640050224916806,33.0,-1501.0,140.0,car,0 days 01:16:06.729000
2024-04-21 07:24:25.802,0 days 01:16:07.129000,0 days 00:00:00.647000,10642,263,7,100,False,0,car,47.34222222222222,0.00878915415736605,-290.4839408467807,-1582.940176919904,139.03533765816573,car,0 days 01:16:07.129000
2024-04-21 07:24:26.002,0 days 01:16:07.329000,0 days 00:00:00.847000,10747,268,7,100,False,0,car,62.231111111111105,0.011553298583499759,-399.76235378973513,-1609.8075523385767,139.60399537020493,car,0 days 01:16:07.329000
2024-04-21 07:24:26.402,0 days 01:16:07.729000,0 days 00:00:01.247000,10896,272,7,100,False,0,car,92.45333333333333,0.017164099209681618,-670.7875402308197,-1674.8344074182746,140.00195003817356,car,0 days 01:16:07.729000
2024-04-21 07:24:26.562,0 days 01:16:07.889000,0 days 00:00:01.407000,10952,276,7,100,False,0,car,104.72,0.019441424169720136,-861.9866409820286,-1721.1433728227632,140.07118436920652,car,0 days 01:16:07.889000
2024-04-21 07:24:26.762,0 days 01:16:08.089000,0 days 00:00:01.607000,11026,277,7,100,False,0,car,120.10888888888888,0.02229839434150759,-971.3035979140773,-1747.6616610431201,139.539784504809,car,0 days 01:16:08.089000
2024-04-21 07:24:27.082,0 days 01:16:08.409000,0 days 00:00:01.927000,11136,279,7,100,False,0,car,144.9088888888889,0.02690255132593329,-1176.429527714904,-1798.7024106113317,138.72434145800852,car,0 days 01:16:08.409000
2024-04-21 07:24:27.402,0 days 01:16:08.729000,0 days 00:00:02.247000,11255,281,7,100,False,0,car,169.88666666666666,0.03153971301992476,-1462.0173272459474,-1869.3980708961649,139.4844047833493,car,0 days 01:16:08.729000
2024-04-21 07:24:27.562,0 days 01:16:08.889000,0 days 00:00:02.407000,11273,284,7,100,False,0,car,182.5088888888889,0.03388304739909483,-1531.907409131936,-1886.3459147016001,140.14391795034211,car,0 days 01:16:08.889000
2024-04-21 07:24:27.842,0 days 01:16:09.169000,0 days 00:00:02.687000,11325,285,7,100,False,0,car,204.67555555555555,0.03799832212307748,-1706.0762176569342,-1929.7393131482568,138.88905694172516,car,0 days 01:16:09.169000
2024-04-21 07:24:28.042,0 days 01:16:09.369000,0 days 00:00:02.887000,11401,287,7,100,False,0,car,220.62,0.04095843201225799,-1862.550705119066,-1968.6177633520726,139.0094501545933,car,0 days 01:16:09.369000
2024-04-21 07:24:28.522,0 days 01:16:09.849000,0 days 00:00:03.367000,11494,290,7,100,False,0,car,259.2866666666667,0.04813695634281419,-2224.4032260355752,-2059.846624508861,139.89029205176448,car,0 days 01:16:09.849000
2024-04-21 07:24:28.882,0 days 01:16:10.209000,0 days 00:00:03.727000,11516,290,7,100,False,0,car,288.2866666666667,0.05352084959073134,-2490.348263278541,-2125.168792429482,139.98640963217545,car,0 days 01:16:10.209000
2024-04-21 07:24:29.321,0 days 01:16:10.648000,0 days 00:00:04.166000,11581,294,7,100,False,0,car,324.1383333333334,0.06017676497325696,-2953.9531973981607,-2237.4535723857252,140.00564645870463,car,0 days 01:16:10.648000
2024-04-21 07:24:29.521,0 days 01:16:10.848000,0 days 00:00:04.366000,11588,294,7,100,False,0,car,340.47166666666664,0.06320907266461259,-3134.2287607395365,-2281.68461495588,139.9445247999982,car,0 days 01:16:10.848000
2024-04-21 07:24:29.881,0 days 01:16:11.208000,0 days 00:00:04.726000,11619,294,7,100,False,0,car,369.87166666666667,0.06866722650905274,-3392.2392600655307,-2345.1495273878277,140.96181966535062,car,0 days 01:16:11.208000
2024-04-21 07:24:30.161,0 days 01:16:11.488000,0 days 00:00:05.006000,11647,295,7,100,False,0,car,392.8161111111111,0.07292689683738565,-3603.913557666817,-2395.931764774953,141.02572340208766,car,0 days 01:16:11.488000
2024-04-21 07:24:30.361,0 days 01:16:11.688000,0 days 00:00:05.206000,11649,296,7,100,False,0,car,409.2605555555556,0.0759798324722199,-3764.274273895492,-2434.6603882930704,140.6934532728456,car,0 days 01:16:11.688000
2024-04-21 07:24:30.681,0 days 01:16:12.008000,0 days 00:00:05.526000,11710,295,7,100,False,0,car,435.48277777777776,0.0808480271331718,-4047.5493993648274,-2499.699102261745,139.00037501244933,car,0 days 01:16:12.008000
2024-04-21 07:24:30.921,0 days 01:16:12.248000,0 days 00:00:05.766000,11145,291,7,0,True,0,car,454.8827777777778,0.08444966606453708,-4224.617900613381,-2533.9174818614083,138.72509049949946,car,0 days 01:16:12.248000
2024-04-21 07:24:31.121,0 days 01:16:12.448000,0 days 00:00:05.966000,10753,272,7,0,True,0,car,469.99388888888893,0.087255066377628,-4426.650425051398,-2554.8653967205546,141.3918598324559,car,0 days 01:16:12.448000
2024-04-21 07:24:31.402,0 days 01:16:12.729000,0 days 00:00:06.247000,10847,266,7,0,True,0,car,490.75666666666666,0.09110970703575841,-4625.524158620186,-2562.0701164644715,144.4552597629314,car,0 days 01:16:12.729000
2024-04-21 07:24:31.762,0 days 01:16:13.089000,0 days 00:00:06.607000,10800,241,6,0,True,0,car,514.8566666666667,0.09558390797626888,-4814.622211950663,-2534.687385233648,148.65171099901963,car,0 days 01:16:13.089000
2024-04-21 07:24:31.962,0 days 01:16:13.289000,0 days 00:00:06.807000,11224,224,5,0,True,0,car,527.3011111111111,0.09789423764587317,-4946.042550044296,-2498.5950468365445,152.4180253776357,car,0 days 01:16:13.289000
2024-04-21 07:24:32.202,0 days 01:16:13.529000,0 days 00:00:07.047000,10780,214,5,0,True,0,pos,541.5677777777778,0.10054286558852667,-5137.0,-2415.0,160.0,car,0 days 01:16:13.529000
2024-04-21 07:24:32.362,0 days 01:16:13.689000,0 days 00:00:07.207000,10262,207,5,0,True,0,car,550.7677777777778,0.10225085930855556,-5235.427380254083,-2354.4784164613684,164.10969726408143,car,0 days 01:16:13.689000
2024-04-21 07:24:32.522,0 days 01:16:13.849000,0 days 00:00:07.367000,10283,202,5,0,True,0,car,559.7455555555556,0.10391759714162722,-5308.50382526405,-2294.6282059883947,167.28767760921735,car,0 days 01:16:13.849000
2024-04-21 07:24:32.722,0 days 01:16:14.049000,0 days 00:00:07.567000,11327,202,5,0,True,0,car,570.9677777777779,0.10600101943296683,-5376.5565312602685,-2231.4044139965245,170.4698488069566,car,0 days 01:16:14.049000
2024-04-21 07:24:33.082,0 days 01:16:14.409000,0 days 00:00:07.927000,11188,186,4,0,False,0,car,589.5677777777779,0.1094541371712861,-5468.461631498351,-2116.604578139108,175.65775318185763,car,0 days 01:16:14.409000
2024-04-21 07:24:33.282,0 days 01:16:14.609000,0 days 00:00:08.127000,10649,184,4,1,False,0,pos,599.7900000000002,0.11135190797131822,-5523.0,-2030.0,179.0,car,0 days 01:16:14.609000
2024-04-21 07:24:33.642,0 days 01:16:14.969000,0 days 00:00:08.487000,9875,173,4,0,True,0,car,617.0900000000001,0.11456367877093775,-5590.117609011316,-1873.2100289055018,183.6951648694529,car,0 days 01:16:14.969000
2024-04-21 07:24:34.082,0 days 01:16:15.409000,0 days 00:00:08.927000,10552,160,4,0,True,0,car,636.6455555555557,0.11819419682317306,-5627.8170444797515,-1681.215040667509,188.58850366800857,car,0 days 01:16:15.409000
2024-04-21 07:24:34.242,0 days 01:16:15.569000,0 days 00:00:09.087000,10720,154,3,0,True,0,car,643.4900000000001,0.11946487814145543,-5630.032798207845,-1615.5735256089765,190.98159292585143,car,0 days 01:16:15.569000
2024-04-21 07:24:34.522,0 days 01:16:15.849000,0 days 00:00:09.367000,10565,146,3,0,False,0,car,654.8455555555557,0.12157305396496935,-5609.719216188837,-1443.132377038489,196.08481215016644,car,0 days 01:16:15.849000
2024-04-21 07:24:34.882,0 days 01:16:16.209000,0 days 00:00:09.727000,10139,143,3,0,False,0,car,669.1455555555557,0.12422787029066643,-5586.6447225164675,-1373.4769238222627,198.64905227849454,car,0 days 01:16:16.209000
2024-04-21 07:24:35.082,0 days 01:16:16.409000,0 days 00:00:09.927000,9773,143,3,0,True,0,car,677.0900000000001,0.12570276824938703,-5553.293718603165,-1293.9585593000734,201.3794161669129,car,0 days 01:16:16.409000
2024-04-21 07:24:35.282,0 days 01:16:16.609000,0 days 00:00:10.127000,9443,143,3,0,True,0,pos,685.0344444444446,0.12717766620810764,-5494.0,-1195.0,206.0,car,0 days 01:16:16.609000
2024-04-21 07:24:35.562,0 days 01:16:16.889000,0 days 00:00:10.407000,8796,133,3,0,True,0,car,695.378888888889,0.12909812774596618,-5452.331517880503,-1142.2988106409096,207.78101526506373,car,0 days 01:16:16.889000
2024-04-21 07:24:35.761,0 days 01:16:17.088000,0 days 00:00:10.606000,8486,124,3,0,True,0,car,702.2333333333335,0.13037066557916163,-5412.518079509839,-1105.7835812801682,208.48909039426906,car,0 days 01:16:17.088000
2024-04-21 07:24:36.041,0 days 01:16:17.368000,0 days 00:00:10.886000,9085,116,3,0,True,0,car,711.2555555555557,0.13204565458962475,-5339.021422760449,-1048.8796185265026,209.0416765382936,car,0 days 01:16:17.368000
2024-04-21 07:24:36.321,0 days 01:16:17.648000,0 days 00:00:11.166000,9234,106,2,0,True,0,car,719.5000000000002,0.1335762479957376,-5261.010240262047,-1010.8359403011034,210.2227705364856,car,0 days 01:16:17.648000
2024-04-21 07:24:36.521,0 days 01:16:17.848000,0 days 00:00:11.366000,8950,106,2,0,True,0,car,725.3888888888891,0.13466952900010393,-5199.378840727991,-990.9751966607574,210.0225789423142,car,0 days 01:16:17.848000
2024-04-21 07:24:37.001,0 days 01:16:18.328000,0 days 00:00:11.846000,8633,98,2,11,False,0,car,738.4555555555559,0.13709537515318845,-5056.652314288385,-982.3093743378411,209.8597186049608,car,0 days 01:16:18.328000
2024-04-21 07:24:37.401,0 days 01:16:18.728000,0 days 00:00:12.246000,8505,96,2,9,False,0,car,749.1222222222225,0.13907565772713498,-4945.154809442035,-1011.9452094757971,208.00429900353205,car,0 days 01:16:18.728000
2024-04-21 07:24:37.802,0 days 01:16:19.129000,0 days 00:00:12.647000,8549,95,2,25,False,0,car,759.7041666666669,0.14104021149417906,-4889.296720617808,-1044.528173871025,206.3915747637147,car,0 days 01:16:19.129000
2024-04-21 07:24:37.962,0 days 01:16:19.289000,0 days 00:00:12.807000,8291,95,2,0,False,0,car,763.926388888889,0.1418240733463662,-4855.280449303902,-1070.6607080843548,205.08976788572394,car,0 days 01:16:19.289000
2024-04-21 07:24:38.402,0 days 01:16:19.729000,0 days 00:00:13.247000,8002,92,2,0,False,0,pos,775.1708333333335,0.14391162122640153,-4783.0,-1159.0,200.0,car,0 days 01:16:19.729000
2024-04-21 07:24:38.562,0 days 01:16:19.889000,0 days 00:00:13.407000,7806,90,2,0,False,0,car,779.1708333333335,0.14465422719163148,-4767.095574972315,-1190.7847998493228,197.0128156255406,car,0 days 01:16:19.889000
2024-04-21 07:24:38.842,0 days 01:16:20.169000,0 days 00:00:13.687000,7692,88,2,0,False,0,car,786.0152777777779,0.14592490850991383,-4745.112123962304,-1253.4592661199645,194.46571962393503,car,0 days 01:16:20.169000
2024-04-21 07:24:39.202,0 days 01:16:20.529000,0 days 00:00:14.047000,7384,86,2,9,False,0,car,794.6152777777779,0.14752151133515823,-4733.6654520165785,-1338.9652329016183,190.56487307657457,car,0 days 01:16:20.529000
2024-04-21 07:24:39.442,0 days 01:16:20.769000,0 days 00:00:14.287000,7885,86,2,41,False,0,car,800.3486111111113,0.1485859132186545,-4735.721681797334,-1390.0589092941213,186.07463010000262,car,0 days 01:16:20.769000
2024-04-21 07:24:39.642,0 days 01:16:20.969000,0 days 00:00:14.487000,8009,87,2,48,False,0,car,805.1819444444446,0.14948322875997402,-4741.2499426665345,-1435.6811010243616,182.28225558488654,car,0 days 01:16:20.969000
2024-04-21 07:24:39.882,0 days 01:16:21.209000,0 days 00:00:14.727000,8552,90,2,48,False,0,car,811.1819444444446,0.15059713770781896,-4751.947539939008,-1491.8412377686257,178.1438175661256,car,0 days 01:16:21.209000
2024-04-21 07:24:40.242,0 days 01:16:21.569000,0 days 00:00:15.087000,8712,97,2,24,False,0,car,820.8819444444446,0.15239795717350157,-4768.799184796719,-1577.355559367988,171.66050987855593,car,0 days 01:16:21.569000
2024-04-21 07:24:40.402,0 days 01:16:21.729000,0 days 00:00:15.247000,8507,97,2,0,False,0,car,825.1930555555557,0.15319832138047165,-4774.829314048924,-1615.7772847246547,168.20593356560983,car,0 days 01:16:21.729000
2024-04-21 07:24:40.602,0 days 01:16:21.929000,0 days 00:00:15.447000,8362,98,2,0,True,0,car,830.6375000000002,0.15420909061092353,-4775.694588448208,-1684.2005729528519,164.84022475378615,car,0 days 01:16:21.929000
2024-04-21 07:24:40.842,0 days 01:16:22.169000,0 days 00:00:15.687000,8220,93,2,0,False,0,car,836.8375000000002,0.15536012985702996,-4772.315593876401,-1735.7644721987622,161.45505351521868,car,0 days 01:16:22.169000
2024-04-21 07:24:41.082,0 days 01:16:22.409000,0 days 00:00:15.927000,7839,93,2,0,True,0,car,843.0375000000003,0.1565111691031364,-4761.008363250636,-1783.187547972048,157.89269399238265,car,0 days 01:16:22.409000
2024-04-21 07:24:41.242,0 days 01:16:22.569000,0 days 00:00:16.087000,7654,89,2,0,True,0,car,846.9930555555558,0.1572455238909749,-4748.7246902453535,-1820.9987154218122,155.34758215349984,car,0 days 01:16:22.569000
2024-04-21 07:24:41.522,0 days 01:16:22.849000,0 days 00:00:16.367000,7457,84,2,0,True,0,car,853.5263888888892,0.15845844696751715,-4718.683279984221,-1879.2556242448736,150.73621947711098,car,0 days 01:16:22.849000
2024-04-21 07:24:41.682,0 days 01:16:23.009000,0 days 00:00:16.527000,7073,84,2,0,True,0,car,857.2597222222225,0.15915154586839847,-4695.221658981439,-1909.9546004746003,148.53569474387888,car,0 days 01:16:23.009000
2024-04-21 07:24:41.842,0 days 01:16:23.169000,0 days 00:00:16.687000,6985,83,2,0,True,0,pos,860.9486111111114,0.1598363935918883,-4671.0,-1935.0,147.0,car,0 days 01:16:23.169000
2024-04-21 07:24:42.122,0 days 01:16:23.449000,0 days 00:00:16.967000,6742,76,2,0,False,0,car,866.8597222222224,0.16093380018495032,-4623.445128852075,-1968.319410722554,144.67585630348094,car,0 days 01:16:23.449000
2024-04-21 07:24:42.321,0 days 01:16:23.648000,0 days 00:00:17.166000,6496,75,2,0,False,0,car,871.0055555555558,0.16170348032599596,-4582.819454273004,-1987.6262182128664,143.220566251853,car,0 days 01:16:23.648000
2024-04-21 07:24:42.681,0 days 01:16:24.008000,0 days 00:00:17.526000,6380,72,2,0,False,0,car,878.2055555555557,0.16304017106340984,-4516.085718947339,-2002.7572335813666,142.89042716195152,car,0 days 01:16:24.008000
2024-04-21 07:24:42.881,0 days 01:16:24.208000,0 days 00:00:17.726000,6588,71,2,18,False,0,car,882.1500000000002,0.16377246305690052,-4472.423385547184,-2004.0142323738235,142.0038988555699,car,0 days 01:16:24.208000
2024-04-21 07:24:43.041,0 days 01:16:24.368000,0 days 00:00:17.886000,6753,72,2,41,False,0,car,885.3500000000003,0.16436654782908447,-4440.119560712929,-2001.1195291972258,142.13461585089553,car,0 days 01:16:24.368000
2024-04-21 07:24:43.201,0 days 01:16:24.528000,0 days 00:00:18.046000,6875,73,2,41,False,0,car,888.5944444444447,0.16496888377865987,-4409.975820306625,-1995.448754454499,141.79436992252042,car,0 days 01:16:24.528000
2024-04-21 07:24:43.561,0 days 01:16:24.888000,0 days 00:00:18.406000,7382,78,2,48,False,0,car,896.3944444444446,0.16641696541085826,-4339.4732854057775,-1969.239301490826,141.47644396170932,car,0 days 01:16:24.888000
2024-04-21 07:24:43.721,0 days 01:16:25.048000,0 days 00:00:18.566000,7382,80,2,48,False,0,car,899.9500000000002,0.16707705960217378,-4311.962073253522,-1953.7042858218456,142.09087754107227,car,0 days 01:16:25.048000
2024-04-21 07:24:44.161,0 days 01:16:25.488000,0 days 00:00:19.006000,8151,87,2,53,False,0,car,910.5833333333335,0.16905115379307672,-4211.384685446064,-1867.5864684006576,141.98738805549596,car,0 days 01:16:25.488000
2024-04-21 07:24:44.322,0 days 01:16:25.649000,0 days 00:00:19.167000,8358,91,2,53,False,0,car,914.6530555555557,0.16980670379283952,-4177.497414433457,-1827.4276737707755,142.00435537162787,car,0 days 01:16:25.649000
2024-04-21 07:24:44.562,0 days 01:16:25.889000,0 days 00:00:19.407000,9342,97,2,59,False,0,car,921.1197222222223,0.1710072501032946,-4145.998343452215,-1776.3858406587397,141.99009616380107,car,0 days 01:16:25.889000
2024-04-21 07:24:44.722,0 days 01:16:26.049000,0 days 00:00:19.567000,9654,99,2,59,False,0,car,925.5197222222223,0.17182411666504754,-4124.405235052035,-1736.841843489143,142.0143608998353,car,0 days 01:16:26.049000
2024-04-21 07:24:44.962,0 days 01:16:26.289000,0 days 00:00:19.807000,10301,107,2,63,False,0,car,932.6530555555556,0.17314843063637428,-4096.9633289387675,-1673.5391305889516,141.68798749859192,car,0 days 01:16:26.289000
2024-04-21 07:24:45.122,0 days 01:16:26.449000,0 days 00:00:19.967000,9601,112,2,64,False,0,car,937.6308333333334,0.174072562504216,-4082.553684716002,-1631.0660258349862,140.98457026296734,car,0 days 01:16:26.449000
2024-04-21 07:24:45.442,0 days 01:16:26.769000,0 days 00:00:20.287000,9471,118,3,75,False,0,car,948.1197222222223,0.17601984036859677,-4058.010509977222,-1529.6342281460013,141.76549665165146,car,0 days 01:16:26.769000
2024-04-21 07:24:45.722,0 days 01:16:27.049000,0 days 00:00:20.567000,10041,124,3,77,False,0,car,957.7641666666668,0.1778103458625401,-4046.1837235110547,-1439.471538241795,140.9363613976759,car,0 days 01:16:27.049000
2024-04-21 07:24:45.962,0 days 01:16:27.289000,0 days 00:00:20.807000,10311,136,3,83,False,0,car,966.8308333333334,0.17949358605039464,-4046.6871315134017,-1322.4748902777505,141.0081265788274,car,0 days 01:16:27.289000
2024-04-21 07:24:46.202,0 days 01:16:27.529000,0 days 00:00:21.047000,11192,143,3,87,False,0,car,976.3641666666668,0.18126346360085938,-4052.897278287279,-1240.8026170998676,140.99534659751131,car,0 days 01:16:27.529000
2024-04-21 07:24:46.442,0 days 01:16:27.769000,0 days 00:00:21.287000,11497,154,3,90,False,0,car,986.6308333333335,0.18316948557828291,-4068.57876059748,-1156.259409636497,141.00562873185115,car,0 days 01:16:27.769000
2024-04-21 07:24:46.682,0 days 01:16:28.009000,0 days 00:00:21.527000,10385,161,3,100,False,0,car,997.364166666667,0.18516214491831665,-4096.438191205026,-1048.9827129422315,140.9624939774181,car,0 days 01:16:28.009000
2024-04-21 07:24:47.002,0 days 01:16:28.329000,0 days 00:00:21.847000,10542,172,4,100,False,0,car,1012.6530555555559,0.18800054994097337,-4146.811975659873,-917.4205752746383,141.0044903176252,car,0 days 01:16:28.329000
2024-04-21 07:24:47.282,0 days 01:16:28.609000,0 days 00:00:22.127000,11476,184,4,100,False,0,car,1026.9641666666669,0.1906574290610183,-4209.488782061898,-793.861045273734,139.85776257038663,car,0 days 01:16:28.609000
2024-04-21 07:24:47.562,0 days 01:16:28.889000,0 days 00:00:22.407000,11950,196,4,100,False,0,car,1042.2086111111114,0.19348758290628357,-4286.699199745662,-671.4289587081606,140.00068418730473,car,0 days 01:16:28.889000
2024-04-21 07:24:47.922,0 days 01:16:29.249000,0 days 00:00:22.767000,10954,204,4,100,False,0,car,1062.6086111111113,0.1972748733289563,-4407.364395961562,-517.0704671834767,140.5719946101906,car,0 days 01:16:29.249000
2024-04-21 07:24:48.242,0 days 01:16:29.569000,0 days 00:00:23.087000,11051,213,5,100,False,0,car,1081.5419444444447,0.2007898748977114,-4525.538323638704,-379.5214615101208,141.00068805170906,car,0 days 01:16:29.569000
2024-04-21 07:24:48.402,0 days 01:16:29.729000,0 days 00:00:23.247000,11276,216,5,100,False,0,car,1091.1419444444446,0.20257212921426326,-4611.981921511557,-282.9371132042644,140.97343848651536,car,0 days 01:16:29.729000
2024-04-21 07:24:48.722,0 days 01:16:30.049000,0 days 00:00:23.567000,11509,225,5,100,False,0,car,1111.1419444444446,0.20628515904041303,-4748.142492521867,-131.86658602267624,141.03761902737904,car,0 days 01:16:30.049000
2024-04-21 07:24:48.882,0 days 01:16:30.209000,0 days 00:00:23.727000,11789,227,5,100,False,0,car,1121.2308333333335,0.2081581763082708,-4803.285332282149,-71.31346886810333,141.01889687806087,car,0 days 01:16:30.209000
2024-04-21 07:24:49.321,0 days 01:16:30.648000,0 days 00:00:24.166000,11311,237,5,100,False,0,car,1150.131666666667,0.2135236591166333,-5066.179729089391,210.36571548604252,141.9116231901591,car,0 days 01:16:30.648000
2024-04-21 07:24:49.481,0 days 01:16:30.808000,0 days 00:00:24.326000,10808,238,5,100,False,0,car,1160.7094444444447,0.21548743933579695,-5151.748636444125,301.9439815581741,142.39528574411597,car,0 days 01:16:30.808000
2024-04-21 07:24:49.721,0 days 01:16:31.048000,0 days 00:00:24.566000,11004,243,6,100,False,0,car,1176.9094444444445,0.21849499349497822,-5238.481950521124,396.4220913663062,142.82801740345332,car,0 days 01:16:31.048000
2024-04-21 07:24:50.161,0 days 01:16:31.488000,0 days 00:00:25.006000,11289,250,6,100,False,0,car,1207.4650000000001,0.22416767795159592,-5396.82280993472,568.4637115345247,146.188931292678,car,0 days 01:16:31.488000
2024-04-21 07:24:50.481,0 days 01:16:31.808000,0 days 00:00:25.326000,11424,254,6,100,False,0,car,1230.042777777778,0.22835927606644943,-5538.3262394018875,731.8118796116556,149.59986814030475,car,0 days 01:16:31.808000
2024-04-21 07:24:50.721,0 days 01:16:32.048000,0 days 00:00:25.566000,11565,258,6,100,False,0,car,1247.2427777777777,0.23155248171693818,-5702.048197993258,933.8955953484622,154.40137918677468,car,0 days 01:16:32.048000
2024-04-21 07:24:50.882,0 days 01:16:32.209000,0 days 00:00:25.727000,11634,259,6,100,False,0,car,1258.8258333333333,0.23370289325472457,-5758.282237068375,1005.9421232044692,156.11750584771156,car,0 days 01:16:32.209000
2024-04-21 07:24:51.122,0 days 01:16:32.449000,0 days 00:00:25.967000,11443,261,6,100,False,0,car,1276.2258333333332,0.23693322920347484,-5812.080318727365,1085.953138433549,157.42599083665579,car,0 days 01:16:32.449000
2024-04-21 07:24:51.482,0 days 01:16:32.809000,0 days 00:00:26.327000,10588,265,7,100,False,0,car,1302.7258333333334,0.2418529937231233,-5981.198839050151,1349.625970497178,160.3138906830853,car,0 days 01:16:32.809000
2024-04-21 07:24:51.802,0 days 01:16:33.129000,0 days 00:00:26.647000,10706,267,7,100,False,0,pos,1326.4591666666665,0.2462591224501543,-6086.0,1549.0,161.0,car,0 days 01:16:33.129000
2024-04-21 07:24:52.122,0 days 01:16:33.449000,0 days 00:00:26.967000,10804,271,7,100,False,0,car,1350.5480555555555,0.2507312605963169,-6167.147667310145,1713.6322640334674,161.79864191437832,car,0 days 01:16:33.449000
2024-04-21 07:24:52.402,0 days 01:16:33.729000,0 days 00:00:27.247000,10924,272,7,100,False,0,car,1371.703611111111,0.2546588210346442,-6253.60599501156,1908.054855907121,162.00411709424029,car,0 days 01:16:33.729000
2024-04-21 07:24:52.762,0 days 01:16:34.089000,0 days 00:00:27.607000,10903,273,7,100,False,0,car,1399.003611111111,0.2597271067473386,-6373.5650664528675,2207.4156013239917,159.45392676220698,car,0 days 01:16:34.089000
2024-04-21 07:24:53.122,0 days 01:16:34.449000,0 days 00:00:27.967000,10480,270,7,0,False,0,car,1426.003611111111,0.26473969701264083,-6439.78364590291,2388.6531833524873,157.52409481523324,car,0 days 01:16:34.449000
2024-04-21 07:24:53.482,0 days 01:16:34.809000,0 days 00:00:28.327000,9439,235,7,0,True,0,car,1449.5036111111112,0.2691025070583668,-6523.722049396503,2620.996775750692,155.65842866193836,car,0 days 01:16:34.809000
2024-04-21 07:24:53.642,0 days 01:16:34.969000,0 days 00:00:28.487000,9482,211,7,0,True,0,car,1458.8813888888888,0.27084350548796143,-6554.815588110807,2709.4749868560148,155.00422255439975,car,0 days 01:16:34.969000
2024-04-21 07:24:53.962,0 days 01:16:35.289000,0 days 00:00:28.807000,10731,174,7,0,True,0,car,1474.3480555555554,0.27371491522018393,-6612.703008789,2874.27911648817,153.46995875834733,car,0 days 01:16:35.289000
2024-04-21 07:24:54.162,0 days 01:16:35.489000,0 days 00:00:29.007000,9896,165,5,0,True,0,car,1483.5147222222222,0.27541672055716926,-6643.911281918211,2963.113765692132,152.2682178681059,car,0 days 01:16:35.489000
2024-04-21 07:24:54.402,0 days 01:16:35.729000,0 days 00:00:29.247000,10205,152,4,0,True,0,car,1493.6480555555554,0.2772979890024184,-6676.292537590943,3056.5301171047754,151.92143843058335,car,0 days 01:16:35.729000
2024-04-21 07:24:54.562,0 days 01:16:35.889000,0 days 00:00:29.407000,10769,137,3,0,True,0,car,1499.7369444444444,0.27842840030504623,-6709.84473836093,3153.82350214547,150.37658274232874,car,0 days 01:16:35.889000
2024-04-21 07:24:54.762,0 days 01:16:36.089000,0 days 00:00:29.607000,11437,126,2,0,True,0,car,1506.7369444444444,0.27972796074419864,-6733.804634791262,3227.7052636600283,149.0855106351978,car,0 days 01:16:36.089000
2024-04-21 07:24:54.962,0 days 01:16:36.289000,0 days 00:00:29.807000,10597,116,2,0,True,0,car,1513.1813888888887,0.280924381465958,-6737.868711754191,3252.6997114294604,148.93140985619544,car,0 days 01:16:36.289000
2024-04-21 07:24:55.322,0 days 01:16:36.649000,0 days 00:00:30.167000,8450,101,2,0,True,0,car,1523.2813888888888,0.28279946152816365,-6747.439208087789,3348.671822204905,148.50425975700784,car,0 days 01:16:36.649000
2024-04-21 07:24:55.562,0 days 01:16:36.889000,0 days 00:00:30.407000,7687,94,2,0,True,0,car,1529.5480555555555,0.28396287754035726,-6740.132770821848,3419.6050961008946,147.8483608146985,car,0 days 01:16:36.889000
2024-04-21 07:24:55.881,0 days 01:16:37.208000,0 days 00:00:30.726000,7005,88,2,0,True,0,car,1537.3458333333333,0.2854105466136861,-6711.834892395349,3502.6024352124987,147.32580422411047,car,0 days 01:16:37.208000
2024-04-21 07:24:56.081,0 days 01:16:37.408000,0 days 00:00:30.926000,6629,81,2,0,True,0,car,1541.8458333333333,0.28624597832456977,-6687.824489483881,3538.9637117304474,146.15304888733272,car,0 days 01:16:37.408000
2024-04-21 07:24:56.281,0 days 01:16:37.608000,0 days 00:00:31.126000,6502,76,2,0,False,0,car,1546.0680555555555,0.287029840176757,-6666.433354962722,3565.0315859829634,146.03453284062493,car,0 days 01:16:37.608000
2024-04-21 07:24:56.481,0 days 01:16:37.808000,0 days 00:00:31.326000,6329,74,2,0,False,0,car,1550.1791666666666,0.2877930740854655,-6639.6819388531385,3588.426399411495,145.77867154821985,car,0 days 01:16:37.808000
2024-04-21 07:24:56.921,0 days 01:16:38.248000,0 days 00:00:31.766000,6016,70,2,4,False,0,car,1558.734722222222,0.28938142573331843,-6562.3499455917145,3627.5274930470987,145.07345986028875,car,0 days 01:16:38.248000
2024-04-21 07:24:57.121,0 days 01:16:38.448000,0 days 00:00:31.966000,6340,69,2,28,False,0,car,1562.5680555555555,0.2900930897833305,-6524.545080012093,3637.0444523649317,144.58456967785926,car,0 days 01:16:38.448000
2024-04-21 07:24:57.522,0 days 01:16:38.849000,0 days 00:00:32.367000,6852,73,2,48,False,0,car,1570.6994444444442,0.29160269425695384,-6446.986821093911,3640.6602693564464,143.92356642321243,car,0 days 01:16:38.849000
2024-04-21 07:24:57.882,0 days 01:16:39.209000,0 days 00:00:32.727000,7718,80,2,52,False,0,car,1578.6994444444442,0.29308790618741376,-6372.413335350381,3627.2995494252755,143.04597996429513,car,0 days 01:16:39.209000
2024-04-21 07:24:58.362,0 days 01:16:39.689000,0 days 00:00:33.207000,8922,92,2,62,False,0,pos,1590.966111111111,0.2953652311474523,-6214.0,3558.0,142.0,car,0 days 01:16:39.689000
2024-04-21 07:24:58.762,0 days 01:16:40.089000,0 days 00:00:33.607000,10422,106,2,73,False,0,car,1602.743888888889,0.29755179315618496,-6085.985380431324,3464.8849963236726,142.1181092798032,car,0 days 01:16:40.089000
2024-04-21 07:24:58.922,0 days 01:16:40.249000,0 days 00:00:33.767000,10949,109,2,76,False,0,car,1607.5883333333336,0.29845117149185235,-6058.262489029713,3441.1881778256966,141.9249213395845,car,0 days 01:16:40.249000
2024-04-21 07:24:59.202,0 days 01:16:40.529000,0 days 00:00:34.047000,10130,117,2,84,False,0,car,1616.6883333333335,0.3001406000627505,-6013.523068324127,3401.358454818381,141.01937251448126,car,0 days 01:16:40.529000
2024-04-21 07:24:59.522,0 days 01:16:40.849000,0 days 00:00:34.367000,10442,137,3,86,False,0,car,1628.8661111111112,0.3024014226680061,-5943.21504699578,3331.9499335861005,141.63806446773356,car,0 days 01:16:40.849000
2024-04-21 07:24:59.762,0 days 01:16:41.089000,0 days 00:00:34.607000,10951,146,3,91,False,0,car,1638.5994444444445,0.30420843051673235,-5875.3115782526365,3258.3550303491857,142.99907330317356,car,0 days 01:16:41.089000
2024-04-21 07:25:00.082,0 days 01:16:41.409000,0 days 00:00:34.927000,10209,160,3,100,False,0,car,1652.8216666666667,0.3068488072819944,-5782.200041281438,3146.893467582747,142.01381384712542,car,0 days 01:16:41.409000
2024-04-21 07:25:00.362,0 days 01:16:41.689000,0 days 00:00:35.207000,10349,168,4,100,False,0,car,1665.8883333333333,0.3092746534350789,-5716.104764890906,3054.499664190031,143.46487500799105,car,0 days 01:16:41.689000
2024-04-21 07:25:00.522,0 days 01:16:41.849000,0 days 00:00:35.367000,11047,179,4,100,False,0,car,1673.8438888888886,0.3107516141881473,-5650.267766999118,2956.7951526977895,144.45918187546638,car,0 days 01:16:41.849000
2024-04-21 07:25:00.802,0 days 01:16:42.129000,0 days 00:00:35.647000,11624,187,4,100,False,0,car,1688.388333333333,0.3134518119894973,-5561.7134620254965,2812.8634277652486,146.4388936680101,car,0 days 01:16:42.129000
2024-04-21 07:25:01.122,0 days 01:16:42.449000,0 days 00:00:35.967000,11334,200,4,100,False,0,car,1706.166111111111,0.3167522829460749,-5501.2609397247215,2699.6551497447667,148.60387379364727,car,0 days 01:16:42.449000
2024-04-21 07:25:01.442,0 days 01:16:42.769000,0 days 00:00:36.287000,10870,209,5,100,False,0,car,1724.7438888888887,0.32020127509569846,-5444.44431342324,2585.8171325640797,150.53707940312174,car,0 days 01:16:42.769000
2024-04-21 07:25:01.602,0 days 01:16:42.929000,0 days 00:00:36.447000,11088,211,5,100,False,0,car,1734.1216666666667,0.32194227352529314,-5395.161789432263,2481.7688240727903,151.93557065628835,car,0 days 01:16:42.929000
2024-04-21 07:25:01.802,0 days 01:16:43.129000,0 days 00:00:36.647000,11314,217,5,100,False,0,pos,1746.1772222222219,0.32418040539272225,-5327.0,2331.0,154.0,car,0 days 01:16:43.129000
2024-04-21 07:25:02.002,0 days 01:16:43.329000,0 days 00:00:36.847000,11578,222,5,100,False,0,car,1758.5105555555554,0.32647010711884794,-5292.984910143383,2253.9022179110257,155.4304387900312,car,0 days 01:16:43.329000
2024-04-21 07:25:02.202,0 days 01:16:43.529000,0 days 00:00:37.047000,11663,224,5,100,False,0,car,1770.9549999999995,0.32878043678845215,-5260.838569524767,2180.5270731629616,156.05286039081795,car,0 days 01:16:43.529000
2024-04-21 07:25:02.362,0 days 01:16:43.689000,0 days 00:00:37.207000,11663,231,5,100,False,0,car,1781.2216666666664,0.33068645876587577,-5219.937503777849,2088.382751507245,156.00822954325366,car,0 days 01:16:43.689000
2024-04-21 07:25:02.801,0 days 01:16:44.128000,0 days 00:00:37.646000,10891,238,6,100,False,0,car,1810.244444444444,0.33607458074220603,-5097.571636484989,1817.0170388834777,156.11603392521192,car,0 days 01:16:44.128000
2024-04-21 07:25:03.281,0 days 01:16:44.608000,0 days 00:00:38.126000,11424,248,6,100,False,0,car,1843.3111111111104,0.3422134567214402,-4966.000450851927,1551.6452796210679,153.29706109900678,car,0 days 01:16:44.608000
2024-04-21 07:25:03.641,0 days 01:16:44.968000,0 days 00:00:38.486000,11466,254,6,100,False,0,car,1868.7111111111103,0.3469290046006504,-4838.978861845807,1341.28111869985,148.4317888689159,car,0 days 01:16:44.968000
2024-04-21 07:25:04.001,0 days 01:16:45.328000,0 days 00:00:38.846000,11632,257,6,100,False,0,car,1894.4111111111104,0.35170024792725285,-4681.138959463084,1141.3632616300658,144.80056083940974,car,0 days 01:16:45.328000
2024-04-21 07:25:04.242,0 days 01:16:45.569000,0 days 00:00:39.087000,11674,260,6,73,False,0,car,1911.8166666666664,0.3549316152731771,-4477.675742046785,946.6012994305931,141.75421303316995,car,0 days 01:16:45.569000
2024-04-21 07:25:04.522,0 days 01:16:45.849000,0 days 00:00:39.367000,11511,258,6,48,False,0,car,1931.8833333333325,0.358657021865414,-4315.738350152874,845.0955607229625,141.90785249218408,car,0 days 01:16:45.849000
2024-04-21 07:25:04.722,0 days 01:16:46.049000,0 days 00:00:39.567000,11304,254,6,50,False,0,car,1945.9944444444438,0.36127677068719743,-4161.204430776601,767.4496920063175,141.05996489774262,car,0 days 01:16:46.049000
2024-04-21 07:25:05.042,0 days 01:16:46.369000,0 days 00:00:39.887000,11134,249,6,51,False,0,car,1968.1277777777773,0.36538585702813653,-3990.602606118074,707.8358783951795,140.9711997853627,car,0 days 01:16:46.369000
2024-04-21 07:25:05.242,0 days 01:16:46.569000,0 days 00:00:40.087000,10885,245,6,62,False,0,car,1981.7388888888886,0.36791278010426626,-3867.2783801335177,681.4441303279659,141.00735428484396,car,0 days 01:16:46.569000
2024-04-21 07:25:05.402,0 days 01:16:46.729000,0 days 00:00:40.247000,10894,245,6,62,False,0,car,1992.6277777777773,0.36993431856517,-3761.7969040909193,667.2841857540369,140.99719021784648,car,0 days 01:16:46.729000
2024-04-21 07:25:05.762,0 days 01:16:47.089000,0 days 00:00:40.607000,10599,240,6,59,False,0,car,2016.6277777777773,0.3743899543565497,-3528.765254914756,668.7445785676225,140.99996324699288,car,0 days 01:16:47.089000
2024-04-21 07:25:06.122,0 days 01:16:47.449000,0 days 00:00:40.967000,10651,235,6,68,False,0,car,2040.1277777777773,0.3787527644022757,-3302.1364936263462,711.8784906535786,141.00001765578918,car,0 days 01:16:47.449000
2024-04-21 07:25:06.322,0 days 01:16:47.649000,0 days 00:00:41.167000,10607,235,6,71,False,0,car,2053.183333333333,0.38117654776101234,-3180.120016566057,754.0311019760368,140.9998875179632,car,0 days 01:16:47.649000
2024-04-21 07:25:06.602,0 days 01:16:47.929000,0 days 00:00:41.447000,10625,234,6,77,False,0,car,2071.383333333333,0.38455540490280865,-3020.5505230504264,832.6933057755214,140.99998969704018,car,0 days 01:16:47.929000
2024-04-21 07:25:07.002,0 days 01:16:48.329000,0 days 00:00:41.847000,10791,234,6,87,False,0,car,2097.383333333333,0.38938234367680336,-2792.363115028371,1003.3682647250182,141.14684805335193,car,0 days 01:16:48.329000
2024-04-21 07:25:07.162,0 days 01:16:48.489000,0 days 00:00:42.007000,10824,238,6,87,False,0,car,2107.9611111111108,0.39134612389596696,-2711.2424238232675,1083.793284063299,141.71845098391347,car,0 days 01:16:48.489000
2024-04-21 07:25:07.522,0 days 01:16:48.849000,0 days 00:00:42.367000,10939,239,6,89,False,0,car,2131.861111111111,0.3957831945382159,-2589.0578943117252,1236.4404109184884,145.13477648046904,car,0 days 01:16:48.849000
2024-04-21 07:25:07.722,0 days 01:16:49.049000,0 days 00:00:42.567000,10943,241,6,91,False,0,car,2145.25,0.39826886172738846,-2509.3870391231244,1367.011696279894,146.55937569230497,car,0 days 01:16:49.049000
2024-04-21 07:25:08.042,0 days 01:16:49.369000,0 days 00:00:42.887000,11054,245,6,95,False,0,car,2167.027777777778,0.402311938649196,-2397.248368145305,1588.4599022928724,150.9885346289338,car,0 days 01:16:49.369000
2024-04-21 07:25:08.362,0 days 01:16:49.689000,0 days 00:00:43.207000,10726,248,6,0,True,0,car,2189.072222222222,0.40640452263535215,-2333.551983453974,1733.8134571980227,154.2681963283276,car,0 days 01:16:49.689000
2024-04-21 07:25:08.602,0 days 01:16:49.929000,0 days 00:00:43.447000,10112,238,6,0,True,0,car,2204.938888888889,0.40935019296409764,-2215.430571102367,1948.4671964485497,159.94348181778443,car,0 days 01:16:49.929000
2024-04-21 07:25:08.842,0 days 01:16:50.169000,0 days 00:00:43.687000,10812,224,5,0,True,0,car,2219.872222222222,0.4121225885676227,-2128.5088980341575,2079.52656027915,161.70040209914978,car,0 days 01:16:50.169000
2024-04-21 07:25:09.122,0 days 01:16:50.449000,0 days 00:00:43.967000,10227,205,5,0,True,0,car,2235.816666666666,0.4150826984568032,-2032.6925599463964,2178.4907887863674,163.5815193593279,car,0 days 01:16:50.449000
2024-04-21 07:25:09.321,0 days 01:16:50.648000,0 days 00:00:44.166000,10025,201,5,0,True,0,car,2246.9274999999993,0.41714544123480546,-1947.1923273239147,2251.017680320122,164.9002495802269,car,0 days 01:16:50.648000
2024-04-21 07:25:09.521,0 days 01:16:50.848000,0 days 00:00:44.366000,11038,188,5,0,True,0,car,2257.371944444444,0.4190844679217948,-1863.071674735644,2309.523145025805,164.92738774215843,car,0 days 01:16:50.848000
2024-04-21 07:25:09.761,0 days 01:16:51.088000,0 days 00:00:44.606000,10491,185,4,0,True,0,car,2269.7052777777776,0.4213741696479205,-1761.4483228319295,2363.7982109191576,165.99352016369448,car,0 days 01:16:51.088000
2024-04-21 07:25:10.041,0 days 01:16:51.368000,0 days 00:00:44.886000,10290,174,4,3,False,0,car,2283.238611111111,0.4238866531636152,-1635.5065811575616,2409.4743331874747,165.98667033032459,car,0 days 01:16:51.368000
2024-04-21 07:25:10.241,0 days 01:16:51.568000,0 days 00:00:45.086000,9961,168,4,3,False,0,car,2292.571944444444,0.42561940041581836,-1547.2393934199158,2429.871325710143,166.00240616369575,car,0 days 01:16:51.568000
2024-04-21 07:25:10.401,0 days 01:16:51.728000,0 days 00:00:45.246000,9857,167,4,25,False,0,car,2299.9941666666664,0.42699734704018955,-1473.4456413407113,2438.339088993723,166.00920440188062,car,0 days 01:16:51.728000
2024-04-21 07:25:10.642,0 days 01:16:51.969000,0 days 00:00:45.487000,9748,162,4,32,False,0,car,2310.839166666666,0.4290107374634192,-1344.77509087533,2438.051764749768,166.06451131274304,car,0 days 01:16:51.969000
2024-04-21 07:25:11.042,0 days 01:16:52.369000,0 days 00:00:45.887000,9504,158,4,38,False,0,car,2328.394722222222,0.43226995253303957,-1162.2874624265075,2399.157597055687,165.24463744891105,car,0 days 01:16:52.369000
2024-04-21 07:25:11.202,0 days 01:16:52.529000,0 days 00:00:46.047000,9564,158,4,38,False,0,car,2335.4169444444437,0.43357363856088765,-1106.1830259093626,2378.0863355598276,164.87133881271913,car,0 days 01:16:52.529000
2024-04-21 07:25:11.482,0 days 01:16:52.809000,0 days 00:00:46.327000,9548,156,4,44,False,0,car,2347.550277777777,0.4358262099887518,-1025.6353955244,2337.6559724447884,164.2578424525435,car,0 days 01:16:52.809000
2024-04-21 07:25:11.722,0 days 01:16:53.049000,0 days 00:00:46.567000,9546,156,4,51,False,0,pos,2357.950277777777,0.4377569854983497,-943.0,2285.0,163.0,car,0 days 01:16:53.049000
2024-04-21 07:25:11.882,0 days 01:16:53.209000,0 days 00:00:46.727000,9546,156,4,51,False,0,car,2364.8836111111104,0.439044169171415,-890.3464576790656,2242.6058387492376,162.15035755645786,car,0 days 01:16:53.209000
2024-04-21 07:25:12.122,0 days 01:16:53.449000,0 days 00:00:46.967000,10009,160,4,67,False,0,car,2375.5502777777774,0.44102445174536153,-816.9712086497526,2171.1725366624014,159.57525331140747,car,0 days 01:16:53.449000
2024-04-21 07:25:12.282,0 days 01:16:53.609000,0 days 00:00:47.127000,10022,161,4,67,False,0,car,2382.705833333333,0.442352891305384,-773.14773692936,2118.8771536818504,158.30011928043186,car,0 days 01:16:53.609000
2024-04-21 07:25:12.482,0 days 01:16:53.809000,0 days 00:00:47.327000,10196,164,4,69,False,0,car,2391.816944444444,0.44404438267062996,-719.7595471058163,2040.842709235276,157.57145772167755,car,0 days 01:16:53.809000
2024-04-21 07:25:12.682,0 days 01:16:54.009000,0 days 00:00:47.527000,10315,166,4,68,False,0,car,2401.039166666666,0.44575650197935457,-675.6142138575817,1963.2052505991808,155.28391348038303,car,0 days 01:16:54.009000
2024-04-21 07:25:12.842,0 days 01:16:54.169000,0 days 00:00:47.687000,10372,169,4,35,False,0,car,2408.550277777777,0.4471509509585086,-646.8701339765721,1903.7608879159202,154.00985540561095,car,0 days 01:16:54.169000
2024-04-21 07:25:13.202,0 days 01:16:54.529000,0 days 00:00:48.047000,9774,165,4,0,True,0,car,2425.050277777777,0.4502142005650821,-561.7485610274254,1685.6862064668908,148.89163574585908,car,0 days 01:16:54.529000
2024-04-21 07:25:13.362,0 days 01:16:54.689000,0 days 00:00:48.207000,10002,154,4,0,True,0,car,2431.8947222222214,0.4514848818833645,-539.1291895374754,1628.9520662655018,147.76493621327046,car,0 days 01:16:54.689000
2024-04-21 07:25:13.602,0 days 01:16:54.929000,0 days 00:00:48.447000,9919,146,3,0,True,0,car,2441.628055555555,0.4532918897320907,-509.23986883643664,1567.938246338689,147.08220990870257,car,0 days 01:16:54.929000
2024-04-21 07:25:13.882,0 days 01:16:55.209000,0 days 00:00:48.727000,9148,134,3,0,True,0,car,2452.050277777777,0.4552267908303843,-452.2571223330453,1474.0165079386134,145.57479102761698,car,0 days 01:16:55.209000
2024-04-21 07:25:14.122,0 days 01:16:55.449000,0 days 00:00:48.967000,8930,125,3,0,True,0,car,2460.3836111111104,0.45677388659128004,-373.12533800958266,1388.1572464505712,143.7073951217696,car,0 days 01:16:55.449000
2024-04-21 07:25:14.442,0 days 01:16:55.769000,0 days 00:00:49.287000,8200,121,3,0,True,0,car,2471.139166666666,0.45877067152000944,-284.7293813307914,1319.7104068703136,142.2035092038004,car,0 days 01:16:55.769000
2024-04-21 07:25:14.602,0 days 01:16:55.929000,0 days 00:00:49.447000,8006,116,3,0,True,0,car,2476.2947222222215,0.459727808097417,-252.50683019159342,1304.6340631632982,142.02581051692113,car,0 days 01:16:55.929000
2024-04-21 07:25:14.802,0 days 01:16:56.129000,0 days 00:00:49.647000,7778,112,3,0,True,0,car,2482.5169444444437,0.4608829729322191,-208.16790960645034,1287.0038384006298,141.97121455151,car,0 days 01:16:56.129000
2024-04-21 07:25:15.282,0 days 01:16:56.609000,0 days 00:00:50.127000,7340,104,3,0,False,0,car,2496.3836111111104,0.4634573402783496,-72.953634867712,1259.3827814547933,141.99951422187394,car,0 days 01:16:56.609000
2024-04-21 07:25:15.442,0 days 01:16:56.769000,0 days 00:00:50.287000,7242,101,3,0,False,0,pos,2500.872499999999,0.4642907091948854,2.0,1262.0,142.0,car,0 days 01:16:56.769000
2024-04-21 07:25:15.921,0 days 01:16:57.248000,0 days 00:00:50.766000,7370,98,3,47,False,0,car,2513.9119444444436,0.46671150150181767,89.24078947812222,1282.6577185685264,141.9999971583257,car,0 days 01:16:57.248000
2024-04-21 07:25:16.321,0 days 01:16:57.648000,0 days 00:00:51.166000,7785,104,3,53,False,0,car,2525.4674999999993,0.4688568076235931,188.0298171541842,1329.6949419961798,141.99999942015975,car,0 days 01:16:57.648000
2024-04-21 07:25:16.601,0 days 01:16:57.928000,0 days 00:00:51.446000,8253,107,3,55,False,0,car,2533.7897222222214,0.47040184059014095,254.05975861028872,1378.571334155282,142.00000004322663,car,0 days 01:16:57.928000
2024-04-21 07:25:16.921,0 days 01:16:58.248000,0 days 00:00:51.766000,8716,115,3,63,False,0,car,2544.0119444444435,0.47229961139017307,324.3050548207107,1448.142023930448,142.0000000009896,car,0 days 01:16:58.248000
2024-04-21 07:25:17.081,0 days 01:16:58.408000,0 days 00:00:51.926000,9145,117,3,63,False,0,car,2549.211944444444,0.47326499914497205,358.3322624872682,1488.396878772677,141.9999999998063,car,0 days 01:16:58.408000
2024-04-21 07:25:17.282,0 days 01:16:58.609000,0 days 00:00:52.127000,9611,122,3,68,False,0,car,2556.0236111111103,0.47452959521992816,399.23105885133657,1543.8844588688705,142.0000000000717,car,0 days 01:16:58.609000
2024-04-21 07:25:17.442,0 days 01:16:58.769000,0 days 00:00:52.287000,9785,128,3,71,False,0,car,2561.712499999999,0.475585745926033,426.3619862555011,1585.4326470458682,142.00000000005502,car,0 days 01:16:58.769000
2024-04-21 07:25:17.642,0 days 01:16:58.969000,0 days 00:00:52.487000,10043,133,3,74,False,0,car,2569.1013888888883,0.4769575041673606,462.4624254882619,1660.1627677067083,141.99999999999307,car,0 days 01:16:58.969000
2024-04-21 07:25:18.002,0 days 01:16:59.329000,0 days 00:00:52.847000,8973,141,3,77,False,0,car,2583.2013888888882,0.47957519019479616,508.98617565714295,1786.8143425787946,142.00000000000048,car,0 days 01:16:59.329000
2024-04-21 07:25:18.162,0 days 01:16:59.489000,0 days 00:00:53.007000,9113,146,4,77,False,0,car,2589.690277777777,0.4807798620939469,522.9814225232079,1843.5453185961628,141.99999999999994,car,0 days 01:16:59.489000
2024-04-21 07:25:18.442,0 days 01:16:59.769000,0 days 00:00:53.287000,9543,153,4,78,False,0,car,2601.590277777777,0.48298911484050605,539.4453991473555,1958.8400051580015,142.00000000000003,car,0 days 01:16:59.769000
2024-04-21 07:25:18.802,0 days 01:17:00.129000,0 days 00:00:53.647000,10172,160,4,84,False,0,car,2617.590277777777,0.48595953870142583,531.4061638555781,2118.801448010883,142.0,car,0 days 01:17:00.129000
2024-04-21 07:25:19.122,0 days 01:17:00.449000,0 days 00:00:53.967000,10718,165,4,90,False,0,car,2632.2569444444434,0.4886824272406023,490.830604048543,2293.1440255851826,141.99999999999997,car,0 days 01:17:00.449000
2024-04-21 07:25:19.602,0 days 01:17:00.929000,0 days 00:00:54.447000,11520,181,4,100,False,0,car,2656.390277777777,0.4931628165641564,401.6705119094467,2514.6347777865776,142.0,car,0 days 01:17:00.929000
2024-04-21 07:25:19.762,0 days 01:17:01.089000,0 days 00:00:54.607000,11856,190,4,100,False,0,car,2664.8347222222214,0.49473054026853075,349.60128765099086,2612.9009013724885,142.0,car,0 days 01:17:01.089000
2024-04-21 07:25:20.002,0 days 01:17:01.329000,0 days 00:00:54.847000,10758,196,4,100,False,0,car,2677.901388888888,0.49715638642161525,292.7332979129482,2713.364147338224,142.0,car,0 days 01:17:01.329000
2024-04-21 07:25:20.202,0 days 01:17:01.529000,0 days 00:00:55.047000,10687,202,5,100,False,0,car,2689.12361111111,0.4992398087129548,248.301420416652,2783.529251820519,142.00000000000003,car,0 days 01:17:01.529000
2024-04-21 07:25:20.402,0 days 01:17:01.729000,0 days 00:00:55.247000,10781,207,5,100,False,0,car,2700.62361111111,0.5013748008629909,176.62568540998734,2894.8819681677605,141.99999999999997,car,0 days 01:17:01.729000
2024-04-21 07:25:20.882,0 days 01:17:02.209000,0 days 00:00:55.727000,11441,220,5,100,False,0,car,2729.9569444444433,0.5068205779413438,30.541180932079385,3121.8334789233704,141.99999999999997,car,0 days 01:17:02.209000
2024-04-21 07:25:21.282,0 days 01:17:02.609000,0 days 00:00:56.127000,11876,229,5,100,False,0,car,2755.401388888888,0.5115443769979455,-97.41398918498275,3325.0784981600555,142.00000000000003,car,0 days 01:17:02.609000
2024-04-21 07:25:21.602,0 days 01:17:02.929000,0 days 00:00:56.447000,11485,234,5,100,False,0,car,2776.2013888888882,0.5154059280171414,-201.13874523018828,3492.4903731941895,142.00000000000028,car,0 days 01:17:02.929000
2024-04-21 07:25:21.922,0 days 01:17:03.249000,0 days 00:00:56.767000,10898,241,6,100,False,0,car,2797.6236111111107,0.5193829955198174,-308.6790788789108,3668.2650926378174,141.99999999999096,car,0 days 01:17:03.249000
2024-04-21 07:25:22.282,0 days 01:17:03.609000,0 days 00:00:57.127000,11168,247,6,100,False,0,car,2822.3236111111105,0.5239685873551122,-460.00113300095273,3918.0612522299625,142.00000000009496,car,0 days 01:17:03.609000
2024-04-21 07:25:22.601,0 days 01:17:03.928000,0 days 00:00:57.446000,11379,251,6,100,False,0,car,2844.564999999999,0.5280977343710842,-599.6157705610593,4152.572069661607,141.99999999878884,car,0 days 01:17:03.928000
2024-04-21 07:25:22.921,0 days 01:17:04.248000,0 days 00:00:57.766000,11447,257,6,100,False,0,car,2867.4094444444436,0.5323388395502864,-668.0869401476766,4268.061260741161,142.00000000348552,car,0 days 01:17:04.248000
2024-04-21 07:25:23.121,0 days 01:17:04.448000,0 days 00:00:57.966000,11534,259,6,100,False,0,car,2881.7983333333327,0.5350101582307664,-731.3607816182848,4377.695921111896,141.9999999793639,car,0 days 01:17:04.448000
2024-04-21 07:25:23.361,0 days 01:17:04.688000,0 days 00:00:58.206000,11743,261,6,100,False,0,car,2899.198333333333,0.5382404941795167,-832.3496615110009,4554.170022051254,142.00000004075176,car,0 days 01:17:04.688000
2024-04-21 07:25:23.521,0 days 01:17:04.848000,0 days 00:00:58.366000,11743,263,6,100,False,0,car,2910.887222222221,0.5404105538334664,-888.9768863610919,4653.837072144108,142.0000000517516,car,0 days 01:17:04.848000
2024-04-21 07:25:23.761,0 days 01:17:05.088000,0 days 00:00:58.606000,11950,265,6,100,False,0,car,2928.553888888888,0.5436903968465654,-993.8908305183771,4840.051805212463,141.99999969990907,car,0 days 01:17:05.088000
2024-04-21 07:25:24.122,0 days 01:17:05.449000,0 days 00:00:58.967000,11638,268,6,0,False,0,car,2955.4283333333324,0.5486796775357367,-1151.3212968002579,5124.674287380232,141.99997599315844,car,0 days 01:17:05.449000
2024-04-21 07:25:24.402,0 days 01:17:05.729000,0 days 00:00:59.247000,11292,263,6,0,True,0,car,2975.883888888888,0.5524772819301488,-1212.0327664286715,5234.470828820289,142.00011756110254,car,0 days 01:17:05.729000
2024-04-21 07:25:24.842,0 days 01:17:06.169000,0 days 00:00:59.687000,9978,203,6,0,True,0,car,3000.6949999999993,0.5570835017089223,-1354.7732677999886,5491.488449580091,142.0015464603998,car,0 days 01:17:06.169000
2024-04-21 07:25:25.002,0 days 01:17:06.329000,0 days 00:00:59.847000,10223,203,6,0,True,0,car,3009.7172222222216,0.5587584907193854,-1418.5939219295203,5605.106449199681,141.99481318964393,car,0 days 01:17:06.329000
2024-04-21 07:25:25.282,0 days 01:17:06.609000,0 days 00:01:00.127000,9795,175,4,0,True,0,car,3023.328333333333,0.5612854137955152,-1470.2498895554481,5694.388659867433,141.92095665205173,car,0 days 01:17:06.609000
2024-04-21 07:25:25.562,0 days 01:17:06.889000,0 days 00:01:00.407000,9985,140,3,0,True,0,car,3034.2172222222216,0.5633069522564189,-1512.9181636610792,5761.570422611621,142.2013869272018,car,0 days 01:17:06.889000
2024-04-21 07:25:25.802,0 days 01:17:07.129000,0 days 00:01:00.647000,8824,130,3,0,True,0,car,3042.883888888888,0.5649159318477505,-1557.6440305927097,5824.994152660929,143.28643424922944,car,0 days 01:17:07.129000
2024-04-21 07:25:26.202,0 days 01:17:07.529000,0 days 00:01:01.047000,7601,114,3,0,True,0,car,3055.5505555555546,0.5672675174043119,-1642.7782881630021,5913.81373610536,145.9956224005826,car,0 days 01:17:07.529000
2024-04-21 07:25:26.402,0 days 01:17:07.729000,0 days 00:01:01.247000,7401,107,3,0,True,0,car,3061.494999999999,0.5683711123804175,-1689.4867190090706,5946.652941522189,146.89512618637826,car,0 days 01:17:07.729000
2024-04-21 07:25:26.642,0 days 01:17:07.969000,0 days 00:01:01.487000,6796,98,3,0,True,0,car,3068.0283333333323,0.5695840354569598,-1774.9003269406955,5982.15593900617,148.06957117853793,car,0 days 01:17:07.969000
2024-04-21 07:25:26.842,0 days 01:17:08.169000,0 days 00:01:01.687000,6457,93,3,0,True,0,car,3073.194999999999,0.5705432348287152,-1809.1102567220382,5992.307988615368,148.3336668610824,car,0 days 01:17:08.169000
2024-04-21 07:25:27.242,0 days 01:17:08.569000,0 days 00:01:02.087000,6164,86,3,1,False,0,car,3082.7505555555545,0.5723172379678756,-1890.7635070868814,5991.028066831348,150.99268573635626,car,0 days 01:17:08.569000
2024-04-21 07:25:27.402,0 days 01:17:08.729000,0 days 00:01:02.247000,6202,84,3,1,False,0,car,3086.4838888888876,0.5730103368687568,-1924.7975422930078,5984.055567702,151.99147372306288,car,0 days 01:17:08.729000
2024-04-21 07:25:27.602,0 days 01:17:08.929000,0 days 00:01:02.447000,6160,84,3,17,False,0,car,3091.150555555554,0.5738767104948584,-1964.8061519516912,5970.51096042194,154.18097728136564,car,0 days 01:17:08.929000
2024-04-21 07:25:27.882,0 days 01:17:09.209000,0 days 00:01:02.727000,6329,83,3,43,False,0,car,3097.6061111111094,0.5750751940109656,-2021.0559814540225,5943.370829150415,155.86904608271306,car,0 days 01:17:09.209000
2024-04-21 07:25:28.042,0 days 01:17:09.369000,0 days 00:01:02.887000,6340,85,3,54,False,0,car,3101.383888888887,0.5757765440892383,-2052.18605037371,5922.700472142341,157.08654585778166,car,0 days 01:17:09.369000
2024-04-21 07:25:28.362,0 days 01:17:09.689000,0 days 00:01:03.207000,7151,88,3,61,False,0,car,3109.2061111111093,0.5772287513101324,-2113.34410787064,5871.359102971191,159.3312236458987,car,0 days 01:17:09.689000
2024-04-21 07:25:28.682,0 days 01:17:10.009000,0 days 00:01:03.527000,7319,98,3,65,False,0,car,3117.9172222222205,0.5788459820788554,-2190.9031141923906,5798.180812502082,161.8566692474451,car,0 days 01:17:10.009000
2024-04-21 07:25:28.962,0 days 01:17:10.289000,0 days 00:01:03.807000,7657,106,3,6,False,0,car,3126.161666666665,0.5803765754849683,-2230.510762526848,5768.702484027579,163.73310836154187,car,0 days 01:17:10.289000
2024-04-21 07:25:29.162,0 days 01:17:10.489000,0 days 00:01:04.007000,7220,105,3,3,False,0,car,3131.9949999999985,0.5814595425175954,-2276.2329484733414,5738.747067313367,165.84347412366753,car,0 days 01:17:10.489000
2024-04-21 07:25:29.361,0 days 01:17:10.688000,0 days 00:01:04.206000,7231,102,3,1,False,0,car,3137.633333333332,0.5825063075094175,-2324.7464917773746,5714.1108089071095,166.99468564759528,car,0 days 01:17:10.688000
2024-04-21 07:25:29.521,0 days 01:17:10.848000,0 days 00:01:04.366000,7231,101,3,0,False,0,car,3142.1222222222204,0.5833396764259532,-2365.7549983815998,5698.086374877182,167.99207483249742,car,0 days 01:17:10.848000
2024-04-21 07:25:30.041,0 days 01:17:11.368000,0 days 00:01:04.886000,6763,96,3,0,False,0,car,3155.988888888887,0.5859140437720837,-2544.0641902131133,5685.544319914935,173.1278427646664,car,0 days 01:17:11.368000
2024-04-21 07:25:30.402,0 days 01:17:11.729000,0 days 00:01:05.247000,7149,93,3,50,False,0,car,3165.31472222222,0.5876453986381021,-2622.0075395215285,5701.907557577183,174.1025734516505,car,0 days 01:17:11.729000
2024-04-21 07:25:30.642,0 days 01:17:11.969000,0 days 00:01:05.487000,7472,97,3,52,False,0,pos,3171.781388888887,0.5888459449485571,-2685.0,5726.0,174.0,car,0 days 01:17:11.969000
2024-04-21 07:25:31.002,0 days 01:17:12.329000,0 days 00:01:05.847000,7906,102,3,52,False,0,car,3181.9813888888866,0.5907395901598935,-2778.8849852380267,5782.637942124692,174.0894817014224,car,0 days 01:17:12.329000
2024-04-21 07:25:31.242,0 days 01:17:12.569000,0 days 00:01:06.087000,8092,106,3,57,False,0,car,3189.0480555555537,0.5920515273651331,-2814.8900384404906,5812.746490470166,173.60612654810626,car,0 days 01:17:12.569000
2024-04-21 07:25:31.442,0 days 01:17:12.769000,0 days 00:01:06.287000,8407,111,3,59,False,0,pos,3195.2147222222206,0.593196378228196,-2863.0,5862.0,173.0,car,0 days 01:17:12.769000
2024-04-21 07:25:31.682,0 days 01:17:13.009000,0 days 00:01:06.527000,8983,115,3,61,False,0,car,3202.881388888887,0.59461970632822,-2928.7811990700484,5954.810466201791,172.98337011132674,car,0 days 01:17:13.009000
2024-04-21 07:25:31.882,0 days 01:17:13.209000,0 days 00:01:06.727000,9375,119,3,65,False,0,car,3209.4924999999985,0.5958470689651973,-2948.466078618801,5991.091481150794,172.48502904817948,car,0 days 01:17:13.209000
2024-04-21 07:25:32.282,0 days 01:17:13.609000,0 days 00:01:07.127000,9934,127,3,69,False,0,car,3223.6036111111093,0.5984668177869807,-2992.222032362341,6106.688112229956,170.94163524177432,car,0 days 01:17:13.609000
2024-04-21 07:25:32.442,0 days 01:17:13.769000,0 days 00:01:07.287000,10114,135,3,70,False,0,car,3229.60361111111,0.5995807267348258,-3005.92919793569,6163.633736022123,170.99920405793148,car,0 days 01:17:13.769000
2024-04-21 07:25:32.642,0 days 01:17:13.969000,0 days 00:01:07.487000,8714,136,3,74,False,0,car,3237.159166666665,0.6009834268913712,-3016.820806324776,6238.419601547654,170.9370316854641,car,0 days 01:17:13.969000
2024-04-21 07:25:32.842,0 days 01:17:14.169000,0 days 00:01:07.687000,9056,144,4,74,False,0,car,3245.159166666665,0.6024686388218311,-3021.1676826677444,6312.987177262786,169.75080775257294,car,0 days 01:17:14.169000
2024-04-21 07:25:33.002,0 days 01:17:14.329000,0 days 00:01:07.847000,9208,146,4,74,False,0,car,3251.6480555555536,0.6036733107209818,-3018.406994628089,6376.659344315539,168.9464696513127,car,0 days 01:17:14.329000
2024-04-21 07:25:33.282,0 days 01:17:14.609000,0 days 00:01:08.127000,9671,152,4,78,False,0,car,3263.4702777777757,0.6058681239071059,-2999.53368397749,6495.1428828079615,169.03273722787657,car,0 days 01:17:14.609000
2024-04-21 07:25:33.522,0 days 01:17:14.849000,0 days 00:01:08.367000,9946,159,4,79,False,0,car,3274.070277777776,0.6078360297149653,-2961.0598423980746,6614.700542139275,168.09793553890898,car,0 days 01:17:14.849000
2024-04-21 07:25:34.882,0 days 01:17:16.209000,0 days 00:01:09.727000,9695,185,5,80,False,0,car,3343.9591666666647,0.6208110061630109,-2540.296848389353,7068.657920259378,163.1242290438276,car,0 days 01:17:16.209000
2024-04-21 07:25:35.122,0 days 01:17:16.449000,0 days 00:01:09.967000,9959,190,5,82,False,0,car,3356.6258333333312,0.6231625917195723,-2431.2016171764712,7117.93425842106,161.9514687896545,car,0 days 01:17:16.449000
2024-04-21 07:25:35.282,0 days 01:17:16.609000,0 days 00:01:10.127000,10122,191,5,85,False,0,car,3365.11472222222,0.6247385666013381,-2348.571853241973,7146.029073557506,161.90696615457472,car,0 days 01:17:16.609000
2024-04-21 07:25:35.482,0 days 01:17:16.809000,0 days 00:01:10.327000,10369,194,5,89,False,0,car,3375.8924999999977,0.6267394771187632,-2236.935960869668,7169.385216062641,160.70185859704492,car,0 days 01:17:16.809000
2024-04-21 07:25:35.882,0 days 01:17:17.209000,0 days 00:01:10.727000,10815,203,5,94,False,0,car,3398.4480555555533,0.630926949644921,-1906.0276386177718,7185.237468831255,158.4695049770857,car,0 days 01:17:17.209000
2024-04-21 07:25:36.041,0 days 01:17:17.368000,0 days 00:01:10.886000,10938,207,5,100,False,0,car,3407.590555555553,0.6326242684041996,-1838.4761872469962,7173.091772383052,158.00491097241476,car,0 days 01:17:17.368000
2024-04-21 07:25:36.241,0 days 01:17:17.568000,0 days 00:01:11.086000,11100,213,5,100,False,0,car,3419.4238888888863,0.6348211443846716,-1731.483698059803,7149.054363428412,156.76254207006033,car,0 days 01:17:17.568000
2024-04-21 07:25:36.561,0 days 01:17:17.888000,0 days 00:01:11.406000,11472,219,5,100,False,0,car,3438.8905555555534,0.6384351600821241,-1533.6870854625445,7080.003340167383,155.11355965532414,car,0 days 01:17:17.888000
2024-04-21 07:25:36.881,0 days 01:17:18.208000,0 days 00:01:11.726000,11720,225,5,100,False,0,car,3458.890555555553,0.6421481899082738,-1376.8947483968375,6998.576528447615,153.23923581931467,car,0 days 01:17:18.208000
2024-04-21 07:25:37.082,0 days 01:17:18.409000,0 days 00:01:11.927000,11970,229,5,100,False,0,car,3471.676388888887,0.6445218989342162,-1276.505462495268,6930.809617801288,152.1082256427993,car,0 days 01:17:18.409000
2024-04-21 07:25:37.402,0 days 01:17:18.729000,0 days 00:01:12.247000,10858,234,5,100,False,0,car,3492.4763888888865,0.6483834499534119,-1124.661839166447,6802.03441905524,150.99362140076113,car,0 days 01:17:18.729000
2024-04-21 07:25:37.602,0 days 01:17:18.929000,0 days 00:01:12.447000,10842,237,6,100,False,0,car,3505.6430555555535,0.6508278612556272,-1042.1175570025796,6716.657822023268,150.83792024519045,car,0 days 01:17:18.929000
2024-04-21 07:25:37.802,0 days 01:17:19.129000,0 days 00:01:12.647000,10925,240,6,100,False,0,car,3518.976388888887,0.6533032144730604,-950.9083371245584,6603.247944657152,149.86227651895283,car,0 days 01:17:19.129000
2024-04-21 07:25:38.242,0 days 01:17:19.569000,0 days 00:01:13.087000,11308,249,6,100,False,0,car,3549.4097222222204,0.6589532081918517,-784.3595479458676,6361.375157164687,149.21759177003656,car,0 days 01:17:19.569000
2024-04-21 07:25:38.522,0 days 01:17:19.849000,0 days 00:01:13.367000,11364,253,6,100,False,0,car,3569.0874999999983,0.6626064169819135,-693.8146417255595,6217.66736963339,148.92046799592003,car,0 days 01:17:19.849000
2024-04-21 07:25:38.722,0 days 01:17:20.049000,0 days 00:01:13.567000,11492,257,6,100,False,0,car,3583.365277777775,0.6652571077189147,-625.4594482344512,6108.123021981168,149.103272884872,car,0 days 01:17:20.049000
2024-04-21 07:25:39.082,0 days 01:17:20.409000,0 days 00:01:13.927000,11722,262,6,100,False,0,car,3609.5652777777764,0.6701211767911711,-428.513644694885,5792.866353525975,147.74177707062037,car,0 days 01:17:20.409000
2024-04-21 07:25:39.242,0 days 01:17:20.569000,0 days 00:01:14.087000,11857,264,6,100,False,0,car,3621.2986111111095,0.6722994876225122,-386.5986545527845,5725.412277392279,147.41238809770363,car,0 days 01:17:20.569000
2024-04-21 07:25:39.442,0 days 01:17:20.769000,0 days 00:01:14.287000,10457,267,7,100,False,0,car,3636.131944444443,0.6750533180769066,-349.81752523824485,5667.0909608468855,147.0652507866578,car,0 days 01:17:20.769000
2024-04-21 07:25:39.682,0 days 01:17:21.009000,0 days 00:01:14.527000,10829,269,7,100,False,0,pos,3654.065277777776,0.6783826681543542,-258.0,5524.0,146.0,car,0 days 01:17:21.009000
2024-04-21 07:25:40.122,0 days 01:17:21.449000,0 days 00:01:14.967000,10994,275,7,100,False,0,car,3687.676388888887,0.6846226210566336,-77.84190213627777,5239.673449967035,144.59534223772746,car,0 days 01:17:21.449000
2024-04-21 07:25:40.402,0 days 01:17:21.729000,0 days 00:01:15.247000,11112,277,7,100,False,0,car,3709.2208333333315,0.6886223792971361,27.17693237780887,5069.852546995873,143.1393424103251,car,0 days 01:17:21.729000
2024-04-21 07:25:40.642,0 days 01:17:21.969000,0 days 00:01:15.487000,11150,280,7,100,False,0,car,3727.8874999999975,0.6920878738015425,158.0657594745655,4862.187391323878,142.1104703297936,car,0 days 01:17:21.969000
2024-04-21 07:25:40.922,0 days 01:17:22.249000,0 days 00:01:15.767000,11285,284,7,100,False,0,car,3749.9763888888865,0.6961887089650901,245.74554836463835,4722.103469135292,141.97320071441473,car,0 days 01:17:22.249000
2024-04-21 07:25:41.362,0 days 01:17:22.689000,0 days 00:01:16.207000,11414,287,7,100,False,0,car,3785.054166666664,0.7027009507212871,416.71609491731385,4448.263015626414,142.16109129912314,car,0 days 01:17:22.689000
2024-04-21 07:25:41.522,0 days 01:17:22.849000,0 days 00:01:16.367000,11486,288,7,100,False,0,car,3797.854166666665,0.7050772898100232,481.3982374241365,4345.076216825769,142.06003635414066,car,0 days 01:17:22.849000
2024-04-21 07:25:41.962,0 days 01:17:23.289000,0 days 00:01:16.807000,11533,291,7,100,False,0,car,3833.4208333333318,0.7116802945175261,715.9200043157191,3971.190460786895,141.03930240963308,car,0 days 01:17:23.289000
2024-04-21 07:25:42.282,0 days 01:17:23.609000,0 days 00:01:17.127000,11599,292,7,100,False,0,car,3859.3763888888866,0.7164989821141292,797.8213296563813,3842.0421566858868,142.0222914982457,car,0 days 01:17:23.609000
2024-04-21 07:25:42.442,0 days 01:17:23.769000,0 days 00:01:17.287000,11555,293,7,100,False,0,car,3872.39861111111,0.7189165770898225,870.9676743502907,3724.4573672370148,141.94780048580526,car,0 days 01:17:23.769000
2024-04-21 07:25:42.642,0 days 01:17:23.969000,0 days 00:01:17.487000,11625,294,7,100,False,0,car,3888.7319444444424,0.721948884781178,999.1956516711288,3521.17417635905,141.39402263101366,car,0 days 01:17:23.969000
2024-04-21 07:25:42.921,0 days 01:17:24.248000,0 days 00:01:17.766000,10818,295,7,100,False,0,car,3911.5944444444435,0.7261933420011957,1113.4843819544747,3340.742230768875,140.8694474758943,car,0 days 01:17:24.248000
2024-04-21 07:25:43.081,0 days 01:17:24.408000,0 days 00:01:17.926000,10647,296,8,100,False,0,car,3924.7499999999986,0.728635690509063,1145.7175211301685,3289.452345443973,140.99771179704612,car,0 days 01:17:24.408000
2024-04-21 07:25:43.401,0 days 01:17:24.728000,0 days 00:01:18.246000,10657,297,8,100,False,0,car,3951.1499999999983,0.7335368898795805,1281.6127818867435,3071.768070716424,142.06576448970563,car,0 days 01:17:24.728000
2024-04-21 07:25:43.562,0 days 01:17:24.889000,0 days 00:01:18.407000,10694,298,8,100,False,0,car,3964.4772222222205,0.7360111085601224,1370.304778400111,2931.228158252612,142.05434728837207,car,0 days 01:17:24.889000
2024-04-21 07:25:43.762,0 days 01:17:25.089000,0 days 00:01:18.607000,10685,299,8,100,False,0,car,3981.088333333332,0.7390949861101747,1469.6126261754466,2775.1470757887146,141.62295403948914,car,0 days 01:17:25.089000
2024-04-21 07:25:44.002,0 days 01:17:25.329000,0 days 00:01:18.847000,10723,299,8,100,False,0,pos,4001.0216666666647,0.7427956391702372,1568.0,2621.0,141.0,car,0 days 01:17:25.329000
2024-04-21 07:25:44.162,0 days 01:17:25.489000,0 days 00:01:19.007000,10739,300,8,100,False,0,car,4014.354999999999,0.7452709923876705,1622.12981875925,2534.98899701476,140.9518707675239,car,0 days 01:17:25.489000
2024-04-21 07:25:44.322,0 days 01:17:25.649000,0 days 00:01:19.167000,10756,301,8,100,False,0,car,4027.7327777777764,0.747754596782495,1677.548777147356,2446.7086253397347,141.03810378742313,car,0 days 01:17:25.649000
2024-04-21 07:25:45.442,0 days 01:17:26.769000,0 days 00:01:20.287000,10854,304,8,100,False,0,car,4122.310555555555,0.7653131022714877,2181.266846156074,1649.7479598045802,142.00468687126073,car,0 days 01:17:26.769000
2024-04-21 07:25:45.642,0 days 01:17:26.969000,0 days 00:01:20.487000,10857,305,8,100,False,0,car,4139.254999999998,0.7684588636519756,2263.253005187066,1520.865320017426,141.99807416772268,car,0 days 01:17:26.969000
2024-04-21 07:25:45.922,0 days 01:17:27.249000,0 days 00:01:20.767000,10883,306,8,100,False,0,car,4163.0549999999985,0.7728773691450939,2435.1165254183643,1251.4109700949437,142.0001844753181,car,0 days 01:17:27.249000
2024-04-21 07:25:46.202,0 days 01:17:27.529000,0 days 00:01:21.047000,10923,306,8,100,False,0,car,4186.854999999999,0.777295874638212,2558.1621177918773,1057.5264648558593,141.99995116708055,car,0 days 01:17:27.529000
2024-04-21 07:25:46.362,0 days 01:17:27.689000,0 days 00:01:21.207000,10929,307,8,100,False,0,car,4200.499444444443,0.7798289860973853,2593.032879402353,1001.280250780608,142.0000034668918,car,0 days 01:17:27.689000
2024-04-21 07:25:46.682,0 days 01:17:28.009000,0 days 00:01:21.527000,10947,307,8,100,False,0,car,4227.788333333332,0.784895209015732,2750.0006528833023,751.1953850654496,141.99999874978155,car,0 days 01:17:28.009000
2024-04-21 07:25:46.842,0 days 01:17:28.169000,0 days 00:01:21.687000,10947,308,8,100,False,0,car,4241.477222222221,0.7874365716522966,2839.578136919292,612.1132087387638,141.99999984833923,car,0 days 01:17:28.169000
2024-04-21 07:25:47.202,0 days 01:17:28.529000,0 days 00:01:22.047000,11003,308,8,100,False,0,car,4272.277222222221,0.7931546375845673,2981.1511800317976,394.16238123732865,142.00000004035502,car,0 days 01:17:28.529000
2024-04-21 07:25:47.442,0 days 01:17:28.769000,0 days 00:01:22.287000,10952,309,8,100,False,0,car,4292.8772222222215,0.7969790583055016,3088.8594626592026,226.1866833837196,142.0000000019077,car,0 days 01:17:28.769000
2024-04-21 07:25:47.682,0 days 01:17:29.009000,0 days 00:01:22.527000,11023,309,8,100,False,0,car,4313.477222222221,0.8008034790264358,3200.2944906291964,53.75191167377427,141.9999999990946,car,0 days 01:17:29.009000
2024-04-21 07:25:48.122,0 days 01:17:29.449000,0 days 00:01:22.967000,11034,310,8,100,False,0,car,4351.36611111111,0.8078376077526417,3407.7337688857615,-268.6794893962593,141.99999999917583,car,0 days 01:17:29.449000
2024-04-21 07:25:48.322,0 days 01:17:29.649000,0 days 00:01:23.167000,11043,310,8,100,False,0,car,4368.588333333332,0.8110349389918262,3496.0728012349778,-404.8828822761352,142.0000000044514,car,0 days 01:17:29.649000
2024-04-21 07:25:48.602,0 days 01:17:29.929000,0 days 00:01:23.447000,11033,311,8,100,False,0,car,4392.777222222221,0.8155256422871197,3639.7512540547596,-626.6614730750476,141.9999999820923,car,0 days 01:17:29.929000
2024-04-21 07:25:48.842,0 days 01:17:30.169000,0 days 00:01:23.687000,11109,311,8,100,False,0,car,4413.510555555554,0.819374816540228,3829.431208921038,-923.0273507234856,142.0000005441516,car,0 days 01:17:30.169000
2024-04-21 07:25:49.042,0 days 01:17:30.369000,0 days 00:01:23.887000,11034,311,8,100,False,0,car,4430.788333333332,0.822582461751152,3932.6269362518187,-1081.7301210557232,142.0000016370662,car,0 days 01:17:30.369000
2024-04-21 07:25:49.242,0 days 01:17:30.569000,0 days 00:01:24.087000,11060,311,8,100,False,0,car,4448.06611111111,0.8257901069620759,4035.8583740375057,-1241.4728660389173,141.99999855507318,car,0 days 01:17:30.569000
2024-04-21 07:25:49.401,0 days 01:17:30.728000,0 days 00:01:24.246000,11130,311,8,100,False,0,car,4461.801944444443,0.8283401849047601,4122.783541976315,-1376.9345476835147,141.99999431769018,car,0 days 01:17:30.728000
2024-04-21 07:25:49.601,0 days 01:17:30.928000,0 days 00:01:24.446000,11081,311,8,100,False,0,car,4479.079722222221,0.831547830115684,4219.554818227433,-1525.3886972470004,142.00001428973235,car,0 days 01:17:30.928000
2024-04-21 07:25:49.961,0 days 01:17:31.288000,0 days 00:01:24.806000,11124,312,8,100,False,0,car,4510.279722222221,0.8373401566444776,4371.805141156784,-1759.668847702103,141.9999418585417,car,0 days 01:17:31.288000
2024-04-21 07:25:50.122,0 days 01:17:31.449000,0 days 00:01:24.967000,11089,312,8,100,False,0,car,4524.2330555555545,0.8399306137865216,4494.585972627808,-1948.117658191361,142.0005633500335,car,0 days 01:17:31.449000
2024-04-21 07:25:50.402,0 days 01:17:31.729000,0 days 00:01:25.247000,10969,310,8,39,False,0,car,4548.344166666666,0.8444068775213799,4617.658113621841,-2135.518478062445,141.99092321012625,car,0 days 01:17:31.729000
2024-04-21 07:25:50.802,0 days 01:17:32.129000,0 days 00:01:25.647000,10395,300,8,0,True,0,car,4581.6775,0.8505952605649629,4749.788556369651,-2334.0615934780985,141.98586759993236,car,0 days 01:17:32.129000
2024-04-21 07:25:51.202,0 days 01:17:32.529000,0 days 00:01:26.047000,9205,253,8,0,True,0,car,4609.78861111111,0.855814130265051,4906.594403476607,-2565.8306391117667,143.13839155371733,car,0 days 01:17:32.529000
2024-04-21 07:25:51.442,0 days 01:17:32.769000,0 days 00:01:26.287000,9485,216,8,0,True,0,car,4624.188611111111,0.858487511739879,4987.351578479994,-2686.484616205864,142.98937891657602,car,0 days 01:17:32.769000
2024-04-21 07:25:51.762,0 days 01:17:33.089000,0 days 00:01:26.607000,9662,189,6,0,True,0,car,4640.98861111111,0.8616064567938446,5095.916962318143,-2847.831366588359,143.0026196916476,car,0 days 01:17:33.089000
2024-04-21 07:25:51.922,0 days 01:17:33.249000,0 days 00:01:26.767000,10146,167,5,0,True,0,car,4648.410833333332,0.8629844034182158,5139.631301300932,-2912.681438494201,142.99883824662325,car,0 days 01:17:33.249000
2024-04-21 07:25:52.202,0 days 01:17:33.529000,0 days 00:01:27.047000,10448,155,4,0,True,0,car,4660.466388888888,0.8652225352856451,5186.153468824755,-2983.08148664698,143.0001778484443,car,0 days 01:17:33.529000
2024-04-21 07:25:52.442,0 days 01:17:33.769000,0 days 00:01:27.287000,9410,134,3,0,True,0,car,4669.3997222222215,0.8668810219413252,5237.923359327395,-3062.76797650301,143.00001194400167,car,0 days 01:17:33.769000
2024-04-21 07:25:52.602,0 days 01:17:33.929000,0 days 00:01:27.447000,10530,129,3,0,True,0,car,4675.133055555555,0.8679454238248215,5268.701003538155,-3109.6768139648084,142.99999483444952,car,0 days 01:17:33.929000
2024-04-21 07:25:53.082,0 days 01:17:34.409000,0 days 00:01:27.927000,8496,103,2,0,True,0,car,4688.866388888889,0.8704950376387778,5345.66614806639,-3235.650260347789,142.99999624642032,car,0 days 01:17:34.409000
2024-04-21 07:25:53.442,0 days 01:17:34.769000,0 days 00:01:28.287000,7205,87,2,0,True,0,car,4697.5663888888885,0.8721102056131529,5388.609339536676,-3331.616855259692,142.999701099831,car,0 days 01:17:34.769000
2024-04-21 07:25:53.642,0 days 01:17:34.969000,0 days 00:01:28.487000,6733,80,2,0,True,0,car,4702.010833333333,0.8729353233522973,5393.680244492075,-3356.1638004761658,143.00017592317778,car,0 days 01:17:34.969000
2024-04-21 07:25:53.922,0 days 01:17:35.249000,0 days 00:01:28.767000,5995,71,2,0,True,0,car,4707.533055555555,0.8739605321431841,5400.766859292783,-3420.608574012475,142.99352511512183,car,0 days 01:17:35.249000
2024-04-21 07:25:54.082,0 days 01:17:35.409000,0 days 00:01:28.927000,5605,70,2,0,True,0,car,4710.644166666666,0.8745381145605853,5398.578263804483,-3467.6296179192855,142.9910325727283,car,0 days 01:17:35.409000
2024-04-21 07:25:54.522,0 days 01:17:35.849000,0 days 00:01:29.367000,5604,62,2,0,False,0,car,4718.221944444444,0.8759449403058264,5386.27534771022,-3516.9663771309793,142.81520727657875,car,0 days 01:17:35.849000
2024-04-21 07:25:54.682,0 days 01:17:36.009000,0 days 00:01:29.527000,5405,62,2,0,False,0,car,4720.977499999999,0.8764565133040959,5373.155696951793,-3545.5640075794067,142.23988257757117,car,0 days 01:17:36.009000
2024-04-21 07:25:54.882,0 days 01:17:36.209000,0 days 00:01:29.727000,5067,60,2,0,False,0,car,4724.310833333332,0.8770753516084541,5354.919236445888,-3572.686521315747,141.74691309703246,car,0 days 01:17:36.209000
2024-04-21 07:25:55.322,0 days 01:17:36.649000,0 days 00:01:30.167000,5680,60,2,29,False,0,car,4731.644166666665,0.8784367958780424,5300.889572529097,-3607.778556677901,143.08502808311562,car,0 days 01:17:36.649000
2024-04-21 07:25:55.762,0 days 01:17:37.089000,0 days 00:01:30.607000,6174,65,2,49,False,0,car,4739.5886111111095,0.8799116938367629,5209.636768131244,-3625.35620700646,143.00279234780467,car,0 days 01:17:37.089000
2024-04-21 07:25:56.002,0 days 01:17:37.329000,0 days 00:01:30.847000,6598,69,2,52,False,0,car,4744.188611111109,0.8807656906967772,5182.478205345626,-3626.9756367935524,143.0058411057811,car,0 days 01:17:37.329000
2024-04-21 07:25:56.201,0 days 01:17:37.528000,0 days 00:01:31.046000,7220,71,2,55,False,0,car,4748.113333333331,0.8814943212303004,5141.046903779016,-3619.7926622232526,142.99944637152882,car,0 days 01:17:37.528000
2024-04-21 07:25:56.561,0 days 01:17:37.888000,0 days 00:01:31.406000,8540,85,2,61,False,0,car,4756.613333333331,0.883072358906414,5003.265600770377,-3568.2093904963904,143.0034055484873,car,0 days 01:17:37.888000
2024-04-21 07:25:56.762,0 days 01:17:38.089000,0 days 00:01:31.607000,8845,90,2,62,False,0,pos,4761.638333333331,0.8840052576502341,4939.0,-3532.0,143.0,car,0 days 01:17:38.089000
2024-04-21 07:25:56.922,0 days 01:17:38.249000,0 days 00:01:31.767000,9179,97,2,62,False,0,car,4765.949444444442,0.8848056218572041,4921.256722735034,-3520.703151640188,142.98554595501517,car,0 days 01:17:38.249000
2024-04-21 07:25:57.122,0 days 01:17:38.449000,0 days 00:01:31.967000,9770,104,2,74,False,0,car,4771.72722222222,0.885878274918092,4897.395163624913,-3501.7485928273845,143.02295212165774,car,0 days 01:17:38.449000
2024-04-21 07:25:57.522,0 days 01:17:38.849000,0 days 00:01:32.367000,11314,122,2,86,False,0,car,4785.282777777776,0.8883948840224823,4761.209542319325,-3386.6273243027495,142.2004100224419,car,0 days 01:17:38.849000
2024-04-21 07:25:57.762,0 days 01:17:39.089000,0 days 00:01:32.607000,10605,132,3,95,False,0,car,4794.082777777776,0.8900286171459882,4716.943297210129,-3346.6949215007585,141.9316171743625,car,0 days 01:17:39.089000
2024-04-21 07:25:57.962,0 days 01:17:39.289000,0 days 00:01:32.807000,10874,141,3,100,False,0,car,4801.916111111109,0.8914828871612303,4686.50942500031,-3314.9016085928997,142.00630710720026,car,0 days 01:17:39.289000
2024-04-21 07:25:58.122,0 days 01:17:39.449000,0 days 00:01:32.967000,11296,151,3,100,False,0,car,4808.62722222222,0.8927288149473382,4640.192913437784,-3266.180627304178,141.99843048173886,car,0 days 01:17:39.449000
2024-04-21 07:25:58.442,0 days 01:17:39.769000,0 days 00:01:33.287000,11169,160,3,100,False,0,car,4822.849444444442,0.8953691917126003,4552.9050431629275,-3167.7907723790568,141.99997508534202,car,0 days 01:17:39.769000
2024-04-21 07:25:58.722,0 days 01:17:40.049000,0 days 00:01:33.567000,10900,175,4,100,False,0,car,4836.460555555553,0.8978961147887299,4471.83975262155,-3064.7022535006768,142.00000160168153,car,0 days 01:17:40.049000
2024-04-21 07:25:59.082,0 days 01:17:40.409000,0 days 00:01:33.927000,11580,186,4,100,False,0,car,4855.060555555553,0.9013492325270492,4366.9520814320085,-2920.143671363525,142.0002480096412,car,0 days 01:17:40.409000
2024-04-21 07:25:59.402,0 days 01:17:40.729000,0 days 00:01:34.247000,11807,196,4,100,False,0,car,4872.482777777775,0.9045836940644951,4272.299635561609,-2781.4474139729864,141.9999405992872,car,0 days 01:17:40.729000
2024-04-21 07:25:59.602,0 days 01:17:40.929000,0 days 00:01:34.447000,11387,201,4,100,False,0,car,4883.6494444444415,0.9066568023840954,4212.297238374976,-2689.5986824048655,141.8754879793611,car,0 days 01:17:40.929000
2024-04-21 07:25:59.962,0 days 01:17:41.289000,0 days 00:01:34.807000,11065,209,5,100,False,0,car,4904.549444444441,0.9105369185524219,4104.281198127698,-2514.461966849742,142.8194712081039,car,0 days 01:17:41.289000
2024-04-21 07:26:00.202,0 days 01:17:41.529000,0 days 00:01:35.047000,11324,217,5,100,False,0,car,4919.016111111107,0.9132226767933368,4032.4926893696893,-2392.8589169261218,143.0282843130641,car,0 days 01:17:41.529000
2024-04-21 07:26:00.362,0 days 01:17:41.689000,0 days 00:01:35.207000,11545,222,5,100,False,0,car,4928.882777777774,0.9150544381742374,3983.5808034246343,-2308.3129681575797,143.04715179973493,car,0 days 01:17:41.689000
2024-04-21 07:26:00.602,0 days 01:17:41.929000,0 days 00:01:35.447000,11528,226,5,100,False,0,car,4943.949444444442,0.917851587309937,3909.211933121641,-2178.627377393892,142.2120747400727,car,0 days 01:17:41.929000
2024-04-21 07:26:00.802,0 days 01:17:42.129000,0 days 00:01:35.647000,11769,229,5,100,False,0,car,4956.671666666664,0.9202134868382379,3849.5105405276695,-2075.579669212052,141.9192118372036,car,0 days 01:17:42.129000
2024-04-21 07:26:01.002,0 days 01:17:42.329000,0 days 00:01:35.847000,11870,232,5,100,False,0,car,4969.560555555552,0.9226063282817564,3751.445602730165,-1907.8244782133143,142.75204681282335,car,0 days 01:17:42.329000
2024-04-21 07:26:01.242,0 days 01:17:42.569000,0 days 00:01:36.087000,11949,235,5,100,False,0,car,4985.227222222219,0.9255148683122405,3647.281233406904,-1731.6405879900192,144.4452342208871,car,0 days 01:17:42.569000
2024-04-21 07:26:01.482,0 days 01:17:42.809000,0 days 00:01:36.327000,12052,237,5,100,False,0,car,5001.027222222218,0.9284481618748986,3580.556697034878,-1621.835827805024,146.11511692840463,car,0 days 01:17:42.809000
2024-04-21 07:26:01.882,0 days 01:17:43.209000,0 days 00:01:36.727000,10460,216,5,0,True,0,car,5025.027222222218,0.9329037976662783,3499.2996466289806,-1494.4653029324868,149.30367258122487,car,0 days 01:17:43.209000
2024-04-21 07:26:02.082,0 days 01:17:43.409000,0 days 00:01:36.927000,10708,198,5,0,True,0,car,5036.027222222218,0.9349459640706607,3418.66621842698,-1371.3528538656674,151.9058483358525,car,0 days 01:17:43.409000
2024-04-21 07:26:02.242,0 days 01:17:43.569000,0 days 00:01:37.087000,10777,184,4,0,True,0,car,5044.204999999996,0.9364641807106864,3343.23990419305,-1259.9474663338124,153.32168464847035,car,0 days 01:17:43.569000
2024-04-21 07:26:02.642,0 days 01:17:43.969000,0 days 00:01:37.487000,9534,169,4,0,True,0,car,5062.982777777774,0.9399503031585714,3269.972163772226,-1166.479968005151,155.6020220421047,car,0 days 01:17:43.969000
2024-04-21 07:26:02.801,0 days 01:17:44.128000,0 days 00:01:37.646000,9706,162,4,2,False,0,car,5070.137777777774,0.9412786395788766,3227.5297418449236,-1123.017874924884,156.3953893087721,car,0 days 01:17:44.128000
2024-04-21 07:26:02.961,0 days 01:17:44.288000,0 days 00:01:37.806000,9566,158,4,18,False,0,car,5077.159999999996,0.9425823256067246,3169.3013560617296,-1068.132269816933,157.183217299924,car,0 days 01:17:44.288000
2024-04-21 07:26:03.322,0 days 01:17:44.649000,0 days 00:01:38.167000,9573,156,4,55,False,0,car,5092.80333333333,0.9454865337690782,3024.0218165481565,-968.8156552276091,158.64793751982722,car,0 days 01:17:44.649000
2024-04-21 07:26:03.642,0 days 01:17:44.969000,0 days 00:01:38.487000,9622,158,4,57,False,0,car,5106.847777777773,0.9480939058247743,2835.8562165431945,-925.7522528343158,158.99748520081957,car,0 days 01:17:44.969000
2024-04-21 07:26:03.802,0 days 01:17:45.129000,0 days 00:01:38.647000,9957,158,4,59,False,0,car,5113.869999999996,0.9493975918526225,2749.368779069762,-919.1825274011926,159.06973886661623,car,0 days 01:17:45.129000
2024-04-21 07:26:04.082,0 days 01:17:45.409000,0 days 00:01:38.927000,10292,161,4,80,False,0,car,5126.392222222218,0.9517223610826618,2675.3943143023475,-929.526037562538,159.21443652123023,car,0 days 01:17:45.409000
2024-04-21 07:26:04.282,0 days 01:17:45.609000,0 days 00:01:39.127000,10575,166,4,94,False,0,car,5135.61444444444,0.9534344803913863,2595.555193470801,-942.3733940580155,158.17116673756152,car,0 days 01:17:45.609000
2024-04-21 07:26:04.562,0 days 01:17:45.889000,0 days 00:01:39.407000,11094,177,4,100,False,0,car,5149.381111111106,0.955990282588386,2435.5738094024045,-974.8779012550065,158.00035129645983,car,0 days 01:17:45.889000
2024-04-21 07:26:04.842,0 days 01:17:46.169000,0 days 00:01:39.687000,11569,188,4,100,False,0,car,5164.003333333329,0.958704919950171,2289.87306564226,-1005.5452294232464,157.28390995857762,car,0 days 01:17:46.169000
2024-04-21 07:26:05.002,0 days 01:17:46.329000,0 days 00:01:39.847000,11855,192,4,100,False,0,car,5172.536666666661,0.9602891460093282,2217.581068605599,-1020.6333483827229,156.94287157451143,car,0 days 01:17:46.329000
2024-04-21 07:26:05.202,0 days 01:17:46.529000,0 days 00:01:40.047000,12141,198,4,100,False,0,car,5183.536666666661,0.9623313124137106,2135.019976527123,-1037.9326908398534,156.91951833973005,car,0 days 01:17:46.529000
2024-04-21 07:26:05.562,0 days 01:17:46.889000,0 days 00:01:40.407000,10949,208,4,100,False,0,car,5204.336666666662,0.9661928634329063,1947.4528027236656,-1080.0721857690676,157.13691500584574,car,0 days 01:17:46.889000
2024-04-21 07:26:06.002,0 days 01:17:47.329000,0 days 00:01:40.847000,11363,219,5,100,False,0,car,5231.103333333328,0.9711621350169034,1681.5222106759732,-1137.2135936108757,154.08094255068906,car,0 days 01:17:47.329000
2024-04-21 07:26:06.242,0 days 01:17:47.569000,0 days 00:01:41.087000,11690,224,5,100,False,0,car,5246.036666666662,0.9739345306204288,1484.1622295019197,-1178.4488521122187,150.65460584128184,car,0 days 01:17:47.569000
2024-04-21 07:26:06.602,0 days 01:17:47.929000,0 days 00:01:41.447000,11391,233,5,100,False,0,car,5269.3366666666625,0.9782602103678932,1278.798153029985,-1221.4558395945567,146.49199080443347,car,0 days 01:17:47.929000
2024-04-21 07:26:06.962,0 days 01:17:48.289000,0 days 00:01:41.807000,11003,241,6,100,False,0,car,5293.436666666663,0.9827344113084038,1020.0796191324557,-1274.7032500439907,142.1605211145213,car,0 days 01:17:48.289000
2024-04-21 07:26:07.362,0 days 01:17:48.689000,0 days 00:01:42.207000,11238,248,6,100,False,0,car,5320.992222222218,0.9878501412910988,842.4314978390848,-1313.6419202836746,140.82293109082198,car,0 days 01:17:48.689000
2024-04-21 07:26:07.562,0 days 01:17:48.889000,0 days 00:01:42.407000,11333,251,6,100,False,0,car,5334.936666666662,0.9904389481976644,651.1505958734457,-1356.95195011308,140.123273853822,car,0 days 01:17:48.889000
2024-04-21 07:26:07.802,0 days 01:17:49.129000,0 days 00:01:42.647000,11441,253,6,100,False,0,car,5351.80333333333,0.9935702700177175,475.31956098178847,-1395.0412674107813,140.00625999152578,car,0 days 01:17:49.129000
2024-04-21 07:26:08.002,0 days 01:17:49.329000,0 days 00:01:42.847000,11763,258,6,100,False,0,car,5366.136666666662,0.996231274726458,310.70142711083315,-1432.8883929157696,139.99925902039843,car,0 days 01:17:49.329000
