Date_x,SessionTime_x,Time,RPM_x,Speed_x,nGear_x,Throttle_x,Brake_x,DRS_x,Source_x,Distance,RelativeDistance,X,Y,Z,Source_y,SessionTime_y
2024-04-21 07:31:37.363,0 days 01:23:18.690000,0 days 00:00:00.139000,11280,263,6,100,False,0,car,10.350555555555557,0.001927441664913995,98.77519814092668,-1484.590959786105,140.0000122434531,car,0 days 01:23:18.690000
2024-04-21 07:31:37.723,0 days 01:23:19.050000,0 days 00:00:00.499000,10639,268,7,100,False,0,car,37.150555555555556,0.0069180372269048215,-138.26708371138508,-1546.0450116191814,139.99915649281797,car,0 days 01:23:19.050000
2024-04-21 07:31:37.963,0 days 01:23:19.290000,0 days 00:00:00.739000,10818,271,7,100,False,0,car,55.21722222222222,0.010282344185361324,-339.35465658679385,-1595.3712467059813,140.00107183990167,car,0 days 01:23:19.290000
2024-04-21 07:31:38.282,0 days 01:23:19.609000,0 days 00:00:01.058000,10950,274,7,100,False,0,car,79.49666666666667,0.014803571338049657,-583.1150344431184,-1653.2263160450882,139.95724541370052,car,0 days 01:23:19.609000
2024-04-21 07:31:38.442,0 days 01:23:19.769000,0 days 00:00:01.218000,10936,276,7,100,False,0,car,91.76333333333334,0.017087824033090233,-646.9363331220011,-1668.6366254349261,140.01793147688096,car,0 days 01:23:19.769000
2024-04-21 07:31:38.602,0 days 01:23:19.929000,0 days 00:00:01.378000,11044,277,7,100,False,0,car,104.07444444444444,0.019380353006011392,-761.7382809012995,-1696.280982723374,140.19920902526178,car,0 days 01:23:19.929000
2024-04-21 07:31:38.803,0 days 01:23:20.130000,0 days 00:00:01.579000,11077,279,7,100,False,0,car,119.65194444444444,0.02228113667641856,-911.2037126724488,-1732.1941208295907,139.20272342632717,car,0 days 01:23:20.130000
2024-04-21 07:31:39.083,0 days 01:23:20.410000,0 days 00:00:01.859000,11185,282,7,100,False,0,pos,141.58527777777778,0.026365479810485683,-1113.0,-1783.0,139.0,car,0 days 01:23:20.410000
2024-04-21 07:31:39.243,0 days 01:23:20.570000,0 days 00:00:02.019000,11207,283,7,100,False,0,car,154.16305555555556,0.028707666450690332,-1244.2987276328806,-1815.4167813398985,139.02655143035844,car,0 days 01:23:20.570000
2024-04-21 07:31:39.483,0 days 01:23:20.810000,0 days 00:00:02.259000,11315,285,7,100,False,0,car,173.16305555555553,0.03224577524463905,-1409.69841093207,-1856.6652155601676,138.92690416967372,car,0 days 01:23:20.810000
2024-04-21 07:31:39.683,0 days 01:23:21.010000,0 days 00:00:02.459000,11361,287,7,100,False,0,car,189.1075,0.03521488993429777,-1570.1843457317173,-1896.7699905139475,140.03753080435712,car,0 days 01:23:21.010000
2024-04-21 07:31:39.963,0 days 01:23:21.290000,0 days 00:00:02.739000,11396,289,7,100,False,0,car,211.58527777777775,0.03940061747240201,-1865.3307426659173,-1969.6932185901878,138.90036296374453,car,0 days 01:23:21.290000
2024-04-21 07:31:40.323,0 days 01:23:21.650000,0 days 00:00:03.099000,11462,291,7,100,False,0,car,240.68527777777777,0.04481951041471296,-2060.633768334197,-2017.526940324421,139.8222763711459,car,0 days 01:23:21.650000
2024-04-21 07:31:40.483,0 days 01:23:21.810000,0 days 00:00:03.259000,11557,292,7,100,False,0,car,253.66305555555553,0.04723618355584284,-2157.1413690819804,-2041.9802836844387,140.02682338530136,car,0 days 01:23:21.810000
2024-04-21 07:31:40.723,0 days 01:23:22.050000,0 days 00:00:03.499000,11627,293,7,100,False,0,car,273.19638888888886,0.05087360768435854,-2425.685913465892,-2109.194435670718,139.99441691178345,car,0 days 01:23:22.050000
2024-04-21 07:31:40.963,0 days 01:23:22.290000,0 days 00:00:03.739000,11604,294,7,100,False,0,car,292.7963888888888,0.054523446229695106,-2610.06630847595,-2154.4391450568687,140.01482889485362,car,0 days 01:23:22.290000
2024-04-21 07:31:41.123,0 days 01:23:22.450000,0 days 00:00:03.899000,11675,295,7,100,False,0,car,305.90749999999997,0.056964948204466744,-2633.6585700061723,-2159.6104542885087,140.02342355459933,car,0 days 01:23:22.450000
2024-04-21 07:31:41.403,0 days 01:23:22.730000,0 days 00:00:04.179000,11747,296,7,100,False,0,car,328.9297222222222,0.061252060146608125,-3043.310291871758,-2259.3312228069044,139.94909061342616,car,0 days 01:23:22.730000
2024-04-21 07:31:41.603,0 days 01:23:22.930000,0 days 00:00:04.379000,11736,297,7,100,False,0,car,345.42972222222215,0.0643246283097741,-3247.2060521574963,-2309.30440663382,140.3593215890076,car,0 days 01:23:22.930000
2024-04-21 07:31:41.883,0 days 01:23:23.210000,0 days 00:00:04.659000,11710,299,7,100,False,0,car,368.68527777777774,0.06865519071078854,-3357.255932832773,-2336.098140972952,141.10033678844252,car,0 days 01:23:23.210000
2024-04-21 07:31:42.163,0 days 01:23:23.490000,0 days 00:00:04.939000,11771,300,7,100,False,0,car,392.0186111111111,0.073000236598094,-3648.431657163361,-2407.1130702571886,140.4533428303796,car,0 days 01:23:23.490000
2024-04-21 07:31:42.443,0 days 01:23:23.770000,0 days 00:00:05.219000,11877,301,7,100,False,0,car,415.42972222222227,0.07735976597169048,-3893.538139709399,-2466.7362707048096,139.3613360130232,car,0 days 01:23:23.770000
2024-04-21 07:31:42.883,0 days 01:23:24.210000,0 days 00:00:05.659000,11485,299,7,0,True,0,car,451.9741666666667,0.08416493545899885,-4186.221667541369,-2527.587758887302,138.59974616537886,car,0 days 01:23:24.210000
2024-04-21 07:31:43.163,0 days 01:23:24.490000,0 days 00:00:05.939000,10853,280,7,0,True,0,car,473.75194444444446,0.08822031162048394,-4480.0787178501805,-2556.7187382936454,141.56053822967144,car,0 days 01:23:24.490000
2024-04-21 07:31:43.363,0 days 01:23:24.690000,0 days 00:00:06.139000,10564,267,7,0,True,0,car,488.58527777777783,0.09098251936312812,-4644.950176176706,-2562.5621346298876,144.33626003466765,car,0 days 01:23:24.690000
2024-04-21 07:31:43.723,0 days 01:23:25.050000,0 days 00:00:06.499000,10750,243,6,0,True,0,car,512.8852777777778,0.0955075742943362,-4791.806045692253,-2537.373934421846,148.00101940411582,car,0 days 01:23:25.050000
2024-04-21 07:31:43.883,0 days 01:23:25.210000,0 days 00:00:06.659000,11172,236,6,0,True,0,car,523.3741666666667,0.09746077587415353,-4897.08629676093,-2514.4077021714866,151.29059102032886,car,0 days 01:23:25.210000
2024-04-21 07:31:44.123,0 days 01:23:25.450000,0 days 00:00:06.899000,11164,221,5,0,True,0,car,538.1075000000001,0.10020436199156639,-5038.284184426367,-2462.660235813045,157.14741894038855,car,0 days 01:23:25.450000
2024-04-21 07:31:44.403,0 days 01:23:25.730000,0 days 00:00:07.179000,10394,210,5,0,True,0,car,554.4408333333334,0.10324589411268022,-5174.598073557183,-2393.578551396086,162.58679831676127,car,0 days 01:23:25.730000
2024-04-21 07:31:44.763,0 days 01:23:26.090000,0 days 00:00:07.539000,11272,192,4,0,True,0,car,573.6408333333334,0.10682124615709154,-5379.905398905539,-2228.6140213911967,170.3336586857421,car,0 days 01:23:26.090000
2024-04-21 07:31:44.962,0 days 01:23:26.289000,0 days 00:00:07.738000,10866,185,4,0,True,0,car,583.8672222222223,0.10872556597067666,-5439.268989318462,-2155.060985683969,173.49188994603463,car,0 days 01:23:26.289000
2024-04-21 07:31:45.202,0 days 01:23:26.529000,0 days 00:00:07.978000,10614,182,4,0,False,0,car,596.0005555555556,0.1109849898320755,-5546.958417596401,-1992.4472044003987,180.15202290104875,car,0 days 01:23:26.529000
2024-04-21 07:31:45.483,0 days 01:23:26.810000,0 days 00:00:08.259000,10172,173,4,0,False,0,car,609.5041666666667,0.11349958168588001,-5565.1029567915475,-1942.6084913923066,182.011481813621,car,0 days 01:23:26.810000
2024-04-21 07:31:45.803,0 days 01:23:27.130000,0 days 00:00:08.579000,9856,168,4,0,False,0,car,624.4375000000001,0.11628041105375551,-5620.486811779404,-1737.983380586023,187.71594277713382,car,0 days 01:23:27.130000
2024-04-21 07:31:46.203,0 days 01:23:27.530000,0 days 00:00:08.979000,9550,161,4,0,False,0,car,642.3263888888889,0.11961161290068967,-5630.11188093829,-1608.0120095808961,190.6506829457786,car,0 days 01:23:27.530000
2024-04-21 07:31:46.403,0 days 01:23:27.730000,0 days 00:00:09.179000,9325,158,4,0,False,0,car,651.1041666666667,0.12124617778210459,-5623.349622786752,-1537.2241604922253,192.97194521812662,car,0 days 01:23:27.730000
2024-04-21 07:31:46.563,0 days 01:23:27.890000,0 days 00:00:09.339000,9099,154,4,0,False,0,car,657.9486111111112,0.12252072457571418,-5614.612779360092,-1473.8208135160962,195.30710662686266,car,0 days 01:23:27.890000
2024-04-21 07:31:46.803,0 days 01:23:28.130000,0 days 00:00:09.579000,8764,152,4,0,True,0,car,668.0819444444445,0.12440771593248683,-5587.804602745847,-1374.49943081444,199.01758382774284,car,0 days 01:23:28.130000
2024-04-21 07:31:47.043,0 days 01:23:28.370000,0 days 00:00:09.819000,9844,142,4,0,True,0,car,677.5486111111112,0.12617056312105077,-5530.007585222533,-1250.1525026989343,203.28586673676273,car,0 days 01:23:28.370000
2024-04-21 07:31:47.203,0 days 01:23:28.530000,0 days 00:00:09.979000,9724,139,3,0,True,0,car,683.7263888888889,0.1273209657464516,-5508.599755693968,-1212.6449075448365,204.88729827916802,car,0 days 01:23:28.530000
2024-04-21 07:31:47.363,0 days 01:23:28.690000,0 days 00:00:10.139000,9407,134,3,0,True,0,car,689.6819444444444,0.12842998698244956,-5488.453962935369,-1187.3410600211644,205.88202882895993,car,0 days 01:23:28.690000
2024-04-21 07:31:47.643,0 days 01:23:28.970000,0 days 00:00:10.419000,8834,127,3,0,True,0,car,699.5597222222223,0.1302693897414089,-5411.29201610504,-1105.5681060284192,207.62559902200206,car,0 days 01:23:28.970000
2024-04-21 07:31:48.083,0 days 01:23:29.410000,0 days 00:00:10.859000,8194,117,3,0,True,0,car,713.8597222222222,0.13293228214948608,-5295.8586046580285,-1022.0408392480425,209.74378781479618,car,0 days 01:23:29.410000
2024-04-21 07:31:48.283,0 days 01:23:29.610000,0 days 00:00:11.059000,7901,113,3,0,True,0,car,720.1374999999999,0.13410130640011825,-5242.667654062332,-1006.5670446938486,210.03818814781204,car,0 days 01:23:29.610000
2024-04-21 07:31:48.523,0 days 01:23:29.850000,0 days 00:00:11.299000,7498,107,3,0,True,0,car,727.2708333333333,0.13542964899995164,-5143.642862791478,-980.2840357479565,210.0119897074378,car,0 days 01:23:29.850000
2024-04-21 07:31:48.683,0 days 01:23:30.010000,0 days 00:00:11.459000,7384,106,3,0,True,0,car,731.9819444444444,0.1363069344552933,-5127.8592967862705,-977.5811319127182,210.09995326943687,car,0 days 01:23:30.010000
2024-04-21 07:31:48.843,0 days 01:23:30.170000,0 days 00:00:11.619000,8303,103,3,0,True,0,car,736.5597222222221,0.1371593910769932,-5083.89117160706,-981.8174790697994,209.75215493081618,car,0 days 01:23:30.170000
2024-04-21 07:31:49.043,0 days 01:23:30.370000,0 days 00:00:11.819000,8442,97,3,0,True,0,car,741.9486111111111,0.13816288977001376,-4998.382829650184,-991.9990868288974,208.94282082657176,car,0 days 01:23:30.370000
2024-04-21 07:31:49.323,0 days 01:23:30.650000,0 days 00:00:12.099000,8177,93,2,0,False,0,car,749.1819444444444,0.13950985399507845,-4954.042951625553,-1005.7218562603244,208.6469400821094,car,0 days 01:23:30.650000
2024-04-21 07:31:49.483,0 days 01:23:30.810000,0 days 00:00:12.259000,8019,92,2,0,False,0,car,753.2708333333333,0.14027127156009198,-4931.476652469251,-1018.9974764380269,207.85339536050094,car,0 days 01:23:30.810000
2024-04-21 07:31:49.683,0 days 01:23:31.010000,0 days 00:00:12.459000,8088,91,2,12,False,0,car,758.3263888888888,0.14121269816900817,-4888.783164949773,-1044.1480344912934,205.99187167386344,car,0 days 01:23:31.010000
2024-04-21 07:31:49.843,0 days 01:23:31.170000,0 days 00:00:12.619000,8031,91,2,13,False,0,car,762.3708333333333,0.1419658394561411,-4855.256374040285,-1070.5576602508793,204.90876980688992,car,0 days 01:23:31.170000
2024-04-21 07:31:50.003,0 days 01:23:31.330000,0 days 00:00:12.779000,8051,90,2,16,False,0,car,766.3708333333333,0.14271070446539347,-4825.469122385912,-1100.4753169802925,202.60763729022509,car,0 days 01:23:31.330000
2024-04-21 07:31:50.363,0 days 01:23:31.690000,0 days 00:00:13.139000,8044,90,2,8,False,0,car,775.3708333333333,0.1443866507362113,-4776.540040739591,-1172.0762029607856,199.13477061726823,car,0 days 01:23:31.690000
2024-04-21 07:31:50.523,0 days 01:23:31.850000,0 days 00:00:13.299000,7763,89,2,0,False,0,car,779.3263888888888,0.14512323946758304,-4758.954546733399,-1207.7814861098182,196.31449357778067,car,0 days 01:23:31.850000
2024-04-21 07:31:50.763,0 days 01:23:32.090000,0 days 00:00:13.539000,7806,88,2,5,False,0,car,785.1930555555555,0.14621570814781987,-4744.261888269032,-1259.8280089728548,194.3797266145279,car,0 days 01:23:32.090000
2024-04-21 07:31:50.963,0 days 01:23:32.290000,0 days 00:00:13.739000,7839,87,2,18,False,0,car,790.0263888888888,0.14711575336733312,-4735.567642809168,-1306.2901728223567,191.93096379233253,car,0 days 01:23:32.290000
2024-04-21 07:31:51.243,0 days 01:23:32.570000,0 days 00:00:14.019000,8172,87,2,45,False,0,car,796.7930555555555,0.14837581667465172,-4733.714923126445,-1375.295462608199,187.3917568732893,car,0 days 01:23:32.570000
2024-04-21 07:31:51.483,0 days 01:23:32.810000,0 days 00:00:14.259000,8609,91,2,51,False,0,car,802.8597222222222,0.14950552860535113,-4739.903571763823,-1428.6805669622852,183.06518347064144,car,0 days 01:23:32.810000
2024-04-21 07:31:51.802,0 days 01:23:33.129000,0 days 00:00:14.578000,8861,95,2,53,False,0,car,811.2777777777777,0.15107310736267007,-4754.09231840228,-1504.4742760620854,176.81752180865038,car,0 days 01:23:33.129000
2024-04-21 07:31:52.163,0 days 01:23:33.490000,0 days 00:00:14.939000,9163,107,2,0,False,0,car,822.0074999999999,0.15307115602325277,-4773.047206374837,-1605.6836037385128,169.67031925834,car,0 days 01:23:33.490000
2024-04-21 07:31:52.323,0 days 01:23:33.650000,0 days 00:00:15.099000,9005,105,2,0,True,0,car,826.6741666666666,0.15394016520071385,-4776.007588915172,-1645.282977309029,166.98142667965965,car,0 days 01:23:33.650000
2024-04-21 07:31:52.603,0 days 01:23:33.930000,0 days 00:00:15.379000,8688,101,2,0,True,0,car,834.5297222222221,0.15540299731610668,-4770.943081609663,-1738.339327488686,160.9767956802291,car,0 days 01:23:33.930000
2024-04-21 07:31:52.803,0 days 01:23:34.130000,0 days 00:00:15.579000,8449,99,2,0,True,0,car,840.0297222222221,0.15642718670382869,-4753.018263008527,-1804.1843921219672,156.1623961866786,car,0 days 01:23:34.130000
2024-04-21 07:31:53.043,0 days 01:23:34.370000,0 days 00:00:15.819000,8157,92,2,0,True,0,car,846.1630555555554,0.15756931305134897,-4729.940889307486,-1860.1347087743663,151.9916230151021,car,0 days 01:23:34.370000
2024-04-21 07:31:53.363,0 days 01:23:34.690000,0 days 00:00:16.139000,7411,86,2,0,True,0,car,853.8074999999998,0.15899283284680904,-4708.2214059716325,-1892.5210163479396,149.95320706095,car,0 days 01:23:34.690000
2024-04-21 07:31:53.683,0 days 01:23:35.010000,0 days 00:00:16.459000,6889,82,2,0,True,0,car,861.0963888888887,0.16035014241922443,-4656.2758595408795,-1946.6693454797755,146.2727038709661,car,0 days 01:23:35.010000
2024-04-21 07:31:53.843,0 days 01:23:35.170000,0 days 00:00:16.619000,6663,78,2,0,True,0,car,864.5630555555554,0.16099569209390982,-4621.513748557645,-1966.923606183711,145.2640845826486,car,0 days 01:23:35.170000
2024-04-21 07:31:54.043,0 days 01:23:35.370000,0 days 00:00:16.819000,6422,75,2,0,False,0,car,868.729722222222,0.16177159314521436,-4566.722122942016,-1991.5714412713658,143.31276477177227,car,0 days 01:23:35.370000
2024-04-21 07:31:54.403,0 days 01:23:35.730000,0 days 00:00:17.179000,6291,72,2,0,False,0,car,875.9297222222219,0.16311235016186862,-4522.552137790779,-2001.5771873315,143.0415844263803,car,0 days 01:23:35.730000
2024-04-21 07:31:55.363,0 days 01:23:36.690000,0 days 00:00:18.139000,7705,82,2,53,False,0,car,897.7963888888886,0.16718427887911486,-4326.37056899518,-1964.0789607914114,142.03036541633827,car,0 days 01:23:36.690000
2024-04-21 07:31:55.723,0 days 01:23:37.050000,0 days 00:00:18.499000,8409,90,2,54,False,0,car,906.7963888888886,0.16886022514993268,-4208.447178313743,-1863.3175885091314,141.99610187515324,car,0 days 01:23:37.050000
2024-04-21 07:31:56.043,0 days 01:23:37.370000,0 days 00:00:18.819000,9195,97,2,61,False,0,car,915.4186111111109,0.17046582305876556,-4143.246018455161,-1775.3230052741796,141.9657534860989,car,0 days 01:23:37.370000
2024-04-21 07:31:56.243,0 days 01:23:37.570000,0 days 00:00:19.019000,9457,103,2,61,False,0,car,921.140833333333,0.17153139383589044,-4123.511455575212,-1734.8543683205962,142.02910568740162,car,0 days 01:23:37.570000
2024-04-21 07:31:56.443,0 days 01:23:37.770000,0 days 00:00:19.219000,10195,106,2,71,False,0,car,927.0297222222221,0.17262800065506756,-4109.484930416886,-1705.176053611469,142.17546417215482,car,0 days 01:23:37.770000
2024-04-21 07:31:56.883,0 days 01:23:38.210000,0 days 00:00:19.659000,10569,122,2,78,False,0,car,941.9408333333331,0.17540469188400273,-4068.7320283065324,-1582.35581112325,141.29493861140614,car,0 days 01:23:38.210000
2024-04-21 07:31:57.243,0 days 01:23:38.570000,0 days 00:00:20.019000,10356,136,3,90,False,0,car,955.5408333333331,0.1779372329154608,-4046.7704907871334,-1450.06995831105,141.34353707239617,car,0 days 01:23:38.570000
2024-04-21 07:31:57.523,0 days 01:23:38.850000,0 days 00:00:20.299000,11160,149,3,92,False,0,car,967.1297222222221,0.1800952723728225,-4049.681580676777,-1299.962795391557,140.78414567483478,car,0 days 01:23:38.850000
2024-04-21 07:31:57.683,0 days 01:23:39.010000,0 days 00:00:20.459000,11524,154,3,100,False,0,car,973.9741666666665,0.1813698191664321,-4057.771337648955,-1217.5486264423544,140.96485615086843,car,0 days 01:23:39.010000
2024-04-21 07:31:57.843,0 days 01:23:39.170000,0 days 00:00:20.619000,11423,162,3,100,False,0,car,981.1741666666666,0.18271057618308637,-4062.86330608133,-1178.1386838814076,141.02024448255605,car,0 days 01:23:39.170000
2024-04-21 07:31:58.163,0 days 01:23:39.490000,0 days 00:00:20.939000,10785,173,4,100,False,0,car,996.5519444444443,0.18557416832976764,-4089.5415239607673,-1075.1061202507392,140.97488719714457,car,0 days 01:23:39.490000
2024-04-21 07:31:58.322,0 days 01:23:39.649000,0 days 00:00:21.098000,10925,181,4,100,False,0,car,1004.5461111111109,0.18706281208680053,-4110.393644504344,-1004.1606055616637,141.06091819336496,car,0 days 01:23:39.649000
2024-04-21 07:31:58.523,0 days 01:23:39.850000,0 days 00:00:21.299000,11424,187,4,100,False,0,car,1014.9869444444442,0.18900706494115946,-4146.278846271851,-916.1694775497843,141.10965036632567,car,0 days 01:23:39.850000
2024-04-21 07:31:58.723,0 days 01:23:40.050000,0 days 00:00:21.499000,11782,193,4,100,False,0,car,1025.7091666666665,0.19100371697984983,-4229.499851088319,-762.0526572577194,140.16685371552273,car,0 days 01:23:40.050000
2024-04-21 07:31:59.123,0 days 01:23:40.450000,0 days 00:00:21.899000,11559,205,4,100,False,0,car,1048.4869444444444,0.195245309393648,-4324.142724684131,-621.1789706350401,139.9717550034023,car,0 days 01:23:40.450000
2024-04-21 07:31:59.323,0 days 01:23:40.650000,0 days 00:00:22.099000,10986,211,5,100,False,0,car,1060.2091666666665,0.19742817768465146,-4383.76905510358,-546.6224716347164,140.035022012222,car,0 days 01:23:40.650000
2024-04-21 07:31:59.523,0 days 01:23:40.850000,0 days 00:00:22.299000,11224,216,5,100,False,0,car,1072.2091666666665,0.19966277271240854,-4461.82139698994,-453.64830214392765,139.9226924886679,car,0 days 01:23:40.850000
2024-04-21 07:31:59.683,0 days 01:23:41.010000,0 days 00:00:22.459000,11317,219,5,100,False,0,car,1081.9424999999999,0.20147527756825598,-4520.165346542508,-385.9444248197782,140.69767482810357,car,0 days 01:23:41.010000
2024-04-21 07:31:59.843,0 days 01:23:41.170000,0 days 00:00:22.619000,11477,224,5,100,False,0,car,1091.8980555555554,0.2033291638135063,-4586.628813401744,-311.51993057473265,141.15319856368464,car,0 days 01:23:41.170000
2024-04-21 07:32:00.083,0 days 01:23:41.410000,0 days 00:00:22.859000,11764,229,5,100,False,0,car,1107.1647222222223,0.20617206526548618,-4684.76666069276,-203.25074004450852,140.97181528497333,car,0 days 01:23:41.410000
2024-04-21 07:32:00.443,0 days 01:23:41.770000,0 days 00:00:23.219000,10881,234,5,100,False,0,car,1130.5647222222221,0.21052952556961246,-4878.470032868331,8.510610352211959,140.99950875636745,car,0 days 01:23:41.770000
2024-04-21 07:32:00.643,0 days 01:23:41.970000,0 days 00:00:23.419000,10864,240,6,100,False,0,car,1143.8980555555554,0.213012408933787,-4927.608625792024,61.99110080932057,140.81445640964796,car,0 days 01:23:41.970000
2024-04-21 07:32:00.803,0 days 01:23:42.130000,0 days 00:00:23.579000,10902,242,6,100,False,0,car,1154.6536111111109,0.2150152681808878,-5003.477823441926,143.4629795708404,141.16103696158223,car,0 days 01:23:42.130000
2024-04-21 07:32:01.003,0 days 01:23:42.330000,0 days 00:00:23.779000,11085,246,6,100,False,0,car,1168.3202777777774,0.21756022362916666,-5152.460626968277,303.05478353983887,142.15057454592875,car,0 days 01:23:42.330000
2024-04-21 07:32:01.243,0 days 01:23:42.570000,0 days 00:00:24.019000,11253,251,6,100,False,0,car,1185.0536111111105,0.22067624225120566,-5203.765231903599,358.24052756428694,142.59191882875373,car,0 days 01:23:42.570000
2024-04-21 07:32:01.483,0 days 01:23:42.810000,0 days 00:00:24.259000,11342,253,6,100,False,0,car,1201.9202777777773,0.2238170897068865,-5328.520112394977,494.70834009150406,144.51182618806433,car,0 days 01:23:42.810000
2024-04-21 07:32:01.643,0 days 01:23:42.970000,0 days 00:00:24.419000,11476,256,6,100,False,0,car,1213.298055555555,0.2259358168443154,-5443.006604281095,620.5755058511353,146.5179674569365,car,0 days 01:23:42.970000
2024-04-21 07:32:01.843,0 days 01:23:43.170000,0 days 00:00:24.619000,11566,259,6,100,False,0,car,1227.686944444444,0.22861526180815378,-5525.723408501882,713.7313413380589,148.8424072464785,car,0 days 01:23:43.170000
2024-04-21 07:32:02.003,0 days 01:23:43.330000,0 days 00:00:24.779000,11622,260,6,100,False,0,car,1239.2424999999996,0.23076709405710505,-5559.926214356714,755.3796729809592,150.67727268889874,car,0 days 01:23:43.330000
2024-04-21 07:32:02.323,0 days 01:23:43.650000,0 days 00:00:25.099000,10524,264,6,100,False,0,car,1262.7091666666663,0.23513696877805226,-5693.5768273111,922.344545870036,154.8192763551116,car,0 days 01:23:43.650000
2024-04-21 07:32:02.563,0 days 01:23:43.890000,0 days 00:00:25.339000,10700,267,7,100,False,0,car,1280.5091666666663,0.23845161806922527,-5797.046049426776,1061.567117516086,156.38840139505828,car,0 days 01:23:43.890000
2024-04-21 07:32:02.843,0 days 01:23:44.170000,0 days 00:00:25.619000,10760,269,7,100,False,0,car,1301.4313888888885,0.24234767588150916,-5931.340720217041,1268.0359107302347,159.65047516664333,car,0 days 01:23:44.170000
2024-04-21 07:32:03.043,0 days 01:23:44.370000,0 days 00:00:25.819000,10797,272,7,100,False,0,car,1316.5424999999996,0.24516161036090695,-6010.977157250128,1401.9810674465143,161.26754081234006,car,0 days 01:23:44.370000
2024-04-21 07:32:03.283,0 days 01:23:44.610000,0 days 00:00:26.059000,10797,272,7,100,False,0,car,1334.675833333333,0.24853833173618434,-6062.630534105177,1504.6396711375282,161.21165591275184,car,0 days 01:23:44.610000
2024-04-21 07:32:03.563,0 days 01:23:44.890000,0 days 00:00:26.339000,10863,273,7,100,False,0,car,1355.9091666666661,0.25249232349363226,-6158.368651967999,1696.8466247808406,162.15809258040434,car,0 days 01:23:44.890000
2024-04-21 07:32:03.963,0 days 01:23:45.290000,0 days 00:00:26.739000,10936,274,7,100,False,0,car,1386.3536111111107,0.2581615738418308,-6331.869173164498,2097.929365508404,160.79343706209193,car,0 days 01:23:45.290000
2024-04-21 07:32:04.363,0 days 01:23:45.690000,0 days 00:00:27.139000,10757,275,7,0,False,0,car,1416.9091666666661,0.2638515148847308,-6428.853052014702,2358.7185276748264,157.80661109971155,car,0 days 01:23:45.690000
2024-04-21 07:32:04.723,0 days 01:23:46.050000,0 days 00:00:27.499000,9446,239,7,0,True,0,car,1440.809166666666,0.26830208331501365,-6515.020151818407,2594.805879172648,156.10508455036523,car,0 days 01:23:46.050000
2024-04-21 07:32:04.923,0 days 01:23:46.250000,0 days 00:00:27.699000,8985,227,7,0,True,0,car,1453.4202777777773,0.2706504771636288,-6555.0550082361915,2709.6106282488513,154.48065262867826,car,0 days 01:23:46.250000
2024-04-21 07:32:05.363,0 days 01:23:46.690000,0 days 00:00:28.139000,10050,178,7,0,True,0,car,1475.1758333333328,0.27470171518617353,-6634.369785373327,2934.695424836774,152.057824469069,car,0 days 01:23:46.690000
2024-04-21 07:32:05.563,0 days 01:23:46.890000,0 days 00:00:28.339000,9504,163,6,0,True,0,car,1484.2313888888882,0.27638800680434206,-6663.139621896387,3019.40540545492,151.998339094058,car,0 days 01:23:46.890000
2024-04-21 07:32:05.763,0 days 01:23:47.090000,0 days 00:00:28.539000,10294,141,4,0,True,0,car,1492.0647222222217,0.2778467007807946,-6690.2145452046125,3095.9357958964015,151.10253686941553,car,0 days 01:23:47.090000
2024-04-21 07:32:06.083,0 days 01:23:47.410000,0 days 00:00:28.859000,10183,129,3,0,True,0,car,1503.5313888888884,0.27998198047398476,-6730.542818647486,3222.4375290694566,149.67012183172375,car,0 days 01:23:47.410000
2024-04-21 07:32:06.283,0 days 01:23:47.610000,0 days 00:00:29.059000,10104,119,3,0,True,0,car,1510.1424999999995,0.28121307680872126,-6741.371343720664,3275.074982751343,149.0390989660363,car,0 days 01:23:47.610000
2024-04-21 07:32:06.523,0 days 01:23:47.850000,0 days 00:00:29.299000,9423,106,2,0,True,0,car,1517.209166666666,0.2825290049917338,-6748.074959063514,3352.032667221957,148.9524146757008,car,0 days 01:23:47.850000
2024-04-21 07:32:06.723,0 days 01:23:48.050000,0 days 00:00:29.499000,8583,99,2,0,True,0,car,1522.709166666666,0.28355319437945575,-6743.647066840947,3403.5791700484306,148.04345199310566,car,0 days 01:23:48.050000
2024-04-21 07:32:07.043,0 days 01:23:48.370000,0 days 00:00:29.819000,7820,90,2,0,True,0,car,1530.709166666666,0.2850429243979605,-6717.992953862282,3486.9118038858187,147.88953799690543,car,0 days 01:23:48.370000
2024-04-21 07:32:07.323,0 days 01:23:48.650000,0 days 00:00:30.099000,6957,83,2,0,True,0,car,1537.1647222222216,0.286245053760115,-6668.38727605529,3569.343956382456,146.4014037434149,car,0 days 01:23:48.650000
2024-04-21 07:32:07.563,0 days 01:23:48.890000,0 days 00:00:30.339000,6603,80,2,0,True,0,car,1542.4980555555549,0.2872382071057848,-6648.486237633716,3582.2405999279963,146.0755161284128,car,0 days 01:23:48.890000
2024-04-21 07:32:07.723,0 days 01:23:49.050000,0 days 00:00:30.499000,6489,75,2,0,False,0,car,1545.8313888888881,0.28785892794682844,-6622.912374676396,3600.826104927465,145.23506419958966,car,0 days 01:23:49.050000
2024-04-21 07:32:07.923,0 days 01:23:49.250000,0 days 00:00:30.699000,6268,73,2,0,False,0,car,1549.8869444444438,0.2886141383034315,-6577.433807832828,3622.7295710206017,144.92379437913414,car,0 days 01:23:49.250000
2024-04-21 07:32:08.243,0 days 01:23:49.570000,0 days 00:00:31.019000,6506,71,2,25,False,0,car,1556.198055555555,0.28978936976247416,-6499.1908861038155,3639.7437101011556,144.70918469433548,car,0 days 01:23:49.570000
2024-04-21 07:32:08.443,0 days 01:23:49.770000,0 days 00:00:31.219000,6792,73,2,43,False,0,car,1560.2536111111106,0.29054458011907724,-6460.093041684806,3641.0176912415504,144.0712238795152,car,0 days 01:23:49.770000
2024-04-21 07:32:08.643,0 days 01:23:49.970000,0 days 00:00:31.419000,7148,74,2,50,False,0,car,1564.3647222222216,0.29131013582303106,-6435.478362652859,3639.637328753287,143.30778350073518,car,0 days 01:23:49.970000
2024-04-21 07:32:08.883,0 days 01:23:50.210000,0 days 00:00:31.659000,7337,80,2,52,False,0,car,1569.698055555555,0.29230328916870085,-6395.774548327636,3632.6658751689565,142.93749796978636,car,0 days 01:23:50.210000
2024-04-21 07:32:09.083,0 days 01:23:50.410000,0 days 00:00:31.859000,7893,85,2,54,False,0,car,1574.4202777777773,0.2931826436935127,-6353.733020953214,3622.6856917773202,143.04429393699408,car,0 days 01:23:50.410000
2024-04-21 07:32:09.363,0 days 01:23:50.690000,0 days 00:00:32.139000,8781,90,2,58,False,0,car,1581.4202777777773,0.29448615745970436,-6255.931308768495,3577.84982832639,142.56058163656388,car,0 days 01:23:50.690000
2024-04-21 07:32:09.603,0 days 01:23:50.930000,0 days 00:00:32.379000,9399,96,2,62,False,0,car,1587.8202777777772,0.2956779414745081,-6165.8894148161635,3528.5020284693023,141.88614715324152,car,0 days 01:23:50.930000
2024-04-21 07:32:09.843,0 days 01:23:51.170000,0 days 00:00:32.619000,9959,110,2,75,False,0,car,1595.1536111111106,0.2970435273248041,-6139.517932691221,3507.942145284109,141.9930127508383,car,0 days 01:23:51.170000
2024-04-21 07:32:10.123,0 days 01:23:51.450000,0 days 00:00:32.899000,11194,122,2,82,False,0,car,1604.6424999999995,0.29881051265230835,-6062.239469013021,3443.5992282501306,142.00166783090737,car,0 days 01:23:51.450000
2024-04-21 07:32:10.363,0 days 01:23:51.690000,0 days 00:00:33.139000,10191,126,2,87,False,0,car,1613.0424999999996,0.3003747291717383,-6000.56876261564,3389.1689297367675,142.01220819539523,car,0 days 01:23:51.690000
2024-04-21 07:32:10.883,0 days 01:23:52.210000,0 days 00:00:33.659000,11540,149,3,100,False,0,car,1634.5647222222217,0.30438251673541,-5881.765978824726,3265.5206204805754,141.9303896548006,car,0 days 01:23:52.210000
2024-04-21 07:32:11.323,0 days 01:23:52.650000,0 days 00:00:34.099000,10770,175,4,100,False,0,car,1655.9536111111104,0.30836547546543996,-5759.550855824833,3116.069842693957,142.95936164578995,car,0 days 01:23:52.650000
2024-04-21 07:32:11.563,0 days 01:23:52.890000,0 days 00:00:34.339000,11151,184,4,100,False,0,car,1668.2202777777773,0.3106497281604806,-5691.515585539853,3020.4325685714302,143.36669413955238,car,0 days 01:23:52.890000
2024-04-21 07:32:11.763,0 days 01:23:53.090000,0 days 00:00:34.539000,11596,187,4,100,False,0,car,1678.6091666666664,0.31258430811506666,-5637.229349576197,2937.2838716932433,144.42248448051498,car,0 days 01:23:53.090000
2024-04-21 07:32:11.963,0 days 01:23:53.290000,0 days 00:00:34.739000,11925,197,4,100,False,0,car,1689.5536111111105,0.3146223415431599,-5588.489005211275,2857.355101339778,145.72604384650677,car,0 days 01:23:53.290000
2024-04-21 07:32:12.363,0 days 01:23:53.690000,0 days 00:00:35.139000,10862,209,5,100,False,0,car,1712.7758333333331,0.3189466967357639,-5480.944927108912,2660.467074442794,148.4985397184111,car,0 days 01:23:53.690000
2024-04-21 07:32:12.763,0 days 01:23:54.090000,0 days 00:00:35.539000,11366,218,5,100,False,0,car,1736.9980555555553,0.323457268180681,-5368.458245578471,2424.899788508824,153.46113999156466,car,0 days 01:23:54.090000
2024-04-21 07:32:12.923,0 days 01:23:54.250000,0 days 00:00:35.699000,11621,225,5,100,False,0,car,1746.998055555555,0.32531943070381186,-5308.845414776117,2291.3893825166115,154.75910576416064,car,0 days 01:23:54.250000
2024-04-21 07:32:13.363,0 days 01:23:54.690000,0 days 00:00:36.139000,11895,235,5,100,False,0,car,1775.7202777777777,0.33066797528413794,-5236.819244674276,2127.48268164465,156.01051973809953,car,0 days 01:23:54.690000
2024-04-21 07:32:13.523,0 days 01:23:54.850000,0 days 00:00:36.299000,11055,239,5,100,False,0,car,1786.3424999999997,0.33264600569759695,-5195.383913083861,2033.4753534632096,156.00609241344748,car,0 days 01:23:54.850000
2024-04-21 07:32:13.803,0 days 01:23:55.130000,0 days 00:00:36.579000,10954,242,6,100,False,0,car,1805.164722222222,0.33615100938002335,-5120.128113458662,1866.3909348460472,156.037176523617,car,0 days 01:23:55.130000
2024-04-21 07:32:14.083,0 days 01:23:55.410000,0 days 00:00:36.859000,11174,249,6,100,False,0,car,1824.5313888888888,0.33975739746648687,-5045.848379988522,1707.3753371512823,155.60335197782837,car,0 days 01:23:55.410000
2024-04-21 07:32:14.283,0 days 01:23:55.610000,0 days 00:00:37.059000,11281,253,6,100,False,0,car,1838.586944444444,0.3423747703462208,-4973.216972815968,1568.20894105169,153.28137572056323,car,0 days 01:23:55.610000
2024-04-21 07:32:14.643,0 days 01:23:55.970000,0 days 00:00:37.419000,11546,258,6,100,False,0,car,1864.386944444444,0.3471791496558985,-4835.370033173271,1333.3045156116493,148.79218487215763,car,0 days 01:23:55.970000
2024-04-21 07:32:15.083,0 days 01:23:56.410000,0 days 00:00:37.859000,11759,262,6,100,False,0,car,1896.4091666666666,0.3531422078688578,-4650.751790067232,1106.8007381759576,143.60207791741124,car,0 days 01:23:56.410000
2024-04-21 07:32:15.363,0 days 01:23:56.690000,0 days 00:00:38.139000,11658,261,6,63,False,0,car,1916.7091666666668,0.3569223977908136,-4385.1055901711225,886.5492353962954,141.3775549380104,car,0 days 01:23:56.690000
2024-04-21 07:32:15.683,0 days 01:23:57.010000,0 days 00:00:38.459000,11451,257,6,51,False,0,car,1939.5536111111112,0.36117640462143263,-4196.195615991797,778.3018107599546,140.83892222232217,car,0 days 01:23:57.010000
2024-04-21 07:32:15.963,0 days 01:23:57.290000,0 days 00:00:38.739000,11117,252,6,20,False,0,car,1959.1536111111109,0.36482624316676915,-4061.0341576456644,729.1859911015181,141.00241823862615,car,0 days 01:23:57.290000
2024-04-21 07:32:16.243,0 days 01:23:57.570000,0 days 00:00:39.019000,10531,244,6,42,False,0,car,1978.1313888888888,0.3683602138217776,-3803.353416776611,674.5166647793508,140.9985895724869,car,0 days 01:23:57.570000
2024-04-21 07:32:16.523,0 days 01:23:57.850000,0 days 00:00:39.299000,10609,239,6,50,False,0,car,1996.7202777777777,0.37182176704533093,-3688.7916552494385,662.6373890022171,141.00014373986116,car,0 days 01:23:57.850000
2024-04-21 07:32:16.683,0 days 01:23:58.010000,0 days 00:00:39.459000,10609,237,6,50,False,0,car,2007.2536111111112,0.37378324490302883,-3603.8336193873647,664.8452486971814,140.99989186159524,car,0 days 01:23:58.010000
2024-04-21 07:32:17.003,0 days 01:23:58.330000,0 days 00:00:39.779000,10429,234,6,50,False,0,car,2028.0536111111112,0.37765654295114115,-3394.127158537009,689.6310315999572,141.00005352439442,car,0 days 01:23:58.330000
2024-04-21 07:32:17.243,0 days 01:23:58.570000,0 days 00:00:40.019000,10420,231,6,65,False,0,car,2043.4536111111108,0.3805242732367627,-3249.9313771326283,728.27261374099,141.0008258914653,car,0 days 01:23:58.570000
2024-04-21 07:32:17.483,0 days 01:23:58.810000,0 days 00:00:40.259000,10371,230,6,65,False,0,car,2058.786944444444,0.38337958910556336,-3103.704757919587,787.7922994530769,140.9984892295435,car,0 days 01:23:58.810000
2024-04-21 07:32:17.723,0 days 01:23:59.050000,0 days 00:00:40.499000,10373,229,6,70,False,0,car,2074.053611111111,0.38622249055754326,-2979.56326303287,857.8904293180204,140.9734219517096,car,0 days 01:23:59.050000
2024-04-21 07:32:18.163,0 days 01:23:59.490000,0 days 00:00:40.939000,10531,231,6,91,False,0,car,2102.286944444444,0.39147999608118283,-2762.2600205151293,1029.9498181675608,142.0190558513875,car,0 days 01:23:59.490000
2024-04-21 07:32:18.364,0 days 01:23:59.691000,0 days 00:00:41.140000,10574,233,6,92,False,0,car,2115.296111111111,0.3939025143435659,-2675.836583953906,1123.0882004391453,142.3749199281508,car,0 days 01:23:59.691000
2024-04-21 07:32:18.643,0 days 01:23:59.970000,0 days 00:00:41.419000,10797,238,6,100,False,0,car,2133.7411111111105,0.3973372731174808,-2569.993027138259,1267.171283963713,145.69222247270278,car,0 days 01:23:59.970000
2024-04-21 07:32:18.923,0 days 01:24:00.250000,0 days 00:00:41.699000,10949,242,6,100,False,0,car,2152.5633333333326,0.40084227679990714,-2477.603954171809,1425.7872907956416,147.60802548597505,car,0 days 01:24:00.250000
2024-04-21 07:32:19.203,0 days 01:24:00.530000,0 days 00:00:41.979000,11056,245,6,100,False,0,car,2171.6188888888883,0.4043907309412066,-2392.5311358877107,1599.666757446391,151.19108310460928,car,0 days 01:24:00.530000
2024-04-21 07:32:19.563,0 days 01:24:00.890000,0 days 00:00:42.339000,10361,245,6,0,True,0,car,2196.1188888888883,0.40895302912287734,-2285.3035034714167,1833.6114602580305,156.56713799042728,car,0 days 01:24:00.890000
2024-04-21 07:32:19.843,0 days 01:24:01.170000,0 days 00:00:42.619000,10217,218,6,0,True,0,car,2213.074444444444,0.41211042913431933,-2190.436851794563,1986.4249152418593,160.1789359256046,car,0 days 01:24:01.170000
2024-04-21 07:32:20.243,0 days 01:24:01.570000,0 days 00:00:43.019000,9812,197,5,0,True,0,car,2234.9633333333327,0.41618649599050583,-2009.295687178274,2198.922863501516,163.89035477181625,car,0 days 01:24:01.570000
2024-04-21 07:32:20.643,0 days 01:24:01.970000,0 days 00:00:43.419000,10584,181,4,0,True,0,car,2255.0744444444435,0.41993151173146903,-1847.6742719689648,2319.180132339486,164.89742791742555,car,0 days 01:24:01.970000
2024-04-21 07:32:20.803,0 days 01:24:02.130000,0 days 00:00:43.579000,10337,178,4,0,True,0,car,2262.985555555555,0.42140468919421264,-1776.7976199187608,2356.4786036107057,165.32690170527866,car,0 days 01:24:02.130000
2024-04-21 07:32:21.003,0 days 01:24:02.330000,0 days 00:00:43.779000,9928,174,4,0,False,0,car,2272.652222222222,0.42320477963323927,-1686.9765120209652,2394.028757167364,166.0776208132417,car,0 days 01:24:02.330000
2024-04-21 07:32:21.323,0 days 01:24:02.650000,0 days 00:00:44.099000,9865,164,4,7,False,0,car,2287.2299999999996,0.42591939877807006,-1549.3088441197942,2428.8493887064315,165.97715848365812,car,0 days 01:24:02.650000
2024-04-21 07:32:21.603,0 days 01:24:02.930000,0 days 00:00:44.379000,9657,161,4,37,False,0,car,2299.752222222222,0.428251240070924,-1431.573078708068,2440.933629029316,166.0012422306468,car,0 days 01:24:02.930000
2024-04-21 07:32:21.883,0 days 01:24:03.210000,0 days 00:00:44.659000,9603,159,4,28,False,0,car,2312.1188888888887,0.4305541143911959,-1305.8785509012364,2432.8850968093484,166.00486242577972,car,0 days 01:24:03.210000
2024-04-21 07:32:22.203,0 days 01:24:03.530000,0 days 00:00:44.979000,9413,159,4,21,False,0,car,2326.252222222222,0.4331859707572209,-1130.740252596995,2391.189324056275,165.9212851489754,car,0 days 01:24:03.530000
2024-04-21 07:32:22.363,0 days 01:24:03.690000,0 days 00:00:45.139000,9413,156,4,21,False,0,car,2333.1855555555553,0.43447707010659165,-1096.782850752741,2376.6823909265922,165.68877200764265,car,0 days 01:24:03.690000
2024-04-21 07:32:22.563,0 days 01:24:03.890000,0 days 00:00:45.339000,9206,153,4,23,False,0,car,2341.6855555555553,0.43605990825125296,-1042.9227815884556,2347.967779214364,164.74343553610152,car,0 days 01:24:03.890000
2024-04-21 07:32:22.843,0 days 01:24:04.170000,0 days 00:00:45.619000,9131,151,4,40,False,0,car,2353.43,0.4382469146811967,-914.4728095932342,2260.2368381723822,162.5169238925356,car,0 days 01:24:04.170000
2024-04-21 07:32:23.163,0 days 01:24:04.490000,0 days 00:00:45.939000,9424,153,4,63,False,0,car,2367.0299999999997,0.4407794557126547,-831.4251455307985,2189.723688516003,161.14545972725222,car,0 days 01:24:04.490000
2024-04-21 07:32:23.363,0 days 01:24:04.690000,0 days 00:00:46.139000,9625,155,4,68,False,0,car,2375.641111111111,0.44238298455201747,-792.4930874842207,2141.5393761613554,158.672046856721,car,0 days 01:24:04.690000
2024-04-21 07:32:23.523,0 days 01:24:04.850000,0 days 00:00:46.299000,9880,159,4,73,False,0,car,2382.7077777777777,0.44369891273503,-749.812274418955,2085.505396732837,156.81271674435297,car,0 days 01:24:04.850000
2024-04-21 07:32:23.763,0 days 01:24:05.090000,0 days 00:00:46.539000,10018,163,4,73,False,0,car,2393.5744444444445,0.44572246267683224,-681.9436895131445,1972.9698022383843,157.09284160204552,car,0 days 01:24:05.090000
2024-04-21 07:32:24.123,0 days 01:24:05.450000,0 days 00:00:46.899000,10371,173,4,76,False,0,car,2410.8744444444446,0.44894400384184874,-615.2223213222175,1830.7616078581093,152.40519999684912,car,0 days 01:24:05.450000
2024-04-21 07:32:24.523,0 days 01:24:05.850000,0 days 00:00:47.299000,9745,153,4,0,True,0,car,2427.8744444444446,0.4521096801311713,-561.8899937420074,1685.9774586581696,150.82070097111222,car,0 days 01:24:05.850000
2024-04-21 07:32:24.683,0 days 01:24:06.010000,0 days 00:00:47.459000,10296,153,4,0,True,0,car,2434.674444444445,0.45337595064690034,-536.8380813036973,1622.5698781465703,147.55199487557724,car,0 days 01:24:06.010000
2024-04-21 07:32:24.884,0 days 01:24:06.211000,0 days 00:00:47.660000,9596,138,3,0,True,0,car,2442.3794444444447,0.45481074687097267,-469.3537680478348,1494.6976388915155,146.07124830334703,car,0 days 01:24:06.211000
2024-04-21 07:32:25.203,0 days 01:24:06.530000,0 days 00:00:47.979000,9061,127,3,0,True,0,car,2453.633055555556,0.45690635215707276,-399.12789034572666,1413.0302489661362,144.65455414444043,car,0 days 01:24:06.530000
2024-04-21 07:32:25.403,0 days 01:24:06.730000,0 days 00:00:48.179000,8411,120,3,0,True,0,car,2460.299722222223,0.4581477938391601,-349.74009714936847,1367.1580048303163,143.62994210681933,car,0 days 01:24:06.730000
2024-04-21 07:32:25.563,0 days 01:24:06.890000,0 days 00:00:48.339000,8060,115,3,0,True,0,car,2465.410833333334,0.45909956579542693,-311.1156229196699,1337.5973077931394,142.69112258447225,car,0 days 01:24:06.890000
2024-04-21 07:32:25.723,0 days 01:24:07.050000,0 days 00:00:48.499000,7778,112,3,0,True,0,car,2470.388611111112,0.4600265089180522,-277.5831512708948,1314.8308325413986,142.17439980758292,car,0 days 01:24:07.050000
2024-04-21 07:32:25.883,0 days 01:24:07.210000,0 days 00:00:48.659000,7600,112,3,0,True,0,car,2475.3663888888896,0.46095345204067734,-217.52807830890362,1290.5224406489565,141.97739233885991,car,0 days 01:24:07.210000
2024-04-21 07:32:26.163,0 days 01:24:07.490000,0 days 00:00:48.939000,7496,103,3,0,False,0,car,2483.3775000000005,0.46244525112865215,-120.38703222919469,1261.5993613545998,142.00630797860185,car,0 days 01:24:07.490000
2024-04-21 07:32:26.323,0 days 01:24:07.650000,0 days 00:00:49.099000,7150,101,3,0,False,0,car,2487.866388888889,0.46328115519459084,-107.59303537450394,1261.8187175363469,141.99951121220275,car,0 days 01:24:07.650000
2024-04-21 07:32:26.563,0 days 01:24:07.890000,0 days 00:00:49.339000,7440,99,3,46,False,0,car,2494.466388888889,0.46451018245985726,-39.66784283858253,1259.01358996954,142.00000505262892,car,0 days 01:24:07.890000
2024-04-21 07:32:26.763,0 days 01:24:08.090000,0 days 00:00:49.539000,7757,102,3,51,False,0,car,2500.133055555556,0.46556540788963147,30.48337378582724,1267.7271633486448,142.00018668054764,car,0 days 01:24:08.090000
2024-04-21 07:32:26.923,0 days 01:24:08.250000,0 days 00:00:49.699000,7867,104,3,52,False,0,car,2504.7552777777782,0.466426140789212,78.40391850998812,1278.4239644316485,141.9999851318087,car,0 days 01:24:08.250000
2024-04-21 07:32:27.283,0 days 01:24:08.610000,0 days 00:00:50.059000,8292,110,3,58,False,0,car,2515.7552777777782,0.468474519564656,155.3792591685356,1310.9393528543656,142.00000794206454,car,0 days 01:24:08.610000
2024-04-21 07:32:27.563,0 days 01:24:08.890000,0 days 00:00:50.339000,8901,117,3,63,False,0,car,2524.855277777778,0.4701690874607051,224.87736658353276,1353.724459741271,141.99999926217444,car,0 days 01:24:08.890000
2024-04-21 07:32:27.803,0 days 01:24:09.130000,0 days 00:00:50.579000,9295,120,3,65,False,0,car,2532.855277777778,0.47165881747920985,299.6005739365206,1423.1961409130768,142.00000011721062,car,0 days 01:24:09.130000
2024-04-21 07:32:28.003,0 days 01:24:09.330000,0 days 00:00:50.779000,9644,125,3,73,False,0,car,2539.7997222222225,0.4729519858980507,363.8344939540335,1492.980273004323,141.99999996845742,car,0 days 01:24:09.330000
2024-04-21 07:32:28.323,0 days 01:24:09.650000,0 days 00:00:51.099000,10076,138,3,71,False,0,car,2552.066388888889,0.4752362385930913,396.60616533299464,1540.1824768946544,142.000000006003,car,0 days 01:24:09.650000
2024-04-21 07:32:28.603,0 days 01:24:09.930000,0 days 00:00:51.379000,8865,142,3,74,False,0,car,2563.1108333333336,0.47729289364641586,465.4821377686294,1671.1268424604698,141.99999999925905,car,0 days 01:24:09.930000
2024-04-21 07:32:28.963,0 days 01:24:10.290000,0 days 00:00:51.739000,9528,152,4,77,False,0,car,2578.3108333333334,0.48012338068157484,510.23912972076795,1789.0686263686896,142.00000000002947,car,0 days 01:24:10.290000
2024-04-21 07:32:29.283,0 days 01:24:10.610000,0 days 00:00:52.059000,9939,159,4,72,False,0,car,2592.4441666666667,0.4827552370475998,536.3646221483788,1941.4753095473998,141.99999999998784,car,0 days 01:24:10.610000
2024-04-21 07:32:29.563,0 days 01:24:10.890000,0 days 00:00:52.339000,10175,165,4,72,False,0,car,2605.2775,0.48514501228561785,541.5697596557275,2053.675579853181,142.00000000001054,car,0 days 01:24:10.890000
2024-04-21 07:32:29.723,0 days 01:24:11.050000,0 days 00:00:52.499000,10468,168,4,75,False,0,car,2612.744166666667,0.4865354269695556,532.5169271683931,2112.277176686964,142.00000000000182,car,0 days 01:24:11.050000
2024-04-21 07:32:29.963,0 days 01:24:11.290000,0 days 00:00:52.739000,10870,173,4,86,False,0,car,2624.2775,0.4886831210795666,508.350856709778,2231.8611213925433,142.00000000003382,car,0 days 01:24:11.290000
2024-04-21 07:32:30.163,0 days 01:24:11.490000,0 days 00:00:52.939000,11193,175,4,91,False,0,car,2633.9997222222223,0.4904935568659438,482.95675945514506,2315.1632599381624,141.99999999993764,car,0 days 01:24:11.490000
2024-04-21 07:32:30.523,0 days 01:24:11.850000,0 days 00:00:53.299000,11376,191,4,100,False,0,car,2653.099722222222,0.49405028728512385,417.48080413567,2481.9783234942674,141.99999999806926,car,0 days 01:24:11.850000
2024-04-21 07:32:30.803,0 days 01:24:12.130000,0 days 00:00:53.579000,10448,197,4,100,False,0,car,2668.4219444444443,0.49690353408445437,351.6815797995289,2612.0274956141284,142.00000004354425,car,0 days 01:24:12.130000
2024-04-21 07:32:31.203,0 days 01:24:12.530000,0 days 00:00:53.979000,10721,209,5,100,False,0,car,2691.6441666666665,0.5012278892770584,195.40794438145707,2867.255493886617,142.0000022186982,car,0 days 01:24:12.530000
2024-04-21 07:32:31.364,0 days 01:24:12.691000,0 days 00:00:54.140000,11115,214,5,100,False,0,car,2701.214722222222,0.5030100822651682,167.326197091331,2910.0008666030967,142.00000939619207,car,0 days 01:24:12.691000
2024-04-21 07:32:31.564,0 days 01:24:12.891000,0 days 00:00:54.340000,11357,216,5,100,False,0,car,2713.214722222222,0.5052446772929252,121.68729031166511,2979.657324555694,141.99998910158553,car,0 days 01:24:12.891000
2024-04-21 07:32:31.804,0 days 01:24:13.131000,0 days 00:00:54.580000,11431,224,5,100,False,0,car,2728.148055555555,0.5080255066608006,41.24091453736616,3104.287615642642,142.00003641613011,car,0 days 01:24:13.131000
2024-04-21 07:32:32.043,0 days 01:24:13.370000,0 days 00:00:54.819000,11795,230,5,100,False,0,car,2743.4174999999996,0.510868925380148,-46.774418146083896,3242.324982399111,141.99862239060684,car,0 days 01:24:13.370000
2024-04-21 07:32:32.403,0 days 01:24:13.730000,0 days 00:00:55.179000,10567,237,5,100,False,0,car,2767.1174999999994,0.5152822505599682,-178.21774396401645,3453.712050519344,142.00907660897803,car,0 days 01:24:13.730000
2024-04-21 07:32:32.643,0 days 01:24:13.970000,0 days 00:00:55.419000,10885,242,6,100,False,0,car,2783.2508333333326,0.5182865394306194,-246.85774992112832,3566.6627332980593,141.99553655935227,car,0 days 01:24:13.970000
2024-04-21 07:32:32.803,0 days 01:24:14.130000,0 days 00:00:55.579000,10990,243,6,100,False,0,car,2794.050833333333,0.5202976749556009,-295.80074710813824,3647.3767690580353,141.9616084503586,car,0 days 01:24:14.130000
2024-04-21 07:32:33.043,0 days 01:24:14.370000,0 days 00:00:55.819000,11230,249,6,100,False,0,car,2810.650833333333,0.5233888647439983,-386.55327720644345,3795.506031503428,140.94427868030408,car,0 days 01:24:14.370000
2024-04-21 07:32:33.483,0 days 01:24:14.810000,0 days 00:00:56.259000,11451,255,6,100,False,0,car,2841.8174999999997,0.5291926046077562,-536.191702187437,4044.7416889500946,143.32754850975914,car,0 days 01:24:14.810000
2024-04-21 07:32:33.763,0 days 01:24:15.090000,0 days 00:00:56.539000,11602,259,6,100,False,0,car,2861.9619444444443,0.5329438275571299,-636.3765144587817,4213.741971958833,141.89588298425667,car,0 days 01:24:15.090000
2024-04-21 07:32:33.963,0 days 01:24:15.290000,0 days 00:00:56.739000,11741,262,6,100,False,0,car,2876.5174999999995,0.5356543085630204,-709.7816232154996,4338.767536170536,142.00776012774966,car,0 days 01:24:15.290000
2024-04-21 07:32:34.203,0 days 01:24:15.530000,0 days 00:00:56.979000,11775,265,6,100,False,0,car,2894.1841666666664,0.5389441290205517,-875.0197036103585,4629.645619673204,141.99857384459494,car,0 days 01:24:15.530000
2024-04-21 07:32:34.443,0 days 01:24:15.770000,0 days 00:00:57.219000,12007,268,6,100,False,0,car,2912.0508333333332,0.5422711927285456,-966.6656679266331,4791.280948128822,142.00115293755854,car,0 days 01:24:15.770000
2024-04-21 07:32:34.683,0 days 01:24:16.010000,0 days 00:00:57.459000,12172,270,6,100,False,0,car,2930.0508333333332,0.5456230852701812,-1024.991632056729,4894.896920271651,141.99979332886386,car,0 days 01:24:16.010000
2024-04-21 07:32:34.843,0 days 01:24:16.170000,0 days 00:00:57.619000,12051,270,6,0,False,0,pos,2942.050833333333,0.5478576802979382,-1087.0,5007.0,142.0,car,0 days 01:24:16.170000
2024-04-21 07:32:35.123,0 days 01:24:16.450000,0 days 00:00:57.899000,11207,246,6,0,True,0,car,2961.184166666666,0.5514206179255287,-1226.8841349756528,5264.082394242538,142.0000816138281,car,0 days 01:24:16.450000
2024-04-21 07:32:35.323,0 days 01:24:16.650000,0 days 00:00:58.099000,10041,223,6,0,True,0,car,2973.5730555555547,0.5537276303847408,-1254.7960373478509,5313.714929718655,142.00059246442333,car,0 days 01:24:16.650000
2024-04-21 07:32:35.723,0 days 01:24:17.050000,0 days 00:00:58.499000,9695,187,6,0,True,0,car,2994.350833333333,0.557596790293913,-1379.1701223052855,5534.224563402646,142.00090434098766,car,0 days 01:24:17.050000
2024-04-21 07:32:35.923,0 days 01:24:17.250000,0 days 00:00:58.699000,10255,171,5,0,True,0,car,3003.850833333333,0.5593658446908872,-1403.5748376339604,5577.948651162681,142.01043912560988,car,0 days 01:24:17.250000
2024-04-21 07:32:36.363,0 days 01:24:17.690000,0 days 00:00:59.139000,10285,143,4,0,True,0,car,3021.328611111111,0.5626204909674262,-1493.473151608752,5730.831513579418,142.12263818977397,car,0 days 01:24:17.690000
2024-04-21 07:32:36.803,0 days 01:24:18.130000,0 days 00:00:59.579000,8471,122,3,0,True,0,car,3036.239722222222,0.5653971821963614,-1580.029114225546,5851.626326456377,144.33300752356627,car,0 days 01:24:18.130000
2024-04-21 07:32:37.203,0 days 01:24:18.530000,0 days 00:00:59.979000,7424,107,3,0,True,0,car,3048.128611111111,0.5676110865294169,-1668.1699057797305,5932.604251436385,146.6231393183316,car,0 days 01:24:18.530000
2024-04-21 07:32:37.403,0 days 01:24:18.730000,0 days 00:01:00.179000,7081,101,3,0,True,0,car,3053.739722222222,0.5686559666118404,-1716.228548711071,5960.111990959669,148.00242845118063,car,0 days 01:24:18.730000
2024-04-21 07:32:37.563,0 days 01:24:18.890000,0 days 00:01:00.339000,6587,95,3,0,True,0,car,3057.9619444444443,0.5694422130104957,-1754.1722798273252,5975.312385416605,147.9732170982315,car,0 days 01:24:18.890000
2024-04-21 07:32:37.964,0 days 01:24:19.291000,0 days 00:01:00.740000,5982,86,3,0,False,0,car,3067.541388888889,0.5712260612541816,-1867.713031695015,5996.391887256653,149.9454457933779,car,0 days 01:24:19.291000
2024-04-21 07:32:38.124,0 days 01:24:19.451000,0 days 00:01:00.900000,6039,83,3,4,False,0,car,3071.2302777777777,0.5719129923182699,-1885.129351140732,5992.633469919017,150.8682485351008,car,0 days 01:24:19.451000
2024-04-21 07:32:38.404,0 days 01:24:19.731000,0 days 00:01:01.180000,6261,82,3,17,False,0,car,3077.6080555555554,0.5731006381941334,-1942.393793678918,5978.697097670057,153.32067826196266,car,0 days 01:24:19.731000
2024-04-21 07:32:38.763,0 days 01:24:20.090000,0 days 00:01:01.539000,6373,84,3,48,False,0,car,3085.984722222222,0.574660509667676,-2018.699216305118,5944.747264489372,156.84465464421365,car,0 days 01:24:20.090000
2024-04-21 07:32:39.003,0 days 01:24:20.330000,0 days 00:01:01.779000,6639,86,3,53,False,0,car,3091.7180555555556,0.5757281495142711,-2062.7253038506683,5914.65310731247,156.89858156182962,car,0 days 01:24:20.330000
2024-04-21 07:32:39.483,0 days 01:24:20.810000,0 days 00:01:02.259000,7336,94,3,67,False,0,car,3104.251388888889,0.5780620598765952,-2169.8289647609836,5817.901586627957,160.8590132874764,car,0 days 01:24:20.810000
2024-04-21 07:32:39.883,0 days 01:24:21.210000,0 days 00:01:02.659000,7242,106,3,0,False,0,car,3116.0291666666667,0.5802552735149493,-2235.515820296187,5765.224799890242,164.27340521223434,car,0 days 01:24:21.210000
2024-04-21 07:32:40.163,0 days 01:24:21.490000,0 days 00:01:02.939000,7134,102,3,0,False,0,car,3123.9625,0.5817325891166332,-2302.5855007828204,5723.965433670614,166.71171831659788,car,0 days 01:24:21.490000
2024-04-21 07:32:40.523,0 days 01:24:21.850000,0 days 00:01:03.299000,6925,98,3,0,False,0,car,3133.7625000000003,0.5835575083893015,-2390.3518065474896,5690.067494634586,169.23552109812766,car,0 days 01:24:21.850000
2024-04-21 07:32:40.963,0 days 01:24:22.290000,0 days 00:01:03.739000,6787,94,3,30,False,0,car,3145.2513888888893,0.585696926221432,-2554.1942983907547,5686.777865490152,173.4242782860431,car,0 days 01:24:22.290000
2024-04-21 07:32:41.363,0 days 01:24:22.690000,0 days 00:01:04.139000,7326,95,3,51,False,0,car,3155.806944444445,0.5876625422180701,-2657.511149121582,5714.621895830916,173.98502047084986,car,0 days 01:24:22.690000
2024-04-21 07:32:41.643,0 days 01:24:22.970000,0 days 00:01:04.419000,7704,101,3,53,False,0,car,3163.6625000000004,0.5891253743334629,-2718.877322941646,5743.324905732781,174.00989027454082,car,0 days 01:24:22.970000
2024-04-21 07:32:41.883,0 days 01:24:23.210000,0 days 00:01:04.659000,7995,104,3,55,False,0,car,3170.5958333333338,0.5904164736828337,-2778.130694899627,5782.305916781218,173.98192878613565,car,0 days 01:24:23.210000
2024-04-21 07:32:42.043,0 days 01:24:23.370000,0 days 00:01:04.819000,8292,108,3,59,False,0,car,3175.3958333333335,0.5913103116939366,-2812.326191506333,5810.621851799595,174.01954825355458,car,0 days 01:24:23.370000
2024-04-21 07:32:42.363,0 days 01:24:23.690000,0 days 00:01:05.139000,8792,115,3,61,False,0,car,3185.6180555555557,0.5932138556064703,-2885.1178357897843,5891.69674259237,172.29305488810195,car,0 days 01:24:23.690000
2024-04-21 07:32:42.763,0 days 01:24:24.090000,0 days 00:01:05.539000,9162,126,3,65,False,0,car,3199.6180555555557,0.5958208831388536,-2960.3382256987743,6015.309405216625,172.3033304245826,car,0 days 01:24:24.090000
2024-04-21 07:32:43.003,0 days 01:24:24.330000,0 days 00:01:05.779000,9866,131,3,74,False,0,car,3208.351388888889,0.5974471717423878,-2979.7924146385762,6070.222889637083,171.58908085110863,car,0 days 01:24:24.330000
2024-04-21 07:32:43.363,0 days 01:24:24.690000,0 days 00:01:06.139000,10802,143,3,77,False,0,car,3222.651388888889,0.6001100641504651,-3012.015690169607,6202.670798372179,170.7242483616208,car,0 days 01:24:24.690000
2024-04-21 07:32:43.603,0 days 01:24:24.930000,0 days 00:01:06.379000,9444,147,3,77,False,0,car,3232.451388888889,0.6019349834231335,-3020.256730224323,6298.556437804248,170.01381471541913,car,0 days 01:24:24.930000
2024-04-21 07:32:43.803,0 days 01:24:25.130000,0 days 00:01:06.579000,9446,153,4,78,False,0,car,3240.9513888888887,0.6035178215677945,-3017.3772010616854,6382.373976024838,169.4485558095751,car,0 days 01:24:25.130000
2024-04-21 07:32:44.003,0 days 01:24:25.330000,0 days 00:01:06.779000,9818,158,4,81,False,0,car,3249.7291666666665,0.6051523864492095,-3006.044600742625,6466.504493428534,168.4642461584158,car,0 days 01:24:25.330000
2024-04-21 07:32:44.243,0 days 01:24:25.570000,0 days 00:01:07.019000,10310,163,4,86,False,0,car,3260.5958333333338,0.6071759363910119,-2976.4097803086534,6573.402986601604,167.99363999087583,car,0 days 01:24:25.570000
2024-04-21 07:32:44.684,0 days 01:24:26.011000,0 days 00:01:07.460000,10198,176,4,77,False,0,car,3282.1558333333332,0.611190758790882,-2881.6045923025395,6764.28100456603,166.6702096519977,car,0 days 01:24:26.011000
2024-04-21 07:32:44.844,0 days 01:24:26.171000,0 days 00:01:07.620000,9333,178,5,71,False,0,car,3290.0669444444447,0.6126639362536257,-2804.323846358128,6865.861664779737,165.1398178734833,car,0 days 01:24:26.171000
2024-04-21 07:32:45.084,0 days 01:24:26.411000,0 days 00:01:07.860000,9416,180,5,69,False,0,car,3302.0669444444443,0.6148985312813826,-2741.1655155263647,6935.018391144716,164.07388417870604,car,0 days 01:24:26.411000
2024-04-21 07:32:45.244,0 days 01:24:26.571000,0 days 00:01:08.020000,9509,183,5,67,False,0,car,3310.2002777777775,0.6164130901335291,-2701.677101131564,6965.2504255136055,164.0004391132956,car,0 days 01:24:26.571000
2024-04-21 07:32:45.443,0 days 01:24:26.770000,0 days 00:01:08.219000,9472,184,5,67,False,0,car,3320.3713888888883,0.6183071163265002,-2614.619474045302,7026.952169168409,163.82620927519108,car,0 days 01:24:26.770000
2024-04-21 07:32:45.683,0 days 01:24:27.010000,0 days 00:01:08.459000,9865,186,5,75,False,0,car,3332.771388888889,0.6206161978551826,-2467.4847201503344,7103.932747351039,161.85876453789055,car,0 days 01:24:27.010000
2024-04-21 07:32:46.123,0 days 01:24:27.450000,0 days 00:01:08.899000,10359,195,5,85,False,0,car,3356.604722222222,0.6250543518686446,-2289.7811194462674,7160.538222191802,161.1085642096789,car,0 days 01:24:27.450000
2024-04-21 07:32:46.283,0 days 01:24:27.610000,0 days 00:01:09.059000,10368,198,5,92,False,0,car,3365.4047222222216,0.6266930548889997,-2205.8066312127075,7177.246023656059,160.0849175387644,car,0 days 01:24:27.610000
2024-04-21 07:32:46.563,0 days 01:24:27.890000,0 days 00:01:09.339000,10875,206,5,100,False,0,car,3381.426944444444,0.6296766530649495,-1931.0765260713824,7185.299723099792,158.19383547783397,car,0 days 01:24:27.890000
2024-04-21 07:32:46.923,0 days 01:24:28.250000,0 days 00:01:09.699000,11272,216,5,100,False,8,car,3403.026944444444,0.6336989241149122,-1707.0269357981786,7142.500712184344,156.5236745683346,car,0 days 01:24:28.250000
2024-04-21 07:32:47.283,0 days 01:24:28.610000,0 days 00:01:10.059000,11654,223,5,100,False,8,car,3425.326944444444,0.6378515465414941,-1512.4545230734657,7070.749963947032,154.99310294382906,car,0 days 01:24:28.610000
2024-04-21 07:32:47.763,0 days 01:24:29.090000,0 days 00:01:10.539000,10704,233,5,100,False,8,pos,3456.393611111111,0.6436366647800209,-1252.0,6913.0,152.0,car,0 days 01:24:29.090000
2024-04-21 07:32:48.123,0 days 01:24:29.450000,0 days 00:01:10.899000,10972,241,6,100,False,8,car,3480.493611111111,0.6481244764607663,-1088.9464491982253,6768.1434330427455,151.30233568070256,car,0 days 01:24:29.450000
2024-04-21 07:32:48.563,0 days 01:24:29.890000,0 days 00:01:11.339000,11153,247,6,100,False,8,car,3510.6825,0.6537461382111516,-867.5353624536716,6488.43868638296,149.98481992034584,car,0 days 01:24:29.890000
2024-04-21 07:32:48.803,0 days 01:24:30.130000,0 days 00:01:11.579000,11271,249,6,100,False,8,car,3527.2824999999993,0.6568373279995487,-794.9666071054115,6379.3791489313235,149.32259563331107,car,0 days 01:24:30.130000
2024-04-21 07:32:49.083,0 days 01:24:30.410000,0 days 00:01:11.859000,11541,256,6,100,False,8,car,3547.1936111111104,0.6605451004900493,-717.363900252099,6255.2047736041195,148.9940786333419,car,0 days 01:24:30.410000
2024-04-21 07:32:49.243,0 days 01:24:30.570000,0 days 00:01:12.019000,11699,259,6,100,False,8,car,3558.7047222222222,0.6626886564611202,-659.2439895066337,6162.890174940495,148.98800213371425,car,0 days 01:24:30.570000
2024-04-21 07:32:49.483,0 days 01:24:30.810000,0 days 00:01:12.259000,11764,263,6,100,False,8,car,3576.238055555555,0.6659536480850097,-580.3857201010279,6036.272004410018,149.18061275608738,car,0 days 01:24:30.810000
2024-04-21 07:32:49.803,0 days 01:24:31.130000,0 days 00:01:12.579000,10788,267,7,100,False,8,car,3599.9713888888878,0.6703731804732402,-402.9799067442138,5752.587860416126,147.89615887493417,car,0 days 01:24:31.130000
2024-04-21 07:32:50.003,0 days 01:24:31.330000,0 days 00:01:12.779000,10790,270,7,100,False,8,car,3614.9713888888878,0.6731664242579366,-359.2544742724365,5682.609318809156,147.12512268713118,car,0 days 01:24:31.330000
2024-04-21 07:32:50.203,0 days 01:24:31.530000,0 days 00:01:12.979000,10856,273,7,100,False,8,car,3630.1380555555547,0.6759907040846852,-295.47378702230384,5582.577457345222,146.54728112941646,car,0 days 01:24:31.530000
2024-04-21 07:32:50.363,0 days 01:24:31.690000,0 days 00:01:13.139000,11000,276,7,100,False,8,car,3642.404722222221,0.6782749567797257,-217.63289156853375,5460.384895601986,145.73892692804662,car,0 days 01:24:31.690000
2024-04-21 07:32:50.523,0 days 01:24:31.850000,0 days 00:01:13.299000,11084,278,7,100,False,8,car,3654.7602777777774,0.6805757620305276,-123.90894072427973,5312.502317642422,144.421397419753,car,0 days 01:24:31.850000
2024-04-21 07:32:50.803,0 days 01:24:32.130000,0 days 00:01:13.579000,11219,281,7,100,False,8,car,3676.615833333332,0.6846456216783035,-36.4854995059701,5172.859041497186,143.98265018639174,car,0 days 01:24:32.130000
2024-04-21 07:32:51.003,0 days 01:24:32.330000,0 days 00:01:13.779000,11231,284,7,100,False,8,car,3692.3936111111097,0.68758370032591,15.363846595681595,5088.90778699896,143.8167669793442,car,0 days 01:24:32.330000
2024-04-21 07:32:51.444,0 days 01:24:32.771000,0 days 00:01:14.220000,11378,288,7,100,False,8,car,3727.67361111111,0.6941534097075159,265.0901598591322,4691.35199506215,141.9337506055138,car,0 days 01:24:32.771000
2024-04-21 07:32:51.644,0 days 01:24:32.971000,0 days 00:01:14.420000,11479,290,7,100,False,8,car,3743.7847222222213,0.6971535604392268,317.41267976597425,4606.764673977051,141.8287747034737,car,0 days 01:24:32.971000
2024-04-21 07:32:51.844,0 days 01:24:33.171000,0 days 00:01:14.620000,11498,291,7,100,False,8,car,3759.9513888888882,0.7001640565182885,371.221513391842,4520.365026866764,142.01246423486327,car,0 days 01:24:33.171000
2024-04-21 07:32:52.043,0 days 01:24:33.370000,0 days 00:01:14.819000,11629,292,7,100,False,8,car,3776.0924999999993,0.7031697937375688,463.23100826781035,4374.940436116592,141.8253823823391,car,0 days 01:24:33.370000
2024-04-21 07:32:52.243,0 days 01:24:33.570000,0 days 00:01:15.019000,11306,295,7,100,False,8,car,3792.4813888888884,0.7062216712060334,537.9189524339355,4256.784949232624,141.07361918058817,car,0 days 01:24:33.570000
2024-04-21 07:32:52.683,0 days 01:24:34.010000,0 days 00:01:15.459000,10585,297,8,100,False,8,car,3828.781388888888,0.7129813211649986,734.0077500513992,3943.5106719882447,140.8100391229594,car,0 days 01:24:34.010000
2024-04-21 07:32:53.043,0 days 01:24:34.370000,0 days 00:01:15.819000,10682,299,8,100,False,8,car,3858.6813888888883,0.7185491871091599,882.0389898442693,3706.2720846842467,142.09229128179533,car,0 days 01:24:34.370000
2024-04-21 07:32:53.443,0 days 01:24:34.770000,0 days 00:01:16.219000,10759,302,8,100,False,8,car,3892.236944444443,0.724797776908999,1055.543273310987,3432.7310691587904,141.8964988438814,car,0 days 01:24:34.770000
2024-04-21 07:32:53.763,0 days 01:24:35.090000,0 days 00:01:16.539000,10853,304,8,100,False,8,car,3919.259166666666,0.729829753860393,1221.2452184196059,3168.2188784573104,140.9063605138731,car,0 days 01:24:35.090000
2024-04-21 07:32:53.963,0 days 01:24:35.290000,0 days 00:01:16.739000,10845,304,8,100,False,8,car,3936.148055555555,0.732974739455014,1326.0828420144628,3002.3599225378894,141.03349926603022,car,0 days 01:24:35.290000
2024-04-21 07:32:54.323,0 days 01:24:35.650000,0 days 00:01:17.099000,10933,306,8,100,False,8,car,3966.748055555555,0.7386729567757946,1443.7068923710162,2817.0947239062693,140.88170341534294,car,0 days 01:24:35.650000
2024-04-21 07:32:54.683,0 days 01:24:36.010000,0 days 00:01:17.459000,10956,308,8,100,False,14,car,3997.5480555555546,0.7444084173470378,1610.9562299593306,2553.568627902456,141.998208652531,car,0 days 01:24:36.010000
2024-04-21 07:32:55.043,0 days 01:24:36.370000,0 days 00:01:17.819000,11085,312,8,100,False,12,car,4028.7480555555544,0.7502183644192061,1825.4181431199534,2214.1380675968157,140.79791105345814,car,0 days 01:24:36.370000
2024-04-21 07:32:55.283,0 days 01:24:36.610000,0 days 00:01:18.059000,11166,313,8,100,False,12,car,4049.6147222222207,0.7541040768841393,1874.7592395963563,2134.8161751626676,141.02196846956318,car,0 days 01:24:36.610000
2024-04-21 07:32:56.443,0 days 01:24:37.770000,0 days 00:01:19.219000,11387,322,8,100,False,12,car,4153.370277777776,0.7734250475963574,2520.883732235559,1117.1006406821896,142.01526958334284,car,0 days 01:24:37.770000
2024-04-21 07:32:56.603,0 days 01:24:37.930000,0 days 00:01:19.379000,11387,323,8,100,False,12,car,4167.725833333333,0.7760982853517856,2589.784522282991,1007.2727031832078,142.00139433532868,car,0 days 01:24:37.930000
2024-04-21 07:32:56.763,0 days 01:24:38.090000,0 days 00:01:19.539000,11451,324,8,100,False,12,car,4182.125833333333,0.778779799385094,2662.292275964606,888.7052099555868,142.0000571100242,car,0 days 01:24:38.090000
2024-04-21 07:32:57.003,0 days 01:24:38.330000,0 days 00:01:19.779000,11582,325,8,100,False,12,car,4203.792499999999,0.7828144848518775,2768.0181249746934,725.07735361649,141.99998629934643,car,0 days 01:24:38.330000
2024-04-21 07:32:57.283,0 days 01:24:38.610000,0 days 00:01:20.059000,11590,327,8,100,False,12,car,4229.225833333332,0.7875505848690405,2935.193547552338,464.92716542323683,142.00000156186186,car,0 days 01:24:38.610000
2024-04-21 07:32:57.523,0 days 01:24:38.850000,0 days 00:01:20.299000,11669,329,8,100,False,12,car,4251.159166666666,0.7916349280031078,3077.437171705399,242.72794949976418,141.9999994397271,car,0 days 01:24:38.850000
2024-04-21 07:32:57.764,0 days 01:24:39.091000,0 days 00:01:20.540000,11782,330,8,100,False,12,car,4273.250833333333,0.7957487553771244,3130.7328373331416,160.8800172030109,142.0000000023992,car,0 days 01:24:39.091000
2024-04-21 07:32:57.924,0 days 01:24:39.251000,0 days 00:01:20.700000,11700,330,8,100,False,12,car,4287.917499999999,0.7984799270777163,3206.1558504582977,45.67259889939808,142.00000002271162,car,0 days 01:24:39.251000
2024-04-21 07:32:58.244,0 days 01:24:39.571000,0 days 00:01:21.020000,11716,331,8,100,False,12,car,4317.33972222222,0.8039588230346613,3362.798492789876,-196.27802389309196,142.00000008972583,car,0 days 01:24:39.571000
2024-04-21 07:32:58.404,0 days 01:24:39.731000,0 days 00:01:21.180000,11701,332,8,100,False,12,car,4332.095277777777,0.8067065472910147,3442.6899115123206,-321.5707748209526,141.99999985268286,car,0 days 01:24:39.731000
2024-04-21 07:32:58.564,0 days 01:24:39.891000,0 days 00:01:21.340000,11848,333,8,100,False,12,car,4346.895277777776,0.8094625478252482,3517.6037001386735,-436.2076882153436,141.9999989846365,car,0 days 01:24:39.891000
2024-04-21 07:32:58.963,0 days 01:24:40.290000,0 days 00:01:21.739000,11744,333,8,100,False,12,car,4383.802777777776,0.8163353241574937,3724.987210328058,-759.0643980987691,141.99994505434665,car,0 days 01:24:40.290000
2024-04-21 07:32:59.283,0 days 01:24:40.610000,0 days 00:01:22.059000,11771,333,8,100,False,12,car,4413.402777777776,0.821847325225961,3918.751390559784,-1060.2058755752082,142.00033425588333,car,0 days 01:24:40.610000
2024-04-21 07:32:59.683,0 days 01:24:41.010000,0 days 00:01:22.459000,11827,333,8,100,False,12,car,4450.4027777777765,0.8287373265615455,4185.50926806422,-1472.7844572507347,141.99924996212835,car,0 days 01:24:41.010000
2024-04-21 07:32:59.843,0 days 01:24:41.170000,0 days 00:01:22.619000,11754,334,8,100,False,12,car,4465.24722222222,0.8315016033736597,4263.125432041428,-1592.2280767108746,142.01132816954296,car,0 days 01:24:41.170000
2024-04-21 07:33:00.123,0 days 01:24:41.450000,0 days 00:01:22.899000,11830,334,8,100,False,12,car,4491.2249999999985,0.8363390877948599,4348.712288705674,-1724.4897844626887,141.99219972526066,car,0 days 01:24:41.450000
2024-04-21 07:33:00.563,0 days 01:24:41.890000,0 days 00:01:23.339000,11732,335,8,0,False,0,car,4532.169444444443,0.8439636087923459,4570.9498274704165,-2065.1980983012604,142.94723055851512,car,0 days 01:24:41.890000
2024-04-21 07:33:00.723,0 days 01:24:42.050000,0 days 00:01:23.499000,11592,315,8,0,True,0,car,4546.169444444443,0.8465706363247292,4646.023868746906,-2178.270598374422,142.90384421439282,car,0 days 01:24:42.050000
2024-04-21 07:33:01.003,0 days 01:24:42.330000,0 days 00:01:23.779000,9952,287,8,0,True,0,pos,4568.491666666665,0.8507273968902513,4762.0,-2351.0,142.0,car,0 days 01:24:42.330000
2024-04-21 07:33:01.163,0 days 01:24:42.490000,0 days 00:01:23.939000,10068,262,8,0,True,0,car,4580.136111111109,0.8528957816949637,4825.767160979087,-2445.772124913854,141.95762259311948,car,0 days 01:24:42.490000
2024-04-21 07:33:01.323,0 days 01:24:42.650000,0 days 00:01:24.099000,10239,237,8,0,True,0,car,4590.669444444443,0.8548572595526617,4900.880643380146,-2557.290723425573,142.66031099762085,car,0 days 01:24:42.650000
2024-04-21 07:33:01.603,0 days 01:24:42.930000,0 days 00:01:24.379000,10887,216,8,0,True,0,car,4607.469444444443,0.8579856925915216,4990.911426146695,-2691.495550529081,143.09570160081415,car,0 days 01:24:42.930000
2024-04-21 07:33:01.963,0 days 01:24:43.290000,0 days 00:01:24.739000,10636,179,5,0,True,0,car,4625.369444444443,0.8613189635079259,5083.367680720622,-2829.521070651075,142.99653155260918,car,0 days 01:24:43.290000
2024-04-21 07:33:02.123,0 days 01:24:43.450000,0 days 00:01:24.899000,10142,165,5,0,True,0,car,4632.702777777776,0.8626845493582218,5145.266140912171,-2922.7918756540776,143.0011326324228,car,0 days 01:24:43.450000
2024-04-21 07:33:02.443,0 days 01:24:43.770000,0 days 00:01:25.219000,10326,143,4,0,True,0,car,4645.4138888888865,0.8650515648320681,5210.037566313688,-3018.979901580204,142.99956993464664,car,0 days 01:24:43.770000
2024-04-21 07:33:02.843,0 days 01:24:44.170000,0 days 00:01:25.619000,10630,121,2,0,True,0,car,4658.858333333331,0.8675551388909442,5301.665909535625,-3162.248649797871,142.9999860475879,car,0 days 01:24:44.170000
2024-04-21 07:33:03.243,0 days 01:24:44.570000,0 days 00:01:26.019000,9129,104,2,0,True,0,car,4670.4138888888865,0.8697069711398954,5344.290259947601,-3234.0294768325407,143.00000592734736,car,0 days 01:24:44.570000
2024-04-21 07:33:03.643,0 days 01:24:44.970000,0 days 00:01:26.419000,7785,88,2,0,True,0,car,4680.191666666664,0.8715277522736233,5386.77495507765,-3328.8653847939586,143.00009425611051,car,0 days 01:24:44.970000
2024-04-21 07:33:03.883,0 days 01:24:45.210000,0 days 00:01:26.659000,6924,82,2,0,True,0,car,4685.658333333331,0.872545734452935,5398.479495786247,-3382.8030623811537,142.99950078821047,car,0 days 01:24:45.210000
2024-04-21 07:33:04.083,0 days 01:24:45.410000,0 days 00:01:26.859000,6362,76,2,0,True,0,car,4689.880555555553,0.8733319808515901,5401.842098868102,-3425.2802350281436,143.01421936241917,car,0 days 01:24:45.410000
2024-04-21 07:33:04.244,0 days 01:24:45.571000,0 days 00:01:27.020000,6082,71,2,0,True,0,car,4693.05583333333,0.8739232691794209,5400.619664762428,-3457.0294260556443,142.9937074737792,car,0 days 01:24:45.571000
2024-04-21 07:33:04.404,0 days 01:24:45.731000,0 days 00:01:27.180000,5650,70,2,0,True,0,car,4696.1669444444415,0.8745026086310617,5395.610432881424,-3486.6612646922235,142.94608033499483,car,0 days 01:24:45.731000
2024-04-21 07:33:04.564,0 days 01:24:45.891000,0 days 00:01:27.340000,5558,65,2,0,False,0,car,4699.05583333333,0.8750405666932994,5387.460955514092,-3514.700616633018,143.22984679613535,car,0 days 01:24:45.891000
2024-04-21 07:33:04.804,0 days 01:24:46.131000,0 days 00:01:27.580000,5415,64,2,0,False,0,car,4703.322499999997,0.8758350893698352,5371.365386289879,-3551.864386774133,141.9093076493478,car,0 days 01:24:46.131000
2024-04-21 07:33:05.164,0 days 01:24:46.491000,0 days 00:01:27.940000,4979,59,2,1,False,0,car,4709.222499999996,0.8769337652584824,5317.695152003226,-3597.2663049948915,143.15799416902004,car,0 days 01:24:46.491000
2024-04-21 07:33:05.483,0 days 01:24:46.810000,0 days 00:01:28.259000,5694,59,2,29,False,0,car,4714.450555555552,0.8779073141709226,5267.959599097305,-3619.4874969464563,142.94109831332938,car,0 days 01:24:46.810000
2024-04-21 07:33:05.723,0 days 01:24:47.050000,0 days 00:01:28.499000,5844,62,2,40,False,0,car,4718.583888888885,0.8786770080138167,5243.462001998729,-3622.361141791511,143.002048634568,car,0 days 01:24:47.050000
2024-04-21 07:33:06.043,0 days 01:24:47.370000,0 days 00:01:28.819000,6407,68,2,53,False,0,car,4724.6283333333295,0.8798025818055758,5171.668198413722,-3622.387848904712,142.99943073195948,car,0 days 01:24:47.370000
2024-04-21 07:33:06.283,0 days 01:24:47.610000,0 days 00:01:29.059000,6993,72,2,57,False,0,car,4729.42833333333,0.8806964198166787,5127.30333401398,-3619.7297171262335,143.0002367705058,car,0 days 01:24:47.610000
2024-04-21 07:33:06.683,0 days 01:24:48.010000,0 days 00:01:29.459000,7556,84,2,62,False,0,car,4738.761666666663,0.8824344381716008,5012.374766081872,-3575.2269026138715,142.9999812684265,car,0 days 01:24:48.010000
2024-04-21 07:33:07.043,0 days 01:24:48.370000,0 days 00:01:29.819000,9280,96,2,72,False,0,car,4748.361666666663,0.8842221141938066,4931.856398150218,-3526.7863886492614,142.99935648509864,car,0 days 01:24:48.370000
2024-04-21 07:33:07.243,0 days 01:24:48.570000,0 days 00:01:30.019000,9924,108,2,80,False,0,car,4754.361666666663,0.8853394117076852,4886.612688367678,-3493.823130971788,143.0086633978273,car,0 days 01:24:48.570000
2024-04-21 07:33:08.283,0 days 01:24:49.610000,0 days 00:01:31.059000,11492,154,3,100,False,0,car,4798.850555555551,0.8936239658661473,4643.6809821357165,-3274.7836254856416,142.05925432086045,car,0 days 01:24:49.610000
2024-04-21 07:33:08.563,0 days 01:24:49.890000,0 days 00:01:31.339000,11416,167,3,100,False,0,car,4811.83944444444,0.8960427080767475,4521.927565286267,-3128.0738083125752,141.99726899571735,car,0 days 01:24:49.890000
2024-04-21 07:33:08.923,0 days 01:24:50.250000,0 days 00:01:31.699000,10812,182,4,100,False,0,car,4830.03944444444,0.8994318438688457,4429.49304292456,-3008.939704232249,141.99873169120102,car,0 days 01:24:50.250000
2024-04-21 07:33:09.163,0 days 01:24:50.490000,0 days 00:01:31.939000,11618,186,4,100,False,0,car,4842.43944444444,0.9017409253975279,4368.6423660999,-2922.4836779953716,141.9998824826954,car,0 days 01:24:50.490000
2024-04-21 07:33:09.443,0 days 01:24:50.770000,0 days 00:01:32.219000,12006,199,4,100,False,0,car,4857.917222222218,0.9046231391694406,4252.9035683005795,-2752.671715347257,142.07994930732528,car,0 days 01:24:50.770000
2024-04-21 07:33:09.683,0 days 01:24:51.010000,0 days 00:01:32.459000,10746,204,4,100,False,0,car,4871.517222222218,0.9071556802008987,4203.216916399531,-2676.173198814252,142.7558909305726,car,0 days 01:24:51.010000
2024-04-21 07:33:09.923,0 days 01:24:51.250000,0 days 00:01:32.699000,10713,212,5,100,False,0,car,4885.650555555551,0.9097875365669237,4142.778350693442,-2578.746528058874,143.0263214891862,car,0 days 01:24:51.250000
2024-04-21 07:33:10.283,0 days 01:24:51.610000,0 days 00:01:33.059000,11217,215,5,100,False,0,car,4907.150555555551,0.9137911859916551,4036.995696897543,-2400.45674277549,143.17062824690728,car,0 days 01:24:51.610000
2024-04-21 07:33:10.603,0 days 01:24:51.930000,0 days 00:01:33.379000,11633,227,5,100,False,0,car,4927.328333333329,0.9175486161494393,3904.4565852401006,-2170.4955993774593,142.18232182424956,car,0 days 01:24:51.930000
2024-04-21 07:33:10.844,0 days 01:24:52.171000,0 days 00:01:33.620000,11885,233,5,100,False,0,car,4942.9263888888845,0.9204532275983661,3828.2677724267314,-2038.1468509996741,141.9176787498821,car,0 days 01:24:52.171000
2024-04-21 07:33:11.084,0 days 01:24:52.411000,0 days 00:01:33.860000,12058,236,5,100,False,0,car,4958.659722222217,0.923383029968092,3782.07853392639,-1959.6664940648773,142.92169069640732,car,0 days 01:24:52.411000
2024-04-21 07:33:11.364,0 days 01:24:52.691000,0 days 00:01:34.140000,12174,238,5,100,False,0,car,4977.170833333328,0.9268300997053542,3688.6501342102465,-1800.365835100695,144.2011574056507,car,0 days 01:24:52.691000
2024-04-21 07:33:11.724,0 days 01:24:53.051000,0 days 00:01:34.500000,11481,227,5,0,True,0,car,4999.870833333328,0.9310572086328613,3566.33313245524,-1597.9360422810962,147.01919444043585,car,0 days 01:24:53.051000
2024-04-21 07:33:11.924,0 days 01:24:53.251000,0 days 00:01:34.700000,10752,210,5,0,True,0,car,5011.537499999995,0.9332297315765141,3504.6929005781094,-1502.5321902714036,149.01133315959538,car,0 days 01:24:53.251000
2024-04-21 07:33:12.323,0 days 01:24:53.650000,0 days 00:01:35.099000,10949,182,5,0,True,0,car,5031.709166666662,0.9369860237460897,3355.650747513838,-1280.4698060904586,153.5076693460661,car,0 days 01:24:53.650000
2024-04-21 07:33:12.563,0 days 01:24:53.890000,0 days 00:01:35.339000,10322,173,4,0,True,0,car,5043.242499999995,0.9391337178561007,3259.1148664335396,-1154.7442094799958,155.3736904131652,car,0 days 01:24:53.890000
2024-04-21 07:33:12.923,0 days 01:24:54.250000,0 days 00:01:35.699000,9455,159,4,0,True,0,car,5059.1424999999945,0.9420945562678787,3149.1547344761248,-1051.7852755695756,158.08495983667748,car,0 days 01:24:54.250000
2024-04-21 07:33:13.163,0 days 01:24:54.490000,0 days 00:01:35.939000,9216,155,4,0,False,0,car,5069.4758333333275,0.944018790875114,3058.1411232776354,-993.7980455718481,158.06376282427604,car,0 days 01:24:54.490000
2024-04-21 07:33:13.363,0 days 01:24:54.690000,0 days 00:01:36.139000,9223,152,4,21,False,0,car,5077.920277777772,0.9455912836724245,2918.5003446064366,-934.9194840628285,159.0692200225454,car,0 days 01:24:54.690000
2024-04-21 07:33:13.523,0 days 01:24:54.850000,0 days 00:01:36.299000,9145,150,4,30,False,0,car,5084.586944444439,0.9468327253545118,2875.99116086927,-921.8090974895262,159.19181253863553,car,0 days 01:24:54.850000
2024-04-21 07:33:13.963,0 days 01:24:55.290000,0 days 00:01:36.739000,9320,151,4,73,False,0,car,5103.042499999994,0.9502694497444234,2736.6895202986934,-924.6216251442372,159.05769557962347,car,0 days 01:24:55.290000
2024-04-21 07:33:14.163,0 days 01:24:55.490000,0 days 00:01:36.939000,10064,158,4,90,False,0,car,5111.8202777777715,0.9519040146258382,2653.8364223017506,-934.1180636186416,158.9351936266363,car,0 days 01:24:55.490000
2024-04-21 07:33:14.323,0 days 01:24:55.650000,0 days 00:01:37.099000,10303,165,4,100,False,0,car,5119.153611111105,0.9532696004761343,2587.5765040978495,-944.5975589993662,158.1259580277762,car,0 days 01:24:55.650000
2024-04-21 07:33:14.643,0 days 01:24:55.970000,0 days 00:01:37.419000,11090,178,4,100,False,0,car,5134.9758333333275,0.9562159554016214,2444.071429387062,-973.7932838008054,158.05998019200823,car,0 days 01:24:55.970000
2024-04-21 07:33:14.963,0 days 01:24:56.290000,0 days 00:01:37.739000,11553,188,4,100,False,0,car,5151.686944444439,0.9593278358847203,2209.294838832524,-1022.3872185528764,156.9455966511047,car,0 days 01:24:56.290000
2024-04-21 07:33:15.203,0 days 01:24:56.530000,0 days 00:01:37.979000,11817,194,4,100,False,0,car,5164.620277777773,0.9617362327479696,2151.3354020115275,-1034.1447666350955,156.93760957036645,car,0 days 01:24:56.530000
2024-04-21 07:33:15.643,0 days 01:24:56.970000,0 days 00:01:38.419000,10830,209,5,100,False,0,car,5190.164722222217,0.966493023459834,1924.009250198174,-1085.217543462774,156.79736060931938,car,0 days 01:24:56.970000
2024-04-21 07:33:15.843,0 days 01:24:57.170000,0 days 00:01:38.619000,11077,214,5,100,False,0,car,5202.053611111106,0.9687069277928896,1785.4545098409424,-1114.1157540713377,155.99460306482564,car,0 days 01:24:57.170000
2024-04-21 07:33:16.163,0 days 01:24:57.490000,0 days 00:01:38.939000,11504,222,5,100,False,0,car,5221.786944444439,0.9723815951718678,1652.8809899273158,-1143.1699570420426,153.64460796004323,car,0 days 01:24:57.490000
2024-04-21 07:33:16.323,0 days 01:24:57.650000,0 days 00:01:39.099000,11650,227,5,100,False,0,car,5231.875833333328,0.97426031025076,1554.185817063497,-1164.1692762605226,151.98712842970056,car,0 days 01:24:57.650000
2024-04-21 07:33:16.683,0 days 01:24:58.010000,0 days 00:01:39.459000,11952,233,5,100,False,0,car,5255.175833333328,0.978599148929655,1240.099521667287,-1228.6846134054674,146.7467500671971,car,0 days 01:24:58.010000
2024-04-21 07:33:16.843,0 days 01:24:58.170000,0 days 00:01:39.619000,11702,238,5,100,False,0,car,5265.753611111106,0.9805689030652335,1199.9783685263073,-1237.6189288052474,145.27765283955893,car,0 days 01:24:58.170000
2024-04-21 07:33:17.203,0 days 01:24:58.530000,0 days 00:01:39.979000,10951,244,6,100,False,0,car,5290.153611111105,0.9851125796216728,1008.1862964169117,-1277.5722802006037,141.80348206015364,car,0 days 01:24:58.530000
2024-04-21 07:33:17.444,0 days 01:24:58.771000,0 days 00:01:40.220000,11182,249,6,100,False,0,car,5306.822777777772,0.9882166493675217,781.1743441950848,-1327.201843350173,140.05807360283444,car,0 days 01:24:58.771000
2024-04-21 07:33:17.724,0 days 01:24:59.051000,0 days 00:01:40.500000,11393,254,6,100,False,0,car,5326.5783333333275,0.9918954548854403,526.0534605285178,-1384.0422455673774,140.50634041330508,car,0 days 01:24:59.051000
2024-04-21 07:33:17.884,0 days 01:24:59.211000,0 days 00:01:40.660000,11393,256,6,100,False,0,car,5337.956111111105,0.9940141820228693,407.05971830740043,-1410.9667727185451,141.00302452369561,car,0 days 01:24:59.211000
