Date_x,SessionTime_x,Time,RPM_x,Speed_x,nGear_x,Throttle_x,Brake_x,DRS_x,Source_x,Distance,RelativeDistance,X,Y,Z,Source_y,SessionTime_y
2024-07-06 14:26:30.677,0 days 00:39:17.668000,0 days 00:00:00.105000,10623,256,7,100,False,9,car,7.58,0.001337995396742751,-1665,1328,1963,car,0 days 00:39:17.668000
2024-07-06 14:26:30.877,0 days 00:39:17.868000,0 days 00:00:00.305000,10731,260,7,99,False,9,car,22.02444444444444,0.003887678797161361,-1608,1402,1964,car,0 days 00:39:17.868000
2024-07-06 14:26:31.037,0 days 00:39:18.028000,0 days 00:00:00.465000,10871,263,7,99,False,9,car,33.71333333333333,0.005950961056577038,-1558,1464,1965,car,0 days 00:39:18.028000
2024-07-06 14:26:31.317,0 days 00:39:18.308000,0 days 00:00:00.745000,10995,268,7,99,False,9,car,54.55777777777777,0.009630350332873431,-1428,1627,1966,car,0 days 00:39:18.308000
2024-07-06 14:26:31.676,0 days 00:39:18.667000,0 days 00:00:01.104000,11084,272,7,99,False,9,car,81.68222222222222,0.014418263499874904,-1267,1842,1969,car,0 days 00:39:18.667000
2024-07-06 14:26:31.916,0 days 00:39:18.907000,0 days 00:00:01.344000,11171,273,7,99,False,9,car,99.88222222222223,0.017630864584402356,-1161,1989,1970,car,0 days 00:39:18.907000
2024-07-06 14:26:32.156,0 days 00:39:19.147000,0 days 00:00:01.584000,11150,273,7,99,False,9,car,118.08222222222223,0.020843465668929806,-1053,2137,1972,car,0 days 00:39:19.147000
2024-07-06 14:26:32.556,0 days 00:39:19.547000,0 days 00:00:01.984000,11254,274,7,99,False,9,car,148.52666666666667,0.026217413759042876,-865,2394,1976,car,0 days 00:39:19.547000
2024-07-06 14:26:32.756,0 days 00:39:19.747000,0 days 00:00:02.184000,10837,276,7,41,False,9,car,163.86,0.028924000753333404,-712,2605,1980,car,0 days 00:39:19.747000
2024-07-06 14:26:33.036,0 days 00:39:20.027000,0 days 00:00:02.464000,11022,269,7,0,False,9,car,184.78222222222223,0.03261711909409359,-582,2790,1983,car,0 days 00:39:20.027000
2024-07-06 14:26:33.236,0 days 00:39:20.227000,0 days 00:00:02.664000,10738,264,7,0,False,9,car,199.44888888888892,0.03520602839298018,-528,2870,1985,car,0 days 00:39:20.227000
2024-07-06 14:26:33.476,0 days 00:39:20.467000,0 days 00:00:02.904000,10361,259,7,0,False,9,car,216.71555555555557,0.03825388070394212,-478,2942,1986,car,0 days 00:39:20.467000
2024-07-06 14:26:33.836,0 days 00:39:20.827000,0 days 00:00:03.264000,10154,250,7,0,False,9,car,241.71555555555557,0.04266679428158972,-283,3238,1991,car,0 days 00:39:20.827000
2024-07-06 14:26:34.036,0 days 00:39:21.027000,0 days 00:00:03.464000,9911,247,7,0,True,9,car,255.4377777777778,0.0450889935119874,-241,3299,1992,car,0 days 00:39:21.027000
2024-07-06 14:26:34.276,0 days 00:39:21.267000,0 days 00:00:03.704000,9583,239,7,0,True,9,car,271.37111111111113,0.047901490432141466,-173,3399,1994,car,0 days 00:39:21.267000
2024-07-06 14:26:34.516,0 days 00:39:21.507000,0 days 00:00:03.944000,9357,230,7,0,True,9,car,286.70444444444445,0.05060807742643199,-85,3524,1995,car,0 days 00:39:21.507000
2024-07-06 14:26:34.796,0 days 00:39:21.787000,0 days 00:00:04.224000,10204,219,7,0,True,9,car,303.7377777777778,0.05361474254400255,44,3700,1998,car,0 days 00:39:21.787000
2024-07-06 14:26:35.036,0 days 00:39:22.027000,0 days 00:00:04.464000,10715,211,7,0,True,9,car,317.80444444444447,0.0560977419170256,122,3802,2001,car,0 days 00:39:22.027000
2024-07-06 14:26:35.476,0 days 00:39:22.467000,0 days 00:00:04.904000,10396,198,5,0,True,9,car,342.00444444444446,0.06036944226018847,291,4002,2006,car,0 days 00:39:22.467000
2024-07-06 14:26:35.636,0 days 00:39:22.627000,0 days 00:00:05.064000,10253,193,5,0,True,9,car,350.58222222222224,0.06188356194105245,346,4062,2008,car,0 days 00:39:22.627000
2024-07-06 14:26:35.796,0 days 00:39:22.787000,0 days 00:00:05.224000,10007,188,5,0,True,9,car,358.9377777777778,0.06335845572344845,389,4105,2009,car,0 days 00:39:22.787000
2024-07-06 14:26:35.996,0 days 00:39:22.987000,0 days 00:00:05.424000,9783,185,5,0,False,9,car,369.21555555555557,0.06517265352759245,461,4173,2010,car,0 days 00:39:22.987000
2024-07-06 14:26:36.236,0 days 00:39:23.227000,0 days 00:00:05.664000,9609,182,5,0,False,9,car,381.3488888888889,0.06731438758394409,555,4251,2010,car,0 days 00:39:23.227000
2024-07-06 14:26:36.556,0 days 00:39:23.547000,0 days 00:00:05.984000,9456,179,5,4,False,9,car,397.26,0.07012296191425135,717,4353,2011,car,0 days 00:39:23.547000
2024-07-06 14:26:36.756,0 days 00:39:23.747000,0 days 00:00:06.184000,9369,176,5,12,False,9,car,407.03777777777776,0.07184890144684242,826,4409,2013,car,0 days 00:39:23.747000
2024-07-06 14:26:37.036,0 days 00:39:24.027000,0 days 00:00:06.464000,9298,173,5,16,False,9,car,420.49333333333334,0.07422402959907852,900,4437,2013,car,0 days 00:39:24.027000
2024-07-06 14:26:37.237,0 days 00:39:24.228000,0 days 00:00:06.665000,9109,171,5,25,False,9,car,430.0408333333333,0.07590932129438213,992,4464,2013,car,0 days 00:39:24.228000
2024-07-06 14:26:37.557,0 days 00:39:24.548000,0 days 00:00:06.985000,9100,169,5,35,False,9,car,445.06305555555554,0.07856099203081748,1139,4495,2014,car,0 days 00:39:24.548000
2024-07-06 14:26:37.717,0 days 00:39:24.708000,0 days 00:00:07.145000,9144,169,5,40,False,9,car,452.5741666666666,0.07988682739903516,1213,4505,2015,car,0 days 00:39:24.708000
2024-07-06 14:26:37.877,0 days 00:39:24.868000,0 days 00:00:07.305000,9186,169,5,41,False,9,car,460.0852777777777,0.08121266276725284,1283,4512,2016,car,0 days 00:39:24.868000
2024-07-06 14:26:38.196,0 days 00:39:25.187000,0 days 00:00:07.624000,9337,172,5,51,False,9,car,475.3263888888888,0.08390297101367915,1489,4518,2018,car,0 days 00:39:25.187000
2024-07-06 14:26:38.436,0 days 00:39:25.427000,0 days 00:00:07.864000,9497,175,5,56,False,9,car,486.9930555555555,0.08596233068324803,1570,4518,2020,car,0 days 00:39:25.427000
2024-07-06 14:26:38.756,0 days 00:39:25.747000,0 days 00:00:08.184000,9911,181,5,63,False,9,car,503.08194444444433,0.08880228573232968,1751,4505,2022,car,0 days 00:39:25.747000
2024-07-06 14:26:38.996,0 days 00:39:25.987000,0 days 00:00:08.424000,10171,188,5,73,False,9,car,515.6152777777777,0.09101462640592367,1912,4487,2024,car,0 days 00:39:25.987000
2024-07-06 14:26:39.356,0 days 00:39:26.347000,0 days 00:00:08.784000,10818,197,5,92,False,9,car,535.3152777777777,0.09449200230510998,2074,4463,2026,car,0 days 00:39:26.347000
2024-07-06 14:26:39.596,0 days 00:39:26.587000,0 days 00:00:09.024000,11096,205,5,99,False,9,car,548.9819444444444,0.09690439506089066,2162,4454,2026,car,0 days 00:39:26.587000
2024-07-06 14:26:39.796,0 days 00:39:26.787000,0 days 00:00:09.224000,11301,210,5,99,False,9,car,560.6486111111111,0.09896375473045955,2293,4443,2027,car,0 days 00:39:26.787000
2024-07-06 14:26:40.036,0 days 00:39:27.027000,0 days 00:00:09.464000,10752,213,5,99,False,9,car,574.8486111111112,0.1014702896425634,2473,4440,2029,car,0 days 00:39:27.027000
2024-07-06 14:26:40.476,0 days 00:39:27.467000,0 days 00:00:09.904000,10332,219,6,58,False,9,car,601.6152777777778,0.10619504911303142,2718,4452,2034,car,0 days 00:39:27.467000
2024-07-06 14:26:40.756,0 days 00:39:27.747000,0 days 00:00:10.184000,10555,222,6,60,False,9,car,618.8819444444445,0.10924290142399336,2845,4478,2035,car,0 days 00:39:27.747000
2024-07-06 14:26:41.076,0 days 00:39:28.067000,0 days 00:00:10.504000,10765,225,6,79,False,9,car,638.8819444444445,0.11277323228611143,3037,4532,2038,car,0 days 00:39:28.067000
2024-07-06 14:26:41.316,0 days 00:39:28.307000,0 days 00:00:10.744000,10916,230,6,99,False,9,car,654.2152777777778,0.11547981928040196,3177,4589,2040,car,0 days 00:39:28.307000
2024-07-06 14:26:41.636,0 days 00:39:28.627000,0 days 00:00:11.064000,10989,233,6,99,False,9,car,674.9263888888889,0.11913567301761757,3357,4687,2043,car,0 days 00:39:28.627000
2024-07-06 14:26:41.836,0 days 00:39:28.827000,0 days 00:00:11.264000,11116,235,6,99,False,9,car,687.9819444444445,0.12144019455261132,3517,4802,2047,car,0 days 00:39:28.827000
2024-07-06 14:26:41.996,0 days 00:39:28.987000,0 days 00:00:11.424000,11231,238,6,99,False,9,car,698.5597222222223,0.1233073473196871,3608,4872,2048,car,0 days 00:39:28.987000
2024-07-06 14:26:42.196,0 days 00:39:29.187000,0 days 00:00:11.624000,11369,241,6,99,False,9,car,711.9486111111112,0.1256707077023828,3656,4916,2047,car,0 days 00:39:29.187000
2024-07-06 14:26:42.396,0 days 00:39:29.387000,0 days 00:00:11.824000,11452,243,6,99,False,9,car,725.4486111111112,0.12805368103431253,3751,5006,2048,car,0 days 00:39:29.387000
2024-07-06 14:26:42.636,0 days 00:39:29.627000,0 days 00:00:12.064000,10993,242,6,0,True,9,car,741.5819444444445,0.13090148126308776,3868,5124,2050,car,0 days 00:39:29.627000
2024-07-06 14:26:42.916,0 days 00:39:29.907000,0 days 00:00:12.344000,10699,229,6,0,True,9,car,759.3930555555555,0.13404543702529623,4040,5295,2050,car,0 days 00:39:29.907000
2024-07-06 14:26:43.156,0 days 00:39:30.147000,0 days 00:00:12.584000,10232,216,6,0,True,9,car,773.7930555555555,0.13658727524602124,4117,5369,2051,car,0 days 00:39:30.147000
2024-07-06 14:26:43.436,0 days 00:39:30.427000,0 days 00:00:12.864000,10365,195,5,0,True,9,car,788.9597222222222,0.1392644428164608,4230,5472,2052,car,0 days 00:39:30.427000
2024-07-06 14:26:43.636,0 days 00:39:30.627000,0 days 00:00:13.064000,11290,182,5,0,True,9,car,799.0708333333333,0.1410492211967538,4320,5554,2053,car,0 days 00:39:30.627000
2024-07-06 14:26:43.877,0 days 00:39:30.868000,0 days 00:00:13.305000,11281,170,4,0,True,9,car,810.4513888888889,0.1430580775220452,4378,5603,2054,car,0 days 00:39:30.868000
2024-07-06 14:26:44.117,0 days 00:39:31.108000,0 days 00:00:13.545000,10824,153,3,0,True,9,car,820.651388888889,0.14485854626172542,4467,5678,2054,car,0 days 00:39:31.108000
2024-07-06 14:26:44.277,0 days 00:39:31.268000,0 days 00:00:13.705000,10544,148,3,0,True,9,car,827.2291666666667,0.1460196328563776,4533,5732,2054,car,0 days 00:39:31.268000
2024-07-06 14:26:44.557,0 days 00:39:31.548000,0 days 00:00:13.985000,9428,135,3,0,True,9,car,837.7291666666667,0.14787305655898958,4616,5797,2055,car,0 days 00:39:31.548000
2024-07-06 14:26:44.757,0 days 00:39:31.748000,0 days 00:00:14.185000,9069,129,3,0,True,9,car,844.8958333333335,0.1491380917845819,4660,5826,2055,car,0 days 00:39:31.748000
2024-07-06 14:26:45.036,0 days 00:39:32.027000,0 days 00:00:14.464000,8597,123,3,0,True,9,car,854.4283333333335,0.15082073573173893,4742,5868,2053,car,0 days 00:39:32.027000
2024-07-06 14:26:45.236,0 days 00:39:32.227000,0 days 00:00:14.664000,8056,115,3,0,True,9,car,860.8172222222224,0.1519484803126933,4799,5887,2054,car,0 days 00:39:32.227000
2024-07-06 14:26:45.436,0 days 00:39:32.427000,0 days 00:00:14.864000,7677,110,3,0,True,9,car,866.9283333333336,0.15302719252056274,4874,5897,2053,car,0 days 00:39:32.427000
2024-07-06 14:26:45.836,0 days 00:39:32.827000,0 days 00:00:15.264000,7184,102,3,0,True,9,car,878.2616666666669,0.15502771334242965,4986,5896,2052,car,0 days 00:39:32.827000
2024-07-06 14:26:45.996,0 days 00:39:32.987000,0 days 00:00:15.424000,7054,99,3,0,True,9,car,882.6616666666669,0.1558043861320956,5021,5886,2053,car,0 days 00:39:32.987000
2024-07-06 14:26:46.196,0 days 00:39:33.187000,0 days 00:00:15.624000,6912,97,3,0,False,9,car,888.0505555555558,0.1567556141699441,5094,5863,2053,car,0 days 00:39:33.187000
2024-07-06 14:26:46.436,0 days 00:39:33.427000,0 days 00:00:15.864000,6694,96,3,2,False,9,car,894.4505555555558,0.15788532004582187,5145,5839,2054,car,0 days 00:39:33.427000
2024-07-06 14:26:46.596,0 days 00:39:33.587000,0 days 00:00:16.024000,6746,93,3,5,False,9,car,898.5838888888891,0.15861492175732628,5167,5823,2054,car,0 days 00:39:33.587000
2024-07-06 14:26:46.756,0 days 00:39:33.747000,0 days 00:00:16.184000,6786,93,3,9,False,9,car,902.7172222222224,0.15934452346883068,5199,5798,2056,car,0 days 00:39:33.747000
2024-07-06 14:26:47.076,0 days 00:39:34.067000,0 days 00:00:16.504000,6838,93,3,17,False,9,car,910.983888888889,0.1608037268918395,5281,5712,2058,car,0 days 00:39:34.067000
2024-07-06 14:26:47.236,0 days 00:39:34.227000,0 days 00:00:16.664000,6838,94,3,17,False,9,car,915.1616666666669,0.16154117378303748,5296,5691,2058,car,0 days 00:39:34.227000
2024-07-06 14:26:47.516,0 days 00:39:34.507000,0 days 00:00:16.944000,7185,97,3,27,False,9,car,922.7061111111112,0.16287289303602534,5317,5644,2059,car,0 days 00:39:34.507000
2024-07-06 14:26:47.796,0 days 00:39:34.787000,0 days 00:00:17.224000,7423,100,3,32,False,9,car,930.483888888889,0.16424579948240461,5346,5566,2058,car,0 days 00:39:34.787000
2024-07-06 14:26:48.076,0 days 00:39:35.067000,0 days 00:00:17.504000,7744,103,3,35,False,9,car,938.4950000000002,0.16565989312217524,5366,5492,2059,car,0 days 00:39:35.067000
2024-07-06 14:26:48.356,0 days 00:39:35.347000,0 days 00:00:17.784000,8086,107,3,42,False,9,car,946.8172222222224,0.16712890301980105,5379,5411,2060,car,0 days 00:39:35.347000
2024-07-06 14:26:48.636,0 days 00:39:35.627000,0 days 00:00:18.064000,8086,111,3,42,False,9,car,955.4505555555558,0.16865282917528202,5388,5321,2061,car,0 days 00:39:35.627000
2024-07-06 14:26:48.916,0 days 00:39:35.907000,0 days 00:00:18.344000,8215,122,3,0,False,9,car,964.9394444444447,0.1703277750398647,5399,5201,2063,car,0 days 00:39:35.907000
2024-07-06 14:26:49.076,0 days 00:39:36.067000,0 days 00:00:18.504000,8716,122,3,0,True,9,car,970.3616666666669,0.1712848869624834,5401,5182,2063,car,0 days 00:39:36.067000
2024-07-06 14:26:49.316,0 days 00:39:36.307000,0 days 00:00:18.744000,8175,114,3,0,True,9,car,977.9616666666668,0.17262641269008824,5414,5124,2064,car,0 days 00:39:36.307000
2024-07-06 14:26:49.636,0 days 00:39:36.627000,0 days 00:00:19.064000,7611,107,3,0,True,9,car,987.472777777778,0.17430528114451774,5442,5026,2066,car,0 days 00:39:36.627000
2024-07-06 14:26:49.836,0 days 00:39:36.827000,0 days 00:00:19.264000,7383,103,3,0,True,9,car,993.1950000000002,0.17531534803006818,5475,4958,2065,car,0 days 00:39:36.827000
2024-07-06 14:26:49.996,0 days 00:39:36.987000,0 days 00:00:19.424000,7120,100,3,0,True,9,car,997.6394444444446,0.17609986599942776,5505,4908,2066,car,0 days 00:39:36.987000
2024-07-06 14:26:50.277,0 days 00:39:37.268000,0 days 00:00:19.705000,6989,97,3,0,True,9,car,1005.2108333333334,0.17743634139260486,5534,4872,2066,car,0 days 00:39:37.268000
2024-07-06 14:26:50.437,0 days 00:39:37.428000,0 days 00:00:19.865000,6689,94,3,0,False,9,car,1009.3886111111112,0.17817378828380287,5565,4841,2065,car,0 days 00:39:37.428000
2024-07-06 14:26:50.637,0 days 00:39:37.628000,0 days 00:00:20.065000,6714,92,3,0,False,9,car,1014.4997222222224,0.1790759839485664,5606,4803,2064,car,0 days 00:39:37.628000
2024-07-06 14:26:50.797,0 days 00:39:37.788000,0 days 00:00:20.225000,6453,91,3,0,False,9,car,1018.5441666666669,0.1797898953006836,5634,4781,2064,car,0 days 00:39:37.788000
2024-07-06 14:26:51.077,0 days 00:39:38.068000,0 days 00:00:20.505000,6416,90,3,0,False,9,car,1025.5441666666668,0.1810255111024249,5697,4747,2064,car,0 days 00:39:38.068000
2024-07-06 14:26:51.237,0 days 00:39:38.228000,0 days 00:00:20.665000,6276,88,3,0,False,9,car,1029.4552777777778,0.1817158869154613,5733,4734,2065,car,0 days 00:39:38.228000
2024-07-06 14:26:51.477,0 days 00:39:38.468000,0 days 00:00:20.905000,6135,86,3,0,False,9,car,1035.1886111111112,0.18272791509593517,5782,4730,2064,car,0 days 00:39:38.468000
2024-07-06 14:26:51.796,0 days 00:39:38.787000,0 days 00:00:21.224000,5956,83,3,2,False,9,car,1042.5433333333333,0.18402614523810598,5852,4749,2063,car,0 days 00:39:38.787000
2024-07-06 14:26:52.196,0 days 00:39:39.187000,0 days 00:00:21.624000,6061,83,3,13,False,9,car,1051.7655555555555,0.18565402002452708,5929,4802,2063,car,0 days 00:39:39.187000
2024-07-06 14:26:52.356,0 days 00:39:39.347000,0 days 00:00:21.784000,6295,83,3,18,False,9,car,1055.4544444444443,0.18630516993909554,5957,4828,2064,car,0 days 00:39:39.347000
2024-07-06 14:26:52.676,0 days 00:39:39.667000,0 days 00:00:22.104000,6448,86,3,21,False,9,car,1063.0988888888887,0.187654540846394,6009,4885,2063,car,0 days 00:39:39.667000
2024-07-06 14:26:52.876,0 days 00:39:39.867000,0 days 00:00:22.304000,6504,88,3,22,False,9,car,1067.9877777777776,0.1885175106126895,6039,4923,2064,car,0 days 00:39:39.867000
2024-07-06 14:26:53.196,0 days 00:39:40.187000,0 days 00:00:22.624000,6737,91,3,27,False,9,car,1076.0766666666666,0.18994533331692395,6084,4991,2064,car,0 days 00:39:40.187000
2024-07-06 14:26:53.396,0 days 00:39:40.387000,0 days 00:00:22.824000,7054,94,3,35,False,9,car,1081.298888888889,0.1908671419309215,6113,5039,2064,car,0 days 00:39:40.387000
2024-07-06 14:26:53.716,0 days 00:39:40.707000,0 days 00:00:23.144000,7455,100,3,41,False,9,car,1090.1877777777777,0.1924361778696406,6148,5109,2065,car,0 days 00:39:40.707000
2024-07-06 14:26:53.916,0 days 00:39:40.907000,0 days 00:00:23.344000,7808,105,3,44,False,9,car,1096.0211111111112,0.19346585770442506,6180,5185,2064,car,0 days 00:39:40.907000
2024-07-06 14:26:54.116,0 days 00:39:41.107000,0 days 00:00:23.544000,8183,111,3,48,False,9,car,1102.187777777778,0.19455437638691148,6206,5252,2065,car,0 days 00:39:41.107000
2024-07-06 14:26:54.436,0 days 00:39:41.427000,0 days 00:00:23.864000,8833,120,3,53,False,9,car,1112.8544444444447,0.19643721951337448,6231,5331,2065,car,0 days 00:39:41.427000
2024-07-06 14:26:54.876,0 days 00:39:41.867000,0 days 00:00:24.304000,9546,132,3,60,False,9,car,1128.9877777777779,0.19928501974214968,6274,5489,2064,car,0 days 00:39:41.867000
2024-07-06 14:26:55.236,0 days 00:39:42.227000,0 days 00:00:24.664000,10893,147,3,71,False,9,car,1143.687777777778,0.20187981292580648,6299,5602,2065,car,0 days 00:39:42.227000
2024-07-06 14:26:55.556,0 days 00:39:42.547000,0 days 00:00:24.984000,10309,158,3,78,False,9,car,1157.7322222222224,0.20435888970898275,6324,5774,2064,car,0 days 00:39:42.547000
2024-07-06 14:26:55.916,0 days 00:39:42.907000,0 days 00:00:25.344000,10870,172,4,99,False,9,car,1174.9322222222224,0.2073949742504043,6330,5966,2064,car,0 days 00:39:42.907000
2024-07-06 14:26:56.316,0 days 00:39:43.307000,0 days 00:00:25.744000,9982,181,4,89,False,9,car,1195.0433333333335,0.21094491806175636,6306,6207,2062,car,0 days 00:39:43.307000
2024-07-06 14:26:56.596,0 days 00:39:43.587000,0 days 00:00:26.024000,10280,189,5,61,False,9,car,1209.7433333333336,0.21353971124541316,6282,6319,2062,car,0 days 00:39:43.587000
2024-07-06 14:26:56.756,0 days 00:39:43.747000,0 days 00:00:26.184000,10373,191,5,61,False,9,car,1218.2322222222224,0.2150381405668899,6262,6383,2061,car,0 days 00:39:43.747000
2024-07-06 14:26:57.117,0 days 00:39:44.108000,0 days 00:00:26.545000,9676,193,5,54,False,9,car,1237.5858333333335,0.21845437309683927,6170,6606,2063,car,0 days 00:39:44.108000
2024-07-06 14:26:57.317,0 days 00:39:44.308000,0 days 00:00:26.745000,9352,196,6,51,False,9,car,1248.4747222222225,0.22037644212177024,6101,6728,2063,car,0 days 00:39:44.308000
2024-07-06 14:26:57.477,0 days 00:39:44.468000,0 days 00:00:26.905000,9234,196,6,55,False,9,car,1257.1858333333337,0.22191409734171502,6053,6803,2062,car,0 days 00:39:44.468000
2024-07-06 14:26:57.637,0 days 00:39:44.628000,0 days 00:00:27.065000,9276,196,6,55,False,9,car,1265.896944444445,0.2234517525616598,6020,6853,2063,car,0 days 00:39:44.628000
2024-07-06 14:26:57.917,0 days 00:39:44.908000,0 days 00:00:27.345000,9440,199,6,61,False,9,car,1281.3747222222225,0.22618383638995448,5955,6932,2064,car,0 days 00:39:44.908000
2024-07-06 14:26:58.317,0 days 00:39:45.308000,0 days 00:00:27.745000,9678,203,6,94,False,9,car,1303.9302777777782,0.23016526508445434,5781,7114,2063,car,0 days 00:39:45.308000
2024-07-06 14:26:58.516,0 days 00:39:45.507000,0 days 00:00:27.944000,9908,210,6,99,False,9,car,1315.5386111111113,0.23221432795567534,5713,7173,2063,car,0 days 00:39:45.507000
2024-07-06 14:26:58.716,0 days 00:39:45.707000,0 days 00:00:28.144000,10053,211,6,99,False,9,car,1327.2608333333335,0.23428349409986118,5623,7247,2063,car,0 days 00:39:45.707000
2024-07-06 14:26:58.916,0 days 00:39:45.907000,0 days 00:00:28.344000,10211,217,6,99,False,9,car,1339.3163888888892,0.23641149909174905,5532,7320,2063,car,0 days 00:39:45.907000
2024-07-06 14:26:59.116,0 days 00:39:46.107000,0 days 00:00:28.544000,10339,220,6,99,False,9,car,1351.5386111111113,0.23856892350748787,5419,7406,2064,car,0 days 00:39:46.107000
2024-07-06 14:26:59.356,0 days 00:39:46.347000,0 days 00:00:28.784000,10575,223,6,99,False,9,car,1366.4052777777779,0.24119313611499563,5301,7497,2063,car,0 days 00:39:46.347000
2024-07-06 14:26:59.716,0 days 00:39:46.707000,0 days 00:00:29.144000,10728,228,6,99,False,9,car,1389.2052777777778,0.24521771329781022,5139,7628,2064,car,0 days 00:39:46.707000
2024-07-06 14:27:00.036,0 days 00:39:47.027000,0 days 00:00:29.464000,10929,232,6,99,False,9,car,1409.8275,0.24885787667563863,4974,7764,2064,car,0 days 00:39:47.027000
2024-07-06 14:27:00.316,0 days 00:39:47.307000,0 days 00:00:29.744000,11105,236,6,99,False,9,car,1428.1830555555557,0.2520979358890937,4830,7887,2063,car,0 days 00:39:47.307000
2024-07-06 14:27:00.556,0 days 00:39:47.547000,0 days 00:00:29.984000,11229,238,6,99,False,9,car,1444.0497222222225,0.2548986650397074,4710,7989,2064,car,0 days 00:39:47.547000
2024-07-06 14:27:00.836,0 days 00:39:47.827000,0 days 00:00:30.264000,11353,241,6,99,False,9,car,1462.7941666666668,0.25820736957548135,4570,8110,2065,car,0 days 00:39:47.827000
2024-07-06 14:27:01.036,0 days 00:39:48.027000,0 days 00:00:30.464000,11438,243,6,99,False,9,car,1476.2941666666668,0.26059034290741107,4411,8245,2064,car,0 days 00:39:48.027000
2024-07-06 14:27:01.196,0 days 00:39:48.187000,0 days 00:00:30.624000,11513,245,6,99,False,9,car,1487.1830555555557,0.26251241193234204,4307,8334,2063,car,0 days 00:39:48.187000
2024-07-06 14:27:01.436,0 days 00:39:48.427000,0 days 00:00:30.864000,11605,247,6,99,False,9,car,1503.6497222222224,0.26541905100881924,4201,8424,2063,car,0 days 00:39:48.427000
2024-07-06 14:27:01.596,0 days 00:39:48.587000,0 days 00:00:31.024000,11689,249,6,99,False,9,car,1514.716388888889,0.26737250075252456,4141,8477,2064,car,0 days 00:39:48.587000
2024-07-06 14:27:01.836,0 days 00:39:48.827000,0 days 00:00:31.264000,10338,250,6,99,False,9,car,1531.3830555555555,0.27031444313762293,4049,8556,2064,car,0 days 00:39:48.827000
2024-07-06 14:27:02.036,0 days 00:39:49.027000,0 days 00:00:31.464000,10300,251,7,99,False,9,car,1545.3274999999999,0.2727758682664886,3936,8653,2062,car,0 days 00:39:49.027000
2024-07-06 14:27:02.316,0 days 00:39:49.307000,0 days 00:00:31.744000,10378,253,7,99,False,9,car,1565.0052777777778,0.2762493215758281,3723,8839,2062,car,0 days 00:39:49.307000
2024-07-06 14:27:02.476,0 days 00:39:49.467000,0 days 00:00:31.904000,10456,254,7,99,False,9,car,1576.2941666666668,0.2782419972180014,3652,8901,2063,car,0 days 00:39:49.467000
2024-07-06 14:27:02.716,0 days 00:39:49.707000,0 days 00:00:32.144000,10467,256,7,99,False,9,car,1593.3608333333334,0.2812545462203422,3581,8963,2063,car,0 days 00:39:49.707000
2024-07-06 14:27:03.156,0 days 00:39:50.147000,0 days 00:00:32.584000,10545,257,7,99,False,9,car,1624.771944444445,0.286799126968791,3343,9173,2062,car,0 days 00:39:50.147000
2024-07-06 14:27:03.356,0 days 00:39:50.347000,0 days 00:00:32.784000,10641,259,7,99,False,9,car,1639.1608333333336,0.2893390038945926,3188,9310,2062,car,0 days 00:39:50.347000
2024-07-06 14:27:03.517,0 days 00:39:50.508000,0 days 00:00:32.945000,10627,259,7,99,False,9,car,1650.7438888888892,0.2913836048198629,3108,9380,2063,car,0 days 00:39:50.508000
2024-07-06 14:27:03.797,0 days 00:39:50.788000,0 days 00:00:33.225000,10693,261,7,99,False,9,car,1671.0438888888893,0.29496689064491277,3001,9473,2062,car,0 days 00:39:50.788000
2024-07-06 14:27:04.037,0 days 00:39:51.028000,0 days 00:00:33.465000,10719,261,7,99,False,9,car,1688.4438888888894,0.29803827849495557,2875,9582,2061,car,0 days 00:39:51.028000
2024-07-06 14:27:04.437,0 days 00:39:51.428000,0 days 00:00:33.865000,10797,263,7,99,False,9,car,1717.6661111111116,0.3031964841434947,2583,9836,2058,car,0 days 00:39:51.428000
2024-07-06 14:27:04.717,0 days 00:39:51.708000,0 days 00:00:34.145000,10842,264,7,99,False,9,car,1738.199444444445,0.3068209571619359,2482,9924,2057,car,0 days 00:39:51.708000
2024-07-06 14:27:04.957,0 days 00:39:51.948000,0 days 00:00:34.385000,10842,265,7,99,False,9,car,1755.8661111111112,0.3099394160901402,2363,10030,2055,car,0 days 00:39:51.948000
2024-07-06 14:27:05.236,0 days 00:39:52.227000,0 days 00:00:34.664000,10834,265,7,99,False,9,car,1776.4036111111116,0.3135646245941777,2137,10231,2051,car,0 days 00:39:52.227000
2024-07-06 14:27:05.476,0 days 00:39:52.467000,0 days 00:00:34.904000,10869,265,7,99,False,9,car,1794.0702777777783,0.31668308352238206,1970,10381,2049,car,0 days 00:39:52.467000
2024-07-06 14:27:05.836,0 days 00:39:52.827000,0 days 00:00:35.264000,11215,265,7,0,True,9,car,1820.5702777777783,0.3213607719146885,1833,10504,2047,car,0 days 00:39:52.827000
2024-07-06 14:27:05.996,0 days 00:39:52.987000,0 days 00:00:35.424000,10095,253,7,0,True,9,car,1831.8147222222226,0.3233456023771682,1785,10544,2046,car,0 days 00:39:52.987000
2024-07-06 14:27:06.156,0 days 00:39:53.147000,0 days 00:00:35.584000,9788,237,7,0,True,9,car,1842.3480555555561,0.3252049099645504,1670,10635,2044,car,0 days 00:39:53.147000
2024-07-06 14:27:06.396,0 days 00:39:53.387000,0 days 00:00:35.824000,10014,216,6,0,True,9,car,1856.7480555555558,0.3277467481852754,1532,10742,2042,car,0 days 00:39:53.387000
2024-07-06 14:27:06.756,0 days 00:39:53.747000,0 days 00:00:36.184000,10221,204,6,0,True,9,car,1877.1480555555556,0.3313476856646358,1430,10799,2041,car,0 days 00:39:53.747000
2024-07-06 14:27:06.956,0 days 00:39:53.947000,0 days 00:00:36.384000,10017,190,5,0,True,9,car,1887.7036111111113,0.3332109158418648,1332,10851,2039,car,0 days 00:39:53.947000
2024-07-06 14:27:07.396,0 days 00:39:54.387000,0 days 00:00:36.824000,9751,173,5,0,True,9,car,1908.8480555555557,0.33694326008109293,1127,10924,2036,car,0 days 00:39:54.387000
2024-07-06 14:27:07.596,0 days 00:39:54.587000,0 days 00:00:37.024000,10215,167,4,0,True,9,car,1918.1258333333335,0.33858094134213107,1038,10941,2035,car,0 days 00:39:54.587000
2024-07-06 14:27:07.796,0 days 00:39:54.787000,0 days 00:00:37.224000,9971,161,4,0,True,9,car,1927.0702777777778,0.3401597837554672,947,10948,2034,car,0 days 00:39:54.787000
2024-07-06 14:27:07.996,0 days 00:39:54.987000,0 days 00:00:37.424000,9462,155,4,0,True,9,car,1935.6813888888892,0.3416797873211014,840,10946,2033,car,0 days 00:39:54.987000
2024-07-06 14:27:08.276,0 days 00:39:55.267000,0 days 00:00:37.704000,9010,151,4,0,True,9,car,1947.4258333333337,0.34375287605513405,664,10930,2032,car,0 days 00:39:55.267000
2024-07-06 14:27:08.476,0 days 00:39:55.467000,0 days 00:00:37.904000,8790,146,4,0,False,9,car,1955.536944444445,0.34518462134921535,618,10910,2032,car,0 days 00:39:55.467000
2024-07-06 14:27:08.676,0 days 00:39:55.667000,0 days 00:00:38.104000,8573,143,4,0,False,9,car,1963.4813888888893,0.34658694721944555,570,10888,2031,car,0 days 00:39:55.667000
2024-07-06 14:27:08.836,0 days 00:39:55.827000,0 days 00:00:38.264000,8540,139,4,0,False,9,car,1969.6591666666673,0.3476774271968554,527,10868,2031,car,0 days 00:39:55.827000
2024-07-06 14:27:09.116,0 days 00:39:56.107000,0 days 00:00:38.544000,8131,135,4,3,False,9,car,1980.159166666667,0.34953085089946734,442,10813,2032,car,0 days 00:39:56.107000
2024-07-06 14:27:09.436,0 days 00:39:56.427000,0 days 00:00:38.864000,8187,130,4,17,False,9,car,1991.7147222222227,0.35157059761980225,362,10727,2031,car,0 days 00:39:56.427000
2024-07-06 14:27:09.756,0 days 00:39:56.747000,0 days 00:00:39.184000,8216,130,4,32,False,9,car,2003.2702777777783,0.35361034434013716,292,10620,2032,car,0 days 00:39:56.747000
2024-07-06 14:27:09.956,0 days 00:39:56.947000,0 days 00:00:39.384000,8289,131,4,37,False,9,car,2010.5480555555562,0.3548949925149634,264,10565,2032,car,0 days 00:39:56.947000
2024-07-06 14:27:10.117,0 days 00:39:57.108000,0 days 00:00:39.545000,8467,134,4,42,False,9,car,2016.540833333334,0.3559528169318987,240,10505,2033,car,0 days 00:39:57.108000
2024-07-06 14:27:10.437,0 days 00:39:57.428000,0 days 00:00:39.865000,8651,138,4,51,False,9,car,2028.8075000000006,0.35811808652733107,208,10391,2032,car,0 days 00:39:57.428000
2024-07-06 14:27:10.877,0 days 00:39:57.868000,0 days 00:00:40.305000,9448,144,4,67,False,9,car,2046.4075000000005,0.361224777685995,191,10218,2033,car,0 days 00:39:57.868000
2024-07-06 14:27:11.117,0 days 00:39:58.108000,0 days 00:00:40.545000,9182,156,4,46,False,9,car,2056.8075000000003,0.36306054973429636,186,10116,2033,car,0 days 00:39:58.108000
2024-07-06 14:27:11.357,0 days 00:39:58.348000,0 days 00:00:40.785000,9707,154,4,0,True,9,car,2067.0741666666668,0.36487278624351693,179,10012,2034,car,0 days 00:39:58.348000
2024-07-06 14:27:11.637,0 days 00:39:58.628000,0 days 00:00:41.065000,10338,145,3,0,True,9,car,2078.3519444444446,0.36686350059076683,167,9900,2035,car,0 days 00:39:58.628000
2024-07-06 14:27:11.916,0 days 00:39:58.907000,0 days 00:00:41.344000,9729,136,3,0,True,9,car,2088.8919444444446,0.36872398495510306,131,9778,2036,car,0 days 00:39:58.907000
2024-07-06 14:27:12.116,0 days 00:39:59.107000,0 days 00:00:41.544000,9729,131,3,0,True,9,car,2096.1697222222224,0.3700086331299294,88,9686,2038,car,0 days 00:39:59.107000
2024-07-06 14:27:12.476,0 days 00:39:59.467000,0 days 00:00:41.904000,8798,124,3,0,True,9,car,2108.5697222222225,0.37219743826444257,45,9634,2038,car,0 days 00:39:59.467000
2024-07-06 14:27:12.756,0 days 00:39:59.747000,0 days 00:00:42.184000,8153,118,3,0,False,9,car,2117.7475,0.37381746787117004,-23,9563,2039,car,0 days 00:39:59.747000
2024-07-06 14:27:12.916,0 days 00:39:59.907000,0 days 00:00:42.344000,8111,115,3,0,True,9,car,2122.8586111111113,0.3747196635359336,-64,9531,2040,car,0 days 00:39:59.907000
2024-07-06 14:27:13.316,0 days 00:40:00.307000,0 days 00:00:42.744000,7729,109,3,1,False,9,car,2134.969722222222,0.3768574750024384,-172,9472,2040,car,0 days 00:40:00.307000
2024-07-06 14:27:13.476,0 days 00:40:00.467000,0 days 00:00:42.904000,7594,108,3,1,False,9,car,2139.7697222222223,0.37770475440934675,-217,9456,2041,car,0 days 00:40:00.467000
2024-07-06 14:27:13.716,0 days 00:40:00.707000,0 days 00:00:43.144000,7509,106,3,12,False,9,car,2146.836388888889,0.3789521379806285,-285,9443,2041,car,0 days 00:40:00.707000
2024-07-06 14:27:13.956,0 days 00:40:00.947000,0 days 00:00:43.384000,7460,103,3,15,False,9,car,2153.7030555555557,0.38016421824328905,-353,9442,2039,car,0 days 00:40:00.947000
2024-07-06 14:27:14.276,0 days 00:40:01.267000,0 days 00:00:43.704000,7505,103,3,23,False,9,car,2162.8586111111113,0.38178032526016975,-440,9462,2039,car,0 days 00:40:01.267000
2024-07-06 14:27:14.596,0 days 00:40:01.587000,0 days 00:00:44.024000,7593,104,3,24,False,9,car,2172.103055555556,0.38341212263643765,-523,9504,2038,car,0 days 00:40:01.587000
2024-07-06 14:27:14.996,0 days 00:40:01.987000,0 days 00:00:44.424000,7763,105,3,30,False,9,car,2183.7697222222223,0.38547148230600653,-610,9580,2037,car,0 days 00:40:01.987000
2024-07-06 14:27:15.196,0 days 00:40:02.187000,0 days 00:00:44.624000,7941,108,3,32,False,9,car,2189.7697222222223,0.38653058156464193,-648,9627,2035,car,0 days 00:40:02.187000
2024-07-06 14:27:15.516,0 days 00:40:02.507000,0 days 00:00:44.944000,8164,111,3,35,False,9,car,2199.636388888889,0.3882722114566202,-710,9738,2034,car,0 days 00:40:02.507000
2024-07-06 14:27:15.676,0 days 00:40:02.667000,0 days 00:00:45.104000,8360,111,3,37,False,9,car,2204.5697222222225,0.38914302640260934,-737,9801,2033,car,0 days 00:40:02.667000
2024-07-06 14:27:16.036,0 days 00:40:03.027000,0 days 00:00:45.464000,8648,117,3,41,False,9,car,2216.2697222222223,0.3912082699569484,-761,9899,2032,car,0 days 00:40:03.027000
2024-07-06 14:27:16.196,0 days 00:40:03.187000,0 days 00:00:45.624000,8927,121,3,45,False,9,car,2221.6475,0.39215753669987347,-768,9937,2032,car,0 days 00:40:03.187000
2024-07-06 14:27:16.597,0 days 00:40:03.588000,0 days 00:00:46.025000,9452,129,3,53,False,9,car,2236.0166666666664,0.394693932327186,-776,10055,2031,car,0 days 00:40:03.588000
2024-07-06 14:27:16.917,0 days 00:40:03.908000,0 days 00:00:46.345000,10177,134,3,60,False,9,car,2247.9277777777775,0.3967964404850696,-770,10173,2031,car,0 days 00:40:03.908000
2024-07-06 14:27:17.277,0 days 00:40:04.268000,0 days 00:00:46.705000,11177,146,3,69,False,9,car,2262.5277777777774,0.3993735820144158,-748,10315,2029,car,0 days 00:40:04.268000
2024-07-06 14:27:17.437,0 days 00:40:04.428000,0 days 00:00:46.865000,11491,150,3,74,False,9,car,2269.1944444444443,0.40055035896845526,-733,10381,2030,car,0 days 00:40:04.428000
2024-07-06 14:27:17.797,0 days 00:40:04.788000,0 days 00:00:47.225000,10650,165,4,99,False,9,car,2285.6944444444443,0.40346288192970264,-687,10535,2027,car,0 days 00:40:04.788000
2024-07-06 14:27:18.117,0 days 00:40:05.108000,0 days 00:00:47.545000,11169,178,4,99,False,9,car,2301.5166666666664,0.40625576590062273,-631,10677,2025,car,0 days 00:40:05.108000
2024-07-06 14:27:18.397,0 days 00:40:05.388000,0 days 00:00:47.825000,11643,186,4,99,False,9,car,2315.983333333333,0.4088093718908881,-574,10806,2024,car,0 days 00:40:05.388000
2024-07-06 14:27:18.636,0 days 00:40:05.627000,0 days 00:00:48.064000,10455,192,4,99,False,9,car,2328.7299999999996,0.4110593694270113,-517,10919,2023,car,0 days 00:40:05.627000
2024-07-06 14:27:18.916,0 days 00:40:05.907000,0 days 00:00:48.344000,10836,199,5,99,False,9,car,2344.207777777777,0.41379145325530603,-447,11054,2021,car,0 days 00:40:05.907000
2024-07-06 14:27:19.116,0 days 00:40:06.107000,0 days 00:00:48.544000,11000,203,5,99,False,9,car,2355.4855555555546,0.4157821676025559,-393,11153,2020,car,0 days 00:40:06.107000
2024-07-06 14:27:19.476,0 days 00:40:06.467000,0 days 00:00:48.904000,11469,210,5,99,False,9,car,2376.485555555555,0.4194890150077799,-286,11330,2021,car,0 days 00:40:06.467000
2024-07-06 14:27:19.716,0 days 00:40:06.707000,0 days 00:00:49.144000,11597,216,5,99,False,9,car,2390.8855555555547,0.42203085322850487,-205,11448,2020,car,0 days 00:40:06.707000
2024-07-06 14:27:19.916,0 days 00:40:06.907000,0 days 00:00:49.344000,10419,220,5,99,False,9,car,2403.107777777777,0.4241882776442437,-133,11546,2020,car,0 days 00:40:06.907000
2024-07-06 14:27:20.076,0 days 00:40:07.067000,0 days 00:00:49.504000,10506,221,5,99,False,9,car,2412.929999999999,0.42592206235652835,-72,11623,2020,car,0 days 00:40:07.067000
2024-07-06 14:27:20.236,0 days 00:40:07.227000,0 days 00:00:49.664000,10562,224,6,99,False,9,car,2422.8855555555547,0.4276793826078938,-8,11699,2020,car,0 days 00:40:07.227000
2024-07-06 14:27:20.516,0 days 00:40:07.507000,0 days 00:00:49.944000,10773,228,6,99,False,9,car,2440.6188888888883,0.43080960930563855,106,11825,2021,car,0 days 00:40:07.507000
2024-07-06 14:27:20.756,0 days 00:40:07.747000,0 days 00:00:50.184000,10968,231,6,99,False,9,car,2456.018888888888,0.4335279640694694,264,11979,2023,car,0 days 00:40:07.747000
2024-07-06 14:27:21.036,0 days 00:40:08.027000,0 days 00:00:50.464000,11072,235,6,99,False,9,car,2474.2966666666657,0.4367542942184606,353,12064,2024,car,0 days 00:40:08.027000
2024-07-06 14:27:21.396,0 days 00:40:08.387000,0 days 00:00:50.824000,11327,240,6,99,False,9,car,2498.2966666666657,0.44099069125300233,601,12253,2024,car,0 days 00:40:08.387000
2024-07-06 14:27:21.636,0 days 00:40:08.627000,0 days 00:00:51.064000,11367,241,6,99,False,9,car,2514.3633333333323,0.4438267237122372,684,12312,2023,car,0 days 00:40:08.627000
2024-07-06 14:27:21.956,0 days 00:40:08.947000,0 days 00:00:51.384000,11535,245,6,100,False,9,car,2536.14111111111,0.4476708617620991,853,12407,2024,car,0 days 00:40:08.947000
2024-07-06 14:27:22.236,0 days 00:40:09.227000,0 days 00:00:51.664000,11692,249,6,99,False,9,car,2555.507777777777,0.45108939881358345,1037,12495,2024,car,0 days 00:40:09.227000
2024-07-06 14:27:22.436,0 days 00:40:09.427000,0 days 00:00:51.864000,11101,251,6,99,False,9,car,2569.4522222222213,0.4535508239424491,1209,12564,2024,car,0 days 00:40:09.427000
2024-07-06 14:27:22.596,0 days 00:40:09.587000,0 days 00:00:52.024000,10377,252,7,99,False,9,car,2580.6522222222216,0.4555278092252353,1310,12601,2025,car,0 days 00:40:09.587000
2024-07-06 14:27:22.756,0 days 00:40:09.747000,0 days 00:00:52.184000,10414,252,7,99,False,9,car,2591.8522222222214,0.45750479450802134,1384,12624,2025,car,0 days 00:40:09.747000
2024-07-06 14:27:22.956,0 days 00:40:09.947000,0 days 00:00:52.384000,10516,254,7,99,False,9,car,2605.9633333333327,0.45999563906073804,1504,12657,2024,car,0 days 00:40:09.947000
2024-07-06 14:27:23.237,0 days 00:40:10.228000,0 days 00:00:52.665000,10540,258,7,99,False,9,car,2626.101666666666,0.46355038804465243,1703,12706,2025,car,0 days 00:40:10.228000
2024-07-06 14:27:23.517,0 days 00:40:10.508000,0 days 00:00:52.945000,10634,260,7,99,False,9,car,2646.323888888888,0.4671199448052385,1898,12744,2026,car,0 days 00:40:10.508000
2024-07-06 14:27:23.837,0 days 00:40:10.828000,0 days 00:00:53.265000,10760,262,7,99,False,9,car,2669.612777777777,0.4712308189646826,2154,12782,2028,car,0 days 00:40:10.828000
2024-07-06 14:27:24.037,0 days 00:40:11.028000,0 days 00:00:53.465000,10838,264,7,100,False,9,car,2684.279444444444,0.4738197282635693,2298,12799,2029,car,0 days 00:40:11.028000
2024-07-06 14:27:24.277,0 days 00:40:11.268000,0 days 00:00:53.705000,10854,265,7,99,False,9,car,2701.9461111111104,0.47693818719177355,2474,12819,2031,car,0 days 00:40:11.268000
2024-07-06 14:27:24.557,0 days 00:40:11.548000,0 days 00:00:53.985000,10981,267,7,99,False,9,car,2722.7127777777773,0.4806038474036062,2680,12840,2032,car,0 days 00:40:11.548000
2024-07-06 14:27:24.957,0 days 00:40:11.948000,0 days 00:00:54.385000,11079,270,7,99,False,9,car,2752.7127777777773,0.4858993436967833,2977,12870,2035,car,0 days 00:40:11.948000
2024-07-06 14:27:25.117,0 days 00:40:12.108000,0 days 00:00:54.545000,11103,270,7,99,False,9,car,2764.712777777778,0.4880175422140542,3097,12882,2037,car,0 days 00:40:12.108000
2024-07-06 14:27:25.276,0 days 00:40:12.267000,0 days 00:00:54.704000,11144,272,7,99,False,9,car,2776.726111111111,0.49013809428523314,3215,12895,2037,car,0 days 00:40:12.267000
2024-07-06 14:27:25.676,0 days 00:40:12.667000,0 days 00:00:55.104000,11237,274,7,99,False,9,car,2807.1705555555554,0.4955120423753462,3518,12928,2040,car,0 days 00:40:12.667000
2024-07-06 14:27:25.876,0 days 00:40:12.867000,0 days 00:00:55.304000,11294,275,7,99,False,9,car,2822.4483333333333,0.4982088228950197,3665,12944,2036,car,0 days 00:40:12.867000
2024-07-06 14:27:26.196,0 days 00:40:13.187000,0 days 00:00:55.624000,11357,278,7,99,False,9,car,2847.1594444444445,0.502570742804659,3989,12981,2042,car,0 days 00:40:13.187000
2024-07-06 14:27:26.396,0 days 00:40:13.387000,0 days 00:00:55.824000,11407,278,7,99,False,9,car,2862.6038888888884,0.5052969427481834,4090,12993,2044,car,0 days 00:40:13.387000
2024-07-06 14:27:26.716,0 days 00:40:13.707000,0 days 00:00:56.144000,11462,280,7,99,False,9,car,2887.492777777777,0.509690243376597,4385,13032,2045,car,0 days 00:40:13.707000
2024-07-06 14:27:26.876,0 days 00:40:13.867000,0 days 00:00:56.304000,11487,281,7,99,False,9,car,2899.981666666666,0.5118947388704974,4565,13056,2046,car,0 days 00:40:13.867000
2024-07-06 14:27:27.156,0 days 00:40:14.147000,0 days 00:00:56.584000,11429,282,7,99,False,9,car,2921.9149999999995,0.5157663350492869,4711,13075,2047,car,0 days 00:40:14.147000
2024-07-06 14:27:27.316,0 days 00:40:14.307000,0 days 00:00:56.744000,11450,279,7,0,False,9,car,2934.314999999999,0.5179551401838001,4824,13087,2048,car,0 days 00:40:14.307000
2024-07-06 14:27:27.676,0 days 00:40:14.667000,0 days 00:00:57.104000,10468,264,7,0,True,9,car,2960.7149999999992,0.5226151769217959,5140,13114,2049,car,0 days 00:40:14.667000
2024-07-06 14:27:27.916,0 days 00:40:14.907000,0 days 00:00:57.344000,11532,250,7,0,True,9,car,2977.381666666666,0.5255571193068943,5220,13116,2048,car,0 days 00:40:14.907000
2024-07-06 14:27:28.196,0 days 00:40:15.187000,0 days 00:00:57.624000,11015,238,6,0,True,9,car,2995.8927777777776,0.528824636649277,5372,13104,2049,car,0 days 00:40:15.187000
2024-07-06 14:27:28.436,0 days 00:40:15.427000,0 days 00:00:57.864000,10859,233,6,4,False,9,car,3011.4261111111105,0.5315665269521886,5529,13077,2051,car,0 days 00:40:15.427000
2024-07-06 14:27:28.636,0 days 00:40:15.627000,0 days 00:00:58.064000,10620,229,6,21,False,9,car,3024.148333333333,0.5338122096394805,5716,13022,2052,car,0 days 00:40:15.627000
2024-07-06 14:27:28.956,0 days 00:40:15.947000,0 days 00:00:58.384000,10478,223,6,32,False,9,car,3043.970555555555,0.5373111597828242,5854,12964,2052,car,0 days 00:40:15.947000
2024-07-06 14:27:29.236,0 days 00:40:16.227000,0 days 00:00:58.664000,10395,221,6,51,False,9,car,3061.159444444444,0.5403452830293223,5984,12884,2053,car,0 days 00:40:16.227000
2024-07-06 14:27:29.436,0 days 00:40:16.427000,0 days 00:00:58.864000,10455,221,6,60,False,9,car,3073.4372222222214,0.542512513919678,6084,12812,2054,car,0 days 00:40:16.427000
2024-07-06 14:27:29.676,0 days 00:40:16.667000,0 days 00:00:59.104000,10588,223,6,70,False,9,car,3088.303888888888,0.5451367265271858,6198,12716,2054,car,0 days 00:40:16.667000
2024-07-06 14:27:29.917,0 days 00:40:16.908000,0 days 00:00:59.345000,10673,226,6,76,False,9,car,3103.4333333333325,0.5478073237596319,6324,12579,2056,car,0 days 00:40:16.908000
2024-07-06 14:27:30.077,0 days 00:40:17.068000,0 days 00:00:59.505000,10977,228,6,85,False,9,car,3113.566666666666,0.5495960247297719,6368,12518,2055,car,0 days 00:40:17.068000
2024-07-06 14:27:30.277,0 days 00:40:17.268000,0 days 00:00:59.705000,11103,230,6,99,False,9,car,3126.3444444444435,0.5518515138916805,6427,12418,2056,car,0 days 00:40:17.268000
2024-07-06 14:27:30.477,0 days 00:40:17.468000,0 days 00:00:59.905000,11196,235,6,99,False,9,car,3139.399999999999,0.5541560354266744,6489,12298,2057,car,0 days 00:40:17.468000
2024-07-06 14:27:30.717,0 days 00:40:17.708000,0 days 00:01:00.145000,11289,240,6,99,False,9,car,3155.399999999999,0.5569803001163688,6552,12153,2058,car,0 days 00:40:17.708000
2024-07-06 14:27:30.917,0 days 00:40:17.908000,0 days 00:01:00.345000,11354,242,6,99,False,9,car,3168.8444444444435,0.5593534669736815,6599,12027,2059,car,0 days 00:40:17.908000
2024-07-06 14:27:31.077,0 days 00:40:18.068000,0 days 00:01:00.505000,11533,243,6,99,False,9,car,3179.6444444444437,0.5612598456392253,6633,11925,2059,car,0 days 00:40:18.068000
2024-07-06 14:27:31.237,0 days 00:40:18.228000,0 days 00:01:00.665000,11587,244,6,99,False,9,car,3190.488888888888,0.5631740694844626,6665,11820,2060,car,0 days 00:40:18.228000
2024-07-06 14:27:31.397,0 days 00:40:18.388000,0 days 00:01:00.825000,11688,249,6,99,False,9,car,3201.555555555555,0.5651275192281681,6694,11713,2061,car,0 days 00:40:18.388000
2024-07-06 14:27:31.597,0 days 00:40:18.588000,0 days 00:01:01.025000,11745,251,6,99,False,9,car,3215.4999999999995,0.5675889443570337,6728,11579,2062,car,0 days 00:40:18.588000
2024-07-06 14:27:31.917,0 days 00:40:18.908000,0 days 00:01:01.345000,10385,254,7,99,False,9,car,3238.0777777777776,0.5715742956413803,6780,11361,2064,car,0 days 00:40:18.908000
2024-07-06 14:27:32.396,0 days 00:40:19.387000,0 days 00:01:01.824000,10580,259,7,99,False,9,car,3272.5391666666665,0.5776573008786752,6851,10989,2066,car,0 days 00:40:19.387000
2024-07-06 14:27:32.796,0 days 00:40:19.787000,0 days 00:01:02.224000,10815,263,7,99,False,9,car,3301.7613888888886,0.5828155065272144,6897,10698,2069,car,0 days 00:40:19.787000
2024-07-06 14:27:32.996,0 days 00:40:19.987000,0 days 00:01:02.424000,10785,264,7,99,False,9,car,3316.4280555555556,0.585404415826101,6912,10579,2070,car,0 days 00:40:19.987000
2024-07-06 14:27:33.316,0 days 00:40:20.307000,0 days 00:01:02.744000,10905,267,7,99,False,9,car,3340.161388888889,0.5895937417824813,6938,10342,2071,car,0 days 00:40:20.307000
2024-07-06 14:27:33.476,0 days 00:40:20.467000,0 days 00:01:02.904000,11016,268,7,99,False,9,car,3352.0725000000007,0.591696249940365,6948,10237,2072,car,0 days 00:40:20.467000
2024-07-06 14:27:33.756,0 days 00:40:20.747000,0 days 00:01:03.184000,11092,271,7,99,False,9,car,3373.150277777778,0.5954168264100526,6967,9957,2073,car,0 days 00:40:20.747000
2024-07-06 14:27:34.156,0 days 00:40:21.147000,0 days 00:01:03.584000,11235,274,7,99,False,9,car,3403.5947222222226,0.6007907745001657,6979,9635,2074,car,0 days 00:40:21.147000
2024-07-06 14:27:34.396,0 days 00:40:21.387000,0 days 00:01:03.824000,11288,276,7,99,False,9,car,3421.994722222222,0.6040386788933143,6984,9435,2074,car,0 days 00:40:21.387000
2024-07-06 14:27:34.636,0 days 00:40:21.627000,0 days 00:01:04.064000,11325,277,7,99,False,9,car,3440.4613888888885,0.6072983510560033,6988,9250,2074,car,0 days 00:40:21.627000
2024-07-06 14:27:34.876,0 days 00:40:21.867000,0 days 00:01:04.304000,11410,278,7,99,False,9,car,3458.9947222222227,0.6105697909882328,6993,9142,2073,car,0 days 00:40:21.867000
2024-07-06 14:27:35.236,0 days 00:40:22.227000,0 days 00:01:04.664000,11484,280,7,99,False,9,car,3486.9947222222227,0.6155122541951981,7012,8882,2072,car,0 days 00:40:22.227000
2024-07-06 14:27:35.436,0 days 00:40:22.427000,0 days 00:01:04.864000,11479,281,7,99,False,9,car,3502.605833333334,0.6182678735625736,7031,8729,2071,car,0 days 00:40:22.427000
2024-07-06 14:27:35.676,0 days 00:40:22.667000,0 days 00:01:05.104000,11511,282,7,99,False,9,car,3521.4058333333337,0.6215863845729646,7063,8543,2069,car,0 days 00:40:22.667000
2024-07-06 14:27:36.076,0 days 00:40:23.067000,0 days 00:01:05.504000,11569,283,7,99,False,9,car,3552.8502777777785,0.6271368492061836,7134,8238,2068,car,0 days 00:40:23.067000
2024-07-06 14:27:36.357,0 days 00:40:23.348000,0 days 00:01:05.785000,11593,284,7,99,False,9,car,3575.0180555555557,0.6310498287078568,7196,8025,2065,car,0 days 00:40:23.348000
2024-07-06 14:27:36.717,0 days 00:40:23.708000,0 days 00:01:06.145000,11826,282,7,0,False,9,car,3603.2180555555556,0.6360275952234432,7291,7758,2062,car,0 days 00:40:23.708000
2024-07-06 14:27:37.077,0 days 00:40:24.068000,0 days 00:01:06.505000,11059,277,7,0,False,9,car,3630.9180555555554,0.6409171034674767,7395,7500,2060,car,0 days 00:40:24.068000
2024-07-06 14:27:37.477,0 days 00:40:24.468000,0 days 00:01:06.905000,10600,265,7,0,False,9,car,3660.3625,0.6461145350144839,7494,7207,2057,car,0 days 00:40:24.468000
2024-07-06 14:27:37.637,0 days 00:40:24.628000,0 days 00:01:07.065000,10509,259,7,0,False,9,car,3671.873611111111,0.6481464365551252,7529,7035,2057,car,0 days 00:40:24.628000
2024-07-06 14:27:37.837,0 days 00:40:24.828000,0 days 00:01:07.265000,10252,254,7,0,False,9,car,3685.9847222222224,0.6506372811078419,7545,6914,2058,car,0 days 00:40:24.828000
2024-07-06 14:27:38.117,0 days 00:40:25.108000,0 days 00:01:07.545000,9970,249,7,0,False,9,car,3705.3513888888892,0.6540558181593262,7533,6800,2057,car,0 days 00:40:25.108000
2024-07-06 14:27:38.477,0 days 00:40:25.468000,0 days 00:01:07.905000,9962,240,7,0,False,9,car,3729.3513888888892,0.6582922151938679,7495,6554,2058,car,0 days 00:40:25.468000
2024-07-06 14:27:38.676,0 days 00:40:25.667000,0 days 00:01:08.104000,10672,235,7,0,False,9,car,3742.3416666666667,0.6605852141211866,7468,6430,2059,car,0 days 00:40:25.667000
2024-07-06 14:27:38.876,0 days 00:40:25.867000,0 days 00:01:08.304000,10511,230,7,0,False,9,car,3755.1194444444445,0.6628407032830954,7419,6237,2060,car,0 days 00:40:25.867000
2024-07-06 14:27:39.036,0 days 00:40:26.027000,0 days 00:01:08.464000,10535,225,6,0,False,9,car,3765.1194444444445,0.6646058687141545,7391,6125,2061,car,0 days 00:40:26.027000
2024-07-06 14:27:39.356,0 days 00:40:26.347000,0 days 00:01:08.784000,10183,223,6,0,False,9,car,3784.941666666667,0.6681048188574982,7369,6023,2062,car,0 days 00:40:26.347000
2024-07-06 14:27:39.556,0 days 00:40:26.547000,0 days 00:01:08.984000,10016,217,6,0,False,9,car,3796.997222222222,0.6702328238493859,7343,5894,2063,car,0 days 00:40:26.547000
2024-07-06 14:27:39.756,0 days 00:40:26.747000,0 days 00:01:09.184000,9999,213,6,0,False,9,car,3808.8305555555553,0.6723216029428057,7327,5775,2062,car,0 days 00:40:26.747000
2024-07-06 14:27:39.956,0 days 00:40:26.947000,0 days 00:01:09.384000,11080,209,6,0,False,9,car,3820.4416666666666,0.6743711561377577,7318,5597,2062,car,0 days 00:40:26.947000
2024-07-06 14:27:40.156,0 days 00:40:27.147000,0 days 00:01:09.584000,10829,205,5,0,False,9,car,3831.8305555555557,0.6763814834342416,7319,5525,2061,car,0 days 00:40:27.147000
2024-07-06 14:27:40.356,0 days 00:40:27.347000,0 days 00:01:09.784000,10652,203,5,0,False,9,car,3843.1083333333336,0.6783721977814916,7329,5448,2062,car,0 days 00:40:27.347000
2024-07-06 14:27:40.636,0 days 00:40:27.627000,0 days 00:01:10.064000,10454,198,5,13,False,9,car,3858.5083333333328,0.6810905525453224,7386,5251,2060,car,0 days 00:40:27.627000
2024-07-06 14:27:40.956,0 days 00:40:27.947000,0 days 00:01:10.384000,10232,191,5,32,False,9,car,3875.486111111111,0.684087411188276,7448,5100,2059,car,0 days 00:40:27.947000
2024-07-06 14:27:41.156,0 days 00:40:28.147000,0 days 00:01:10.584000,10271,190,5,39,False,9,car,3886.0416666666665,0.685950641365505,7485,5037,2058,car,0 days 00:40:28.147000
2024-07-06 14:27:41.396,0 days 00:40:28.387000,0 days 00:01:10.824000,10343,191,5,47,False,9,car,3898.7749999999996,0.6881982853477201,7579,4880,2055,car,0 days 00:40:28.387000
2024-07-06 14:27:41.556,0 days 00:40:28.547000,0 days 00:01:10.984000,9793,191,5,0,False,9,car,3907.2638888888882,0.6896967146691969,7612,4825,2054,car,0 days 00:40:28.547000
2024-07-06 14:27:41.916,0 days 00:40:28.907000,0 days 00:01:11.344000,9772,185,5,0,True,9,car,3925.7638888888882,0.6929622707166561,7682,4698,2052,car,0 days 00:40:28.907000
2024-07-06 14:27:42.116,0 days 00:40:29.107000,0 days 00:01:11.544000,9585,181,5,0,True,9,car,3935.819444444444,0.6947372426223322,7725,4603,2051,car,0 days 00:40:29.107000
2024-07-06 14:27:42.276,0 days 00:40:29.267000,0 days 00:01:11.704000,9424,180,5,0,False,9,car,3943.819444444444,0.6961493749671793,7754,4518,2050,car,0 days 00:40:29.267000
2024-07-06 14:27:42.556,0 days 00:40:29.547000,0 days 00:01:11.984000,9234,175,5,9,False,9,car,3957.430555555555,0.6985519612483431,7787,4341,2047,car,0 days 00:40:29.547000
2024-07-06 14:27:42.876,0 days 00:40:29.867000,0 days 00:01:12.304000,9141,171,5,30,False,9,car,3972.6305555555555,0.7012350127035528,7789,4232,2045,car,0 days 00:40:29.867000
2024-07-06 14:27:43.197,0 days 00:40:30.188000,0 days 00:01:12.625000,9213,170,5,44,False,9,car,3987.788888888889,0.7039107093027999,7763,4097,2043,car,0 days 00:40:30.188000
2024-07-06 14:27:43.357,0 days 00:40:30.348000,0 days 00:01:12.785000,9308,171,5,48,False,9,car,3995.3888888888887,0.7052522350304047,7743,4026,2042,car,0 days 00:40:30.348000
2024-07-06 14:27:43.677,0 days 00:40:30.668000,0 days 00:01:13.105000,9436,173,5,53,False,9,car,4010.766666666667,0.7079666672043889,7670,3852,2040,car,0 days 00:40:30.668000
2024-07-06 14:27:44.077,0 days 00:40:31.068000,0 days 00:01:13.505000,9822,177,5,64,False,9,car,4030.433333333333,0.7114381592188049,7544,3655,2038,car,0 days 00:40:31.068000
2024-07-06 14:27:44.437,0 days 00:40:31.428000,0 days 00:01:13.865000,10182,187,5,75,False,9,car,4049.1333333333328,0.7147390185748853,7449,3556,2036,car,0 days 00:40:31.428000
2024-07-06 14:27:44.637,0 days 00:40:31.628000,0 days 00:01:14.065000,10533,192,5,90,False,9,car,4059.7999999999997,0.7166218617013483,7386,3505,2035,car,0 days 00:40:31.628000
2024-07-06 14:27:45.117,0 days 00:40:32.108000,0 days 00:01:14.545000,11055,205,5,99,False,9,car,4087.133333333333,0.7214466472129097,7123,3350,2032,car,0 days 00:40:32.108000
2024-07-06 14:27:45.396,0 days 00:40:32.387000,0 days 00:01:14.824000,11363,212,5,99,False,9,car,4103.563333333333,0.7243468140161395,6949,3259,2029,car,0 days 00:40:32.387000
2024-07-06 14:27:45.596,0 days 00:40:32.587000,0 days 00:01:15.024000,11680,216,5,99,False,9,car,4115.563333333333,0.7264650125334104,6908,3229,2029,car,0 days 00:40:32.587000
2024-07-06 14:27:45.796,0 days 00:40:32.787000,0 days 00:01:15.224000,11680,216,5,99,False,9,car,4127.563333333333,0.7285832110506812,6817,3159,2029,car,0 days 00:40:32.787000
2024-07-06 14:27:46.156,0 days 00:40:33.147000,0 days 00:01:15.584000,10569,224,6,99,False,9,car,4149.963333333332,0.7325371816162535,6644,2991,2027,car,0 days 00:40:33.147000
2024-07-06 14:27:46.316,0 days 00:40:33.307000,0 days 00:01:15.744000,10691,227,6,99,False,9,car,4160.052222222221,0.7343180374066997,6545,2882,2028,car,0 days 00:40:33.307000
2024-07-06 14:27:46.556,0 days 00:40:33.547000,0 days 00:01:15.984000,10961,230,6,99,False,9,car,4175.385555555554,0.7370246244009901,6478,2805,2027,car,0 days 00:40:33.547000
2024-07-06 14:27:46.756,0 days 00:40:33.747000,0 days 00:01:16.184000,11074,233,6,99,False,9,car,4188.329999999998,0.7393095329867498,6409,2716,2027,car,0 days 00:40:33.747000
2024-07-06 14:27:47.036,0 days 00:40:34.027000,0 days 00:01:16.464000,11074,236,6,99,False,9,car,4206.685555555554,0.7425495922002049,6302,2560,2026,car,0 days 00:40:34.027000
2024-07-06 14:27:47.276,0 days 00:40:34.267000,0 days 00:01:16.704000,11398,240,6,99,False,9,car,4222.685555555554,0.7453738568898994,6222,2427,2026,car,0 days 00:40:34.267000
2024-07-06 14:27:47.476,0 days 00:40:34.467000,0 days 00:01:16.904000,11522,243,6,99,False,9,car,4236.185555555554,0.747756830221829,6150,2298,2025,car,0 days 00:40:34.467000
2024-07-06 14:27:47.756,0 days 00:40:34.747000,0 days 00:01:17.184000,11693,247,6,99,False,9,car,4255.396666666665,0.7511479091443858,6036,2076,2024,car,0 days 00:40:34.747000
2024-07-06 14:27:47.996,0 days 00:40:34.987000,0 days 00:01:17.424000,11273,251,6,99,False,9,car,4272.129999999998,0.7541016192990246,5960,1922,2024,car,0 days 00:40:34.987000
2024-07-06 14:27:48.196,0 days 00:40:35.187000,0 days 00:01:17.624000,10330,252,7,99,False,9,car,4286.129999999997,0.7565728509025071,5928,1856,2024,car,0 days 00:40:35.187000
2024-07-06 14:27:48.396,0 days 00:40:35.387000,0 days 00:01:17.824000,10457,254,7,99,False,9,car,4300.241111111109,0.7590636954552238,5859,1715,2023,car,0 days 00:40:35.387000
2024-07-06 14:27:48.556,0 days 00:40:35.547000,0 days 00:01:17.984000,10496,255,7,99,False,9,car,4311.574444444442,0.7610642162770906,5783,1559,2023,car,0 days 00:40:35.547000
2024-07-06 14:27:48.796,0 days 00:40:35.787000,0 days 00:01:18.224000,10594,259,7,99,False,9,car,4328.841111111109,0.7641120685880527,5686,1358,2022,car,0 days 00:40:35.787000
2024-07-06 14:27:50.037,0 days 00:40:37.028000,0 days 00:01:19.465000,11000,268,7,99,False,9,car,4421.226666666665,0.7804196474876378,5353,659,2016,car,0 days 00:40:37.028000
2024-07-06 14:27:50.197,0 days 00:40:37.188000,0 days 00:01:19.625000,11027,269,7,99,False,9,car,4433.18222222222,0.782530000825215,5301,552,2015,car,0 days 00:40:37.188000
2024-07-06 14:27:50.437,0 days 00:40:37.428000,0 days 00:01:19.865000,11103,271,7,99,False,9,car,4451.2488888888865,0.7857190663706617,5207,355,2015,car,0 days 00:40:37.428000
2024-07-06 14:27:50.837,0 days 00:40:37.828000,0 days 00:01:20.265000,11174,272,7,99,False,9,car,4481.471111111109,0.7910537885623068,5075,85,2012,car,0 days 00:40:37.828000
2024-07-06 14:27:51.037,0 days 00:40:38.028000,0 days 00:01:20.465000,11221,274,7,99,False,9,car,4496.693333333332,0.7937407626073634,5030,-8,2012,car,0 days 00:40:38.028000
2024-07-06 14:27:51.277,0 days 00:40:38.268000,0 days 00:01:20.705000,11292,275,7,99,False,9,car,4515.026666666665,0.7969768992309716,4899,-279,2010,car,0 days 00:40:38.268000
2024-07-06 14:27:51.637,0 days 00:40:38.628000,0 days 00:01:21.065000,11359,277,7,99,False,9,car,4542.726666666665,0.8018664074750051,4821,-443,2008,car,0 days 00:40:38.628000
2024-07-06 14:27:51.797,0 days 00:40:38.788000,0 days 00:01:21.225000,11357,278,7,99,False,9,car,4555.08222222222,0.8040473674298246,4732,-625,2008,car,0 days 00:40:38.788000
2024-07-06 14:27:51.997,0 days 00:40:38.988000,0 days 00:01:21.425000,11394,279,7,99,False,9,car,4570.58222222222,0.8067833738479662,4688,-717,2007,car,0 days 00:40:38.988000
2024-07-06 14:27:52.196,0 days 00:40:39.187000,0 days 00:01:21.624000,11428,279,7,99,False,9,car,4586.004722222219,0.8095057002340169,4638,-822,2006,car,0 days 00:40:39.187000
2024-07-06 14:27:52.396,0 days 00:40:39.387000,0 days 00:01:21.824000,11461,280,7,99,False,9,car,4601.560277777775,0.8122515131267753,4536,-1031,2005,car,0 days 00:40:39.387000
2024-07-06 14:27:52.716,0 days 00:40:39.707000,0 days 00:01:22.144000,11489,280,7,99,False,9,car,4626.4491666666645,0.8166448137551892,4444,-1221,2004,car,0 days 00:40:39.707000
2024-07-06 14:27:52.956,0 days 00:40:39.947000,0 days 00:01:22.384000,11519,281,7,99,False,9,car,4645.182499999997,0.8199515569960396,4383,-1346,2002,car,0 days 00:40:39.947000
2024-07-06 14:27:53.276,0 days 00:40:40.267000,0 days 00:01:22.704000,11574,282,7,99,False,9,car,4670.249166666663,0.8243762383432274,4274,-1567,1999,car,0 days 00:40:40.267000
2024-07-06 14:27:53.556,0 days 00:40:40.547000,0 days 00:01:22.984000,11309,279,7,0,False,9,car,4691.949166666663,0.8282066473286255,4164,-1786,1996,car,0 days 00:40:40.547000
2024-07-06 14:27:53.836,0 days 00:40:40.827000,0 days 00:01:23.264000,11309,271,7,0,False,9,car,4713.02694444444,0.8319272237983132,4021,-2070,1993,car,0 days 00:40:40.827000
2024-07-06 14:27:54.156,0 days 00:40:41.147000,0 days 00:01:23.584000,10598,264,7,0,False,9,car,4736.493611111107,0.8360694786765318,3970,-2171,1994,car,0 days 00:40:41.147000
2024-07-06 14:27:54.316,0 days 00:40:41.307000,0 days 00:01:23.744000,10452,259,7,0,False,9,car,4748.004722222218,0.8381013802171732,3913,-2281,1994,car,0 days 00:40:41.307000
2024-07-06 14:27:54.476,0 days 00:40:41.467000,0 days 00:01:23.904000,10332,257,7,0,False,9,car,4759.42694444444,0.8401175913984271,3824,-2452,1993,car,0 days 00:40:41.467000
2024-07-06 14:27:54.716,0 days 00:40:41.707000,0 days 00:01:24.144000,10077,249,7,0,False,9,car,4776.02694444444,0.8430477660139851,3740,-2613,1994,car,0 days 00:40:41.707000
2024-07-06 14:27:54.956,0 days 00:40:41.947000,0 days 00:01:24.384000,9842,245,7,0,False,9,car,4792.360277777773,0.8459308695513815,3702,-2686,1995,car,0 days 00:40:41.947000
2024-07-06 14:27:55.156,0 days 00:40:42.147000,0 days 00:01:24.584000,9668,240,7,0,False,9,car,4805.693611111107,0.8482844234594604,3638,-2803,1997,car,0 days 00:40:42.147000
2024-07-06 14:27:55.436,0 days 00:40:42.427000,0 days 00:01:24.864000,9448,234,7,0,False,9,car,4823.893611111107,0.8514970245439878,3549,-2963,1999,car,0 days 00:40:42.427000
2024-07-06 14:27:55.796,0 days 00:40:42.787000,0 days 00:01:25.224000,9193,226,7,0,False,9,car,4846.493611111107,0.8554862984181812,3436,-3163,2003,car,0 days 00:40:42.787000
2024-07-06 14:27:55.996,0 days 00:40:42.987000,0 days 00:01:25.424000,8827,222,7,0,False,9,car,4858.826944444441,0.8576633357831542,3372,-3270,2005,car,0 days 00:40:42.987000
2024-07-06 14:27:56.237,0 days 00:40:43.228000,0 days 00:01:25.665000,8802,218,7,0,False,9,car,4873.42083333333,0.8602393986002925,3293,-3393,2009,car,0 days 00:40:43.228000
2024-07-06 14:27:56.437,0 days 00:40:43.428000,0 days 00:01:25.865000,8672,214,7,0,True,9,car,4885.309722222218,0.8623379841683292,3226,-3492,2011,car,0 days 00:40:43.428000
2024-07-06 14:27:56.597,0 days 00:40:43.588000,0 days 00:01:26.025000,9083,209,7,0,True,9,car,4894.598611111107,0.8639776267242907,3170,-3568,2012,car,0 days 00:40:43.588000
2024-07-06 14:27:56.837,0 days 00:40:43.828000,0 days 00:01:26.265000,9496,206,6,0,True,9,car,4908.33194444444,0.8664017872496117,3078,-3679,2015,car,0 days 00:40:43.828000
2024-07-06 14:27:57.037,0 days 00:40:44.028000,0 days 00:01:26.465000,9186,198,6,0,True,9,car,4919.33194444444,0.8683434692237766,2962,-3803,2018,car,0 days 00:40:44.028000
2024-07-06 14:27:57.277,0 days 00:40:44.268000,0 days 00:01:26.705000,9977,193,6,0,True,9,car,4932.198611111106,0.8706146487450726,2905,-3860,2019,car,0 days 00:40:44.268000
2024-07-06 14:27:57.477,0 days 00:40:44.468000,0 days 00:01:26.905000,9977,189,6,0,True,9,car,4942.698611111106,0.8724680724476845,2832,-3909,2021,car,0 days 00:40:44.468000
2024-07-06 14:27:57.677,0 days 00:40:44.668000,0 days 00:01:27.105000,9645,184,5,0,False,9,car,4952.920833333329,0.8742724637772117,2709,-3987,2023,car,0 days 00:40:44.668000
2024-07-06 14:27:57.837,0 days 00:40:44.828000,0 days 00:01:27.265000,9550,180,5,0,False,9,car,4960.920833333329,0.8756845961220588,2645,-4022,2025,car,0 days 00:40:44.828000
2024-07-06 14:27:58.197,0 days 00:40:45.188000,0 days 00:01:27.625000,9161,174,5,14,False,9,car,4978.320833333329,0.8787559839721015,2543,-4061,2026,car,0 days 00:40:45.188000
2024-07-06 14:27:58.397,0 days 00:40:45.388000,0 days 00:01:27.825000,9034,171,5,28,False,9,car,4987.820833333329,0.8804328911316076,2461,-4086,2027,car,0 days 00:40:45.388000
2024-07-06 14:27:58.757,0 days 00:40:45.748000,0 days 00:01:28.185000,8986,167,5,35,False,9,car,5004.5208333333285,0.8833807174014762,2241,-4117,2030,car,0 days 00:40:45.748000
2024-07-06 14:27:59.156,0 days 00:40:46.147000,0 days 00:01:28.584000,8990,167,5,37,False,9,car,5023.029999999995,0.8866478915172472,2116,-4105,2031,car,0 days 00:40:46.147000
2024-07-06 14:27:59.436,0 days 00:40:46.427000,0 days 00:01:28.864000,8958,167,5,41,False,9,car,5036.018888888884,0.8889406452827007,1986,-4078,2032,car,0 days 00:40:46.427000
2024-07-06 14:27:59.676,0 days 00:40:46.667000,0 days 00:01:29.104000,9038,167,5,44,False,9,car,5047.1522222222175,0.8909058627959463,1881,-4041,2033,car,0 days 00:40:46.667000
2024-07-06 14:27:59.836,0 days 00:40:46.827000,0 days 00:01:29.264000,9066,168,5,48,False,9,car,5054.618888888884,0.8922238529844704,1814,-4010,2032,car,0 days 00:40:46.827000
2024-07-06 14:28:00.076,0 days 00:40:47.067000,0 days 00:01:29.504000,9241,169,5,50,False,9,car,5065.885555555551,0.894212606036797,1717,-3955,2033,car,0 days 00:40:47.067000
2024-07-06 14:28:00.396,0 days 00:40:47.387000,0 days 00:01:29.824000,9409,174,5,57,False,9,car,5081.352222222217,0.8969427285701682,1596,-3865,2031,car,0 days 00:40:47.387000
2024-07-06 14:28:00.596,0 days 00:40:47.587000,0 days 00:01:30.024000,9600,177,5,61,False,9,car,5091.18555555555,0.8986784745773763,1521,-3795,2030,car,0 days 00:40:47.587000
2024-07-06 14:28:00.956,0 days 00:40:47.947000,0 days 00:01:30.384000,9892,182,5,65,False,9,car,5109.38555555555,0.9018910756619036,1377,-3631,2028,car,0 days 00:40:47.947000
2024-07-06 14:28:01.196,0 days 00:40:48.187000,0 days 00:01:30.624000,10280,189,5,73,False,9,car,5121.98555555555,0.9041151841050379,1328,-3558,2027,car,0 days 00:40:48.187000
2024-07-06 14:28:01.556,0 days 00:40:48.547000,0 days 00:01:30.984000,10715,197,5,89,False,9,car,5141.685555555549,0.9075925600042242,1231,-3394,2024,car,0 days 00:40:48.547000
2024-07-06 14:28:01.716,0 days 00:40:48.707000,0 days 00:01:31.144000,10715,200,5,98,False,9,car,5150.574444444439,0.9091615959429434,1188,-3316,2021,car,0 days 00:40:48.707000
2024-07-06 14:28:02.076,0 days 00:40:49.067000,0 days 00:01:31.504000,11351,208,5,99,False,9,car,5171.374444444439,0.9128331400395463,1091,-3133,2015,car,0 days 00:40:49.067000
2024-07-06 14:28:02.316,0 days 00:40:49.307000,0 days 00:01:31.744000,11463,215,5,99,False,9,car,5185.707777777772,0.9153632104907309,1022,-3009,2010,car,0 days 00:40:49.307000
2024-07-06 14:28:03.037,0 days 00:40:50.028000,0 days 00:01:32.465000,11278,228,6,0,False,9,car,5231.371111111106,0.9234235442374236,780,-2646,1993,car,0 days 00:40:50.028000
2024-07-06 14:28:03.197,0 days 00:40:50.188000,0 days 00:01:32.625000,10446,224,6,0,False,9,car,5241.326666666661,0.9251808644887889,713,-2556,1989,car,0 days 00:40:50.188000
2024-07-06 14:28:03.397,0 days 00:40:50.388000,0 days 00:01:32.825000,10365,222,6,0,False,9,car,5253.659999999995,0.9273579018537619,601,-2403,1985,car,0 days 00:40:50.388000
2024-07-06 14:28:03.637,0 days 00:40:50.628000,0 days 00:01:33.065000,9975,217,6,0,False,9,car,5268.126666666662,0.9299115078440272,544,-2326,1984,car,0 days 00:40:50.628000
2024-07-06 14:28:03.797,0 days 00:40:50.788000,0 days 00:01:33.225000,9864,213,6,0,False,9,car,5277.593333333328,0.931582531118763,495,-2262,1984,car,0 days 00:40:50.788000
2024-07-06 14:28:03.957,0 days 00:40:50.948000,0 days 00:01:33.385000,9741,211,6,0,True,9,car,5286.971111111106,0.9332378640341119,400,-2135,1984,car,0 days 00:40:50.948000
2024-07-06 14:28:04.277,0 days 00:40:51.268000,0 days 00:01:33.705000,9308,203,6,0,True,9,car,5305.01555555555,0.9364230069897116,270,-1961,1985,car,0 days 00:40:51.268000
2024-07-06 14:28:04.717,0 days 00:40:51.708000,0 days 00:01:34.145000,10087,189,6,0,True,9,car,5328.11555555555,0.940500539135458,50,-1713,1986,car,0 days 00:40:51.708000
2024-07-06 14:28:05.117,0 days 00:40:52.108000,0 days 00:01:34.545000,9342,177,5,0,True,9,car,5347.782222222217,0.943972031149874,468,-2086,1986,car,0 days 00:40:52.108000
2024-07-06 14:28:05.517,0 days 00:40:52.508000,0 days 00:01:34.945000,8943,166,5,0,True,9,car,5366.226666666661,0.9472277807227163,450,-2016,1986,car,0 days 00:40:52.508000
2024-07-06 14:28:05.836,0 days 00:40:52.827000,0 days 00:01:35.264000,9548,157,5,0,True,9,car,5380.138611111106,0.9496834690639311,362,-1882,1985,car,0 days 00:40:52.827000
2024-07-06 14:28:06.076,0 days 00:40:53.067000,0 days 00:01:35.504000,9067,151,4,0,True,9,car,5390.205277777773,0.9514604022645305,294,-1780,1986,car,0 days 00:40:53.067000
2024-07-06 14:28:06.356,0 days 00:40:53.347000,0 days 00:01:35.784000,9501,143,4,0,True,9,car,5401.327499999995,0.9534236584828528,257,-1725,1985,car,0 days 00:40:53.347000
2024-07-06 14:28:06.556,0 days 00:40:53.547000,0 days 00:01:35.984000,9652,137,4,0,True,9,car,5408.938611111105,0.954767145505381,213,-1660,1986,car,0 days 00:40:53.547000
2024-07-06 14:28:06.716,0 days 00:40:53.707000,0 days 00:01:36.144000,9439,135,3,0,True,9,car,5414.938611111105,0.9558262447640165,181,-1610,1985,car,0 days 00:40:53.707000
2024-07-06 14:28:06.916,0 days 00:40:53.907000,0 days 00:01:36.344000,9150,128,3,0,True,9,car,5422.049722222216,0.9570814735149916,141,-1551,1986,car,0 days 00:40:53.907000
2024-07-06 14:28:07.156,0 days 00:40:54.147000,0 days 00:01:36.584000,8631,123,3,0,True,9,car,5430.249722222216,0.9585289091684601,94,-1481,1986,car,0 days 00:40:54.147000
2024-07-06 14:28:07.356,0 days 00:40:54.347000,0 days 00:01:36.784000,8292,118,3,0,True,9,car,5436.805277777772,0.9596860731732655,57,-1426,1986,car,0 days 00:40:54.347000
2024-07-06 14:28:07.596,0 days 00:40:54.587000,0 days 00:01:37.024000,7907,113,3,0,True,9,car,5444.338611111105,0.9610158311313299,15,-1363,1986,car,0 days 00:40:54.587000
2024-07-06 14:28:07.796,0 days 00:40:54.787000,0 days 00:01:37.224000,7732,106,3,0,True,9,car,5450.227499999994,0.9620553174407314,-33,-1289,1985,car,0 days 00:40:54.787000
2024-07-06 14:28:07.996,0 days 00:40:54.987000,0 days 00:01:37.424000,8502,100,3,0,True,9,car,5455.783055555549,0.9630359649024308,-60,-1249,1986,car,0 days 00:40:54.987000
2024-07-06 14:28:08.436,0 days 00:40:55.427000,0 days 00:01:37.864000,7624,91,2,5,True,9,car,5466.9052777777715,0.9649992211207531,-120,-1165,1986,car,0 days 00:40:55.427000
2024-07-06 14:28:08.716,0 days 00:40:55.707000,0 days 00:01:38.144000,7289,86,2,34,True,9,car,5473.59416666666,0.9661799206646393,-176,-1087,1985,car,0 days 00:40:55.707000
2024-07-06 14:28:09.036,0 days 00:40:56.027000,0 days 00:01:38.464000,6983,80,2,46,True,9,car,5480.705277777772,0.9674351494156146,-198,-1057,1986,car,0 days 00:40:56.027000
2024-07-06 14:28:09.277,0 days 00:40:56.268000,0 days 00:01:38.705000,6841,78,2,48,True,9,car,5485.926944444438,0.9683568599648659,-238,-1006,1986,car,0 days 00:40:56.268000
2024-07-06 14:28:09.597,0 days 00:40:56.588000,0 days 00:01:39.025000,6699,80,2,54,False,9,car,5493.038055555549,0.9696120887158413,-289,-945,1986,car,0 days 00:40:56.588000
2024-07-06 14:28:09.757,0 days 00:40:56.748000,0 days 00:01:39.185000,6783,80,2,55,False,9,car,5496.593611111105,0.9702397030913289,-300,-933,1986,car,0 days 00:40:56.748000
2024-07-06 14:28:09.917,0 days 00:40:56.908000,0 days 00:01:39.345000,6868,80,2,55,False,9,car,5500.149166666661,0.9708673174668166,-323,-907,1986,car,0 days 00:40:56.908000
2024-07-06 14:28:10.237,0 days 00:40:57.228000,0 days 00:01:39.665000,6712,80,2,55,False,9,car,5507.260277777772,0.9721225462177919,-372,-851,1986,car,0 days 00:40:57.228000
2024-07-06 14:28:10.397,0 days 00:40:57.388000,0 days 00:01:39.825000,6891,80,2,55,False,9,car,5510.815833333328,0.9727501605932797,-412,-807,1986,car,0 days 00:40:57.388000
2024-07-06 14:28:10.797,0 days 00:40:57.788000,0 days 00:01:40.225000,6842,80,2,57,False,9,car,5519.704722222216,0.9743191965319987,-444,-772,1986,car,0 days 00:40:57.788000
2024-07-06 14:28:11.037,0 days 00:40:58.028000,0 days 00:01:40.465000,6702,80,2,57,False,9,car,5525.03805555555,0.9752606180952303,-578,-627,1986,car,0 days 00:40:58.028000
2024-07-06 14:28:11.357,0 days 00:40:58.348000,0 days 00:01:40.785000,6895,80,2,57,False,9,car,5532.149166666662,0.9765158468462057,-921,-263,1986,car,0 days 00:40:58.348000
2024-07-06 14:28:11.637,0 days 00:40:58.628000,0 days 00:01:41.065000,6749,80,2,57,False,9,car,5538.371388888884,0.9776141720033091,-966,-215,1986,car,0 days 00:40:58.628000
2024-07-06 14:28:11.917,0 days 00:40:58.908000,0 days 00:01:41.345000,6720,80,2,62,False,9,car,5544.593611111107,0.9787124971604126,-1008,-171,1986,car,0 days 00:40:58.908000
2024-07-06 14:28:12.237,0 days 00:40:59.228000,0 days 00:01:41.665000,6684,80,2,64,False,9,car,5551.704722222218,0.979967725911388,-1051,-125,1986,car,0 days 00:40:59.228000
2024-07-06 14:28:12.476,0 days 00:40:59.467000,0 days 00:01:41.904000,6834,80,2,59,False,9,car,5557.015833333329,0.9809052248847727,-1107,-66,1986,car,0 days 00:40:59.467000
2024-07-06 14:28:12.916,0 days 00:40:59.907000,0 days 00:01:42.344000,6790,80,2,61,False,9,car,5566.793611111107,0.9826311644173636,-1158,-12,1986,car,0 days 00:40:59.907000
2024-07-06 14:28:13.156,0 days 00:41:00.147000,0 days 00:01:42.584000,6796,80,2,60,False,9,car,5572.126944444441,0.9835725859805953,-1197,27,1986,car,0 days 00:41:00.147000
2024-07-06 14:28:13.476,0 days 00:41:00.467000,0 days 00:01:42.904000,6851,80,2,59,False,9,car,5579.238055555552,0.9848278147315707,-1245,79,1985,car,0 days 00:41:00.467000
2024-07-06 14:28:13.956,0 days 00:41:00.947000,0 days 00:01:43.384000,6787,80,2,55,False,9,car,5589.904722222219,0.9867106578580337,-1364,204,1986,car,0 days 00:41:00.947000
2024-07-06 14:28:14.236,0 days 00:41:01.227000,0 days 00:01:43.664000,6784,80,2,56,False,9,car,5596.1269444444415,0.9878089830151371,-1407,250,1986,car,0 days 00:41:01.227000
2024-07-06 14:28:14.436,0 days 00:41:01.427000,0 days 00:01:43.864000,6851,80,2,59,False,9,car,5600.571388888886,0.9885935009844967,-1436,279,1986,car,0 days 00:41:01.427000
2024-07-06 14:28:14.716,0 days 00:41:01.707000,0 days 00:01:44.144000,6789,79,2,0,False,9,car,5606.71583333333,0.9896780970771363,-1499,348,1985,car,0 days 00:41:01.707000
2024-07-06 14:28:15.156,0 days 00:41:02.147000,0 days 00:01:44.584000,6381,76,2,0,False,9,car,5616.004722222219,0.9913177396330978,-1551,410,1986,car,0 days 00:41:02.147000
2024-07-06 14:28:15.396,0 days 00:41:02.387000,0 days 00:01:44.824000,6142,74,2,1,False,9,car,5620.938055555553,0.992188554579087,-1581,458,1985,car,0 days 00:41:02.387000
2024-07-06 14:28:15.797,0 days 00:41:02.788000,0 days 00:01:45.225000,6125,72,2,6,False,9,car,5628.958055555552,0.9936042172547962,-1610,533,1985,car,0 days 00:41:02.788000
2024-07-06 14:28:15.957,0 days 00:41:02.948000,0 days 00:01:45.385000,6126,72,2,7,False,9,car,5632.158055555552,0.994169070192735,-1618,564,1986,car,0 days 00:41:02.948000
2024-07-06 14:28:16.357,0 days 00:41:03.348000,0 days 00:01:45.785000,6057,72,2,5,False,9,car,5640.158055555552,0.9955812025375823,-1626,642,1985,car,0 days 00:41:03.348000
2024-07-06 14:28:16.637,0 days 00:41:03.628000,0 days 00:01:46.065000,6144,71,2,13,False,9,car,5645.680277777774,0.9965559661145115,-1625,698,1986,car,0 days 00:41:03.628000
2024-07-06 14:28:16.917,0 days 00:41:03.908000,0 days 00:01:46.345000,6674,74,2,18,False,9,car,5651.435833333329,0.9975719168848322,-1614,754,1985,car,0 days 00:41:03.908000
2024-07-06 14:28:17.077,0 days 00:41:04.068000,0 days 00:01:46.505000,6610,76,2,15,False,9,car,5654.813611111107,0.9981681505415454,-1605,785,1986,car,0 days 00:41:04.068000
2024-07-06 14:28:17.357,0 days 00:41:04.348000,0 days 00:01:46.785000,6729,77,2,21,False,9,car,5660.802499999996,0.9992252885052575,-1575,856,1986,car,0 days 00:41:04.348000
