Date_x,SessionTime_x,Time,RPM_x,Speed_x,nGear_x,Throttle_x,Brake_x,DRS_x,Source_x,Distance,RelativeDistance,X,Y,Z,Source_y,SessionTime_y
2024-12-08 14:26:43.246,0 days 02:19:56.029000,0 days 00:00:00.133000,11553,229,5,100,False,0,car,8.63861111111111,0.0016543291942210875,683.7025715017431,2094.348032913987,-239.00000726714333,car,0 days 02:19:56.029000
2024-12-08 14:26:43.526,0 days 02:19:56.309000,0 days 00:00:00.413000,11890,234,5,100,False,0,car,26.83861111111111,0.005139703283592632,862.3913774710894,2115.8417163526656,-239.00003502953754,car,0 days 02:19:56.309000
2024-12-08 14:26:43.726,0 days 02:19:56.509000,0 days 00:00:00.613000,10723,238,6,100,False,0,car,40.060833333333335,0.007671812664759994,1017.3033159334254,2132.772408046177,-239.0004570524561,car,0 days 02:19:56.509000
2024-12-08 14:26:43.966,0 days 02:19:56.749000,0 days 00:00:00.853000,10926,244,6,100,False,0,car,56.3275,0.010786945550498663,1156.9064644705484,2147.8516023350835,-238.99592675063528,car,0 days 02:19:56.749000
2024-12-08 14:26:44.406,0 days 02:19:57.189000,0 days 00:00:01.293000,11235,250,6,100,False,0,car,86.88305555555556,0.01663845882630559,1437.0565097974754,2180.268670514389,-238.97396449529023,car,0 days 02:19:57.189000
2024-12-08 14:26:44.646,0 days 02:19:57.429000,0 days 00:00:01.533000,11351,255,6,100,False,0,car,103.88305555555556,0.01989402803066363,1650.2604025628852,2204.174868808991,-239.37021986617765,car,0 days 02:19:57.429000
2024-12-08 14:26:44.926,0 days 02:19:57.709000,0 days 00:00:01.813000,11502,258,6,100,False,0,car,123.94972222222222,0.02373687638561174,1878.238459569905,2230.0403651948695,-239.58818405837306,car,0 days 02:19:57.709000
2024-12-08 14:26:45.126,0 days 02:19:57.909000,0 days 00:00:02.013000,11639,260,6,100,False,0,car,138.39416666666665,0.026503046297811375,1955.6791477168358,2238.9137489522873,-239.0384311710902,car,0 days 02:19:57.909000
2024-12-08 14:26:45.406,0 days 02:19:58.189000,0 days 00:00:02.293000,11836,265,6,100,False,0,car,159.0052777777778,0.030450157980219328,2164.2941904197187,2262.83321752343,-239.97058098588562,car,0 days 02:19:58.189000
2024-12-08 14:26:45.606,0 days 02:19:58.389000,0 days 00:00:02.493000,11884,266,6,100,False,0,car,173.78305555555556,0.033280162582700494,2315.2157087195064,2279.95425706815,-238.97075458098877,car,0 days 02:19:58.389000
2024-12-08 14:26:45.766,0 days 02:19:58.549000,0 days 00:00:02.653000,11044,269,6,100,False,0,car,185.73861111111114,0.03556970014079805,2477.952110261531,2298.204016941903,-239.77390457188864,car,0 days 02:19:58.549000
2024-12-08 14:26:45.966,0 days 02:19:58.749000,0 days 00:00:02.853000,10772,271,7,100,False,0,car,200.7941666666667,0.038452900318513825,2623.5599600503265,2314.720092763819,-239.60592594894342,car,0 days 02:19:58.749000
2024-12-08 14:26:46.206,0 days 02:19:58.989000,0 days 00:00:03.093000,10851,273,7,100,False,0,car,218.9941666666667,0.04193827440788537,2748.503158053024,2328.7809883490845,-239.45703003648788,car,0 days 02:19:58.989000
2024-12-08 14:26:46.406,0 days 02:19:59.189000,0 days 00:00:03.293000,10855,274,7,100,False,0,car,234.21638888888893,0.044853391930741913,2888.882491839715,2344.417021029707,-240.3284172339359,car,0 days 02:19:59.189000
2024-12-08 14:26:46.726,0 days 02:19:59.509000,0 days 00:00:03.613000,10909,275,7,100,False,0,car,258.66083333333336,0.049534602551387454,3146.5607482886085,2373.420285045705,-240.09228571642632,car,0 days 02:19:59.509000
2024-12-08 14:26:46.886,0 days 02:19:59.669000,0 days 00:00:03.773000,10717,272,7,0,False,0,car,270.74972222222226,0.051849673985597616,3275.7900038156527,2388.1633108364435,-239.50216527455808,car,0 days 02:19:59.669000
2024-12-08 14:26:47.246,0 days 02:20:00.029000,0 days 00:00:04.133000,9982,248,7,0,True,0,car,295.5497222222223,0.056598974942543456,3533.696601905124,2416.0014346869075,-237.90137873611332,car,0 days 02:20:00.029000
2024-12-08 14:26:47.686,0 days 02:20:00.469000,0 days 00:00:04.573000,9417,204,7,0,True,0,car,320.4830555555556,0.06137380977560191,3809.956380138307,2439.9901961592345,-236.74851282915955,car,0 days 02:20:00.469000
2024-12-08 14:26:48.006,0 days 02:20:00.789000,0 days 00:00:04.893000,10578,183,6,0,True,0,car,336.74972222222226,0.06448894266134057,3977.0653344147368,2466.611735244628,-235.1629987469617,car,0 days 02:20:00.789000
2024-12-08 14:26:48.287,0 days 02:20:01.070000,0 days 00:00:05.174000,9828,168,4,0,True,0,car,349.8630555555556,0.06700019937701597,4104.661856856742,2505.1243116500127,-233.98242205142193,car,0 days 02:20:01.070000
2024-12-08 14:26:48.487,0 days 02:20:01.270000,0 days 00:00:05.374000,9548,163,4,0,False,0,car,358.91861111111115,0.06873437512966421,4182.9308422499225,2545.0353727444835,-233.5723748969998,car,0 days 02:20:01.270000
2024-12-08 14:26:48.767,0 days 02:20:01.550000,0 days 00:00:05.654000,9258,159,4,0,False,0,car,371.2852777777778,0.07110264213910898,4277.359257597758,2626.972364608354,-232.33599097115336,car,0 days 02:20:01.550000
2024-12-08 14:26:49.007,0 days 02:20:01.790000,0 days 00:00:05.894000,8973,154,4,0,False,0,car,381.5519444444445,0.0730687505997801,4336.077725656181,2711.16460943037,-231.84124554724457,car,0 days 02:20:01.790000
2024-12-08 14:26:49.167,0 days 02:20:01.950000,0 days 00:00:06.054000,9090,149,4,28,False,0,car,388.1741666666667,0.07433693311337317,4359.240413717315,2766.048293362106,-231.42930378763904,car,0 days 02:20:01.950000
2024-12-08 14:26:49.407,0 days 02:20:02.190000,0 days 00:00:06.294000,9053,149,4,56,False,0,car,398.10749999999996,0.07623920688376275,4382.235157903911,2872.030030937624,-230.5584377338895,car,0 days 02:20:02.190000
2024-12-08 14:26:49.686,0 days 02:20:02.469000,0 days 00:00:06.573000,9240,151,4,74,False,0,car,409.81,0.07848028327282158,4394.856860731474,2996.6402568011417,-229.7355138630994,car,0 days 02:20:02.469000
2024-12-08 14:26:49.926,0 days 02:20:02.709000,0 days 00:00:06.813000,9762,152,4,85,False,0,car,419.9433333333333,0.0804208578573801,4395.984869579448,3084.2043874539313,-230.14224890895156,car,0 days 02:20:02.709000
2024-12-08 14:26:50.366,0 days 02:20:03.149000,0 days 00:00:07.253000,10641,172,4,100,False,0,car,440.96555555555557,0.08444669899113526,4386.913003432901,3283.3430071661587,-230.31553538222556,car,0 days 02:20:03.149000
2024-12-08 14:26:50.726,0 days 02:20:03.509000,0 days 00:00:07.613000,11539,184,4,100,False,0,car,459.3655555555556,0.08797037389467573,4355.88035855169,3524.204850631778,-230.04779657289373,car,0 days 02:20:03.509000
2024-12-08 14:26:51.046,0 days 02:20:03.829000,0 days 00:00:07.933000,11758,197,4,100,False,0,car,476.87666666666667,0.09132382295746544,4336.8450627972525,3636.172777917151,-229.12513921915152,car,0 days 02:20:03.829000
2024-12-08 14:26:51.246,0 days 02:20:04.029000,0 days 00:00:08.133000,12106,204,4,100,False,0,car,488.21,0.09349420242703746,4317.7117112299175,3733.9358795256903,-228.55015498896643,car,0 days 02:20:04.029000
2024-12-08 14:26:51.566,0 days 02:20:04.349000,0 days 00:00:08.453000,10713,211,5,100,False,0,car,506.96555555555557,0.09708596766687823,4276.730667092785,3932.554592128955,-225.77685020874145,car,0 days 02:20:04.349000
2024-12-08 14:26:51.806,0 days 02:20:04.589000,0 days 00:00:08.693000,11209,217,5,100,False,0,car,521.4322222222222,0.09985639322509662,4244.38135303259,4064.1251443901765,-224.01983417185022,car,0 days 02:20:04.589000
2024-12-08 14:26:52.166,0 days 02:20:04.949000,0 days 00:00:09.053000,11615,227,5,100,False,0,car,544.1322222222223,0.10420353563326884,4156.661499103218,4385.631995453918,-214.20829421262366,car,0 days 02:20:04.949000
2024-12-08 14:26:52.606,0 days 02:20:05.389000,0 days 00:00:09.493000,11917,234,5,100,False,0,car,572.7322222222222,0.1096805520594241,4112.105584209327,4540.319724185329,-207.81040213047356,car,0 days 02:20:05.389000
2024-12-08 14:26:52.926,0 days 02:20:05.709000,0 days 00:00:09.813000,10863,237,6,100,False,0,car,593.7988888888889,0.11371490448521682,4038.243255971661,4753.160015769601,-199.90208746826087,car,0 days 02:20:05.709000
2024-12-08 14:26:53.966,0 days 02:20:06.749000,0 days 00:00:10.853000,11301,249,6,100,False,0,car,665.7322222222222,0.127490430647971,3583.5300272033287,5254.618550759251,-171.55330758385992,car,0 days 02:20:06.749000
2024-12-08 14:26:54.326,0 days 02:20:07.109000,0 days 00:00:11.213000,11395,253,6,100,False,0,car,691.0322222222221,0.13233548364033915,3257.9482918633057,5364.19538910948,-155.3897804029722,car,0 days 02:20:07.109000
2024-12-08 14:26:54.526,0 days 02:20:07.309000,0 days 00:00:11.413000,11406,254,6,100,False,0,car,705.1433333333333,0.13503781886225727,3141.6674079066156,5402.101990787271,-150.9341812267728,car,0 days 02:20:07.309000
2024-12-08 14:26:54.766,0 days 02:20:07.549000,0 days 00:00:11.653000,10566,260,6,100,False,0,car,722.4766666666667,0.13835722275689682,3040.861807847977,5437.767537815648,-147.8067550803802,car,0 days 02:20:07.549000
2024-12-08 14:26:54.927,0 days 02:20:07.710000,0 days 00:00:11.814000,10459,260,7,100,False,0,car,734.1044444444444,0.14058398953621754,2928.744269669154,5477.033454106398,-143.75523612704362,car,0 days 02:20:07.710000
2024-12-08 14:26:55.127,0 days 02:20:07.910000,0 days 00:00:12.014000,10399,262,7,100,False,0,car,748.66,0.14337143767851102,2732.0793233782824,5553.815204146236,-139.54092085494486,car,0 days 02:20:07.910000
2024-12-08 14:26:55.367,0 days 02:20:08.150000,0 days 00:00:12.254000,10533,264,7,100,False,0,car,766.26,0.1467419093253758,2602.9171251752414,5616.236608063216,-137.01863201046734,car,0 days 02:20:08.150000
2024-12-08 14:26:55.647,0 days 02:20:08.430000,0 days 00:00:12.534000,10600,264,7,100,False,0,car,786.7933333333334,0.15067412624671808,2487.9048077582884,5719.780720112826,-133.72389100411283,car,0 days 02:20:08.430000
2024-12-08 14:26:55.847,0 days 02:20:08.630000,0 days 00:00:12.734000,10643,266,7,100,False,0,car,801.5711111111111,0.15350413084919923,2369.546975501341,5855.384385329963,-131.42309238960777,car,0 days 02:20:08.630000
2024-12-08 14:26:56.047,0 days 02:20:08.830000,0 days 00:00:12.934000,10607,266,7,100,False,0,car,816.3488888888888,0.1563341354516804,2271.8597164622133,6007.115978617524,-130.75033674441556,car,0 days 02:20:08.830000
2024-12-08 14:26:56.486,0 days 02:20:09.269000,0 days 00:00:13.373000,10719,267,7,100,False,0,car,848.9080555555555,0.16256934841165455,2158.0982476740187,6328.632845512574,-130.96173342820347,car,0 days 02:20:09.269000
2024-12-08 14:26:56.686,0 days 02:20:09.469000,0 days 00:00:13.573000,10710,267,7,100,False,0,car,863.7413888888889,0.16540999212918264,2144.3173758374664,6507.985124021684,-131.7317557638802,car,0 days 02:20:09.469000
2024-12-08 14:26:56.886,0 days 02:20:09.669000,0 days 00:00:13.773000,10774,268,7,100,False,0,car,878.6302777777777,0.16826127496175763,2149.376167591012,6688.755157214535,-133.0402846250887,car,0 days 02:20:09.669000
2024-12-08 14:26:57.166,0 days 02:20:09.949000,0 days 00:00:14.053000,10735,268,7,100,False,0,car,899.4747222222222,0.1722530709273627,2165.84004013241,6823.7279235291135,-134.09727625417,car,0 days 02:20:09.949000
2024-12-08 14:26:57.486,0 days 02:20:10.269000,0 days 00:00:14.373000,10780,270,7,100,False,0,car,923.4747222222221,0.17684916862763284,2201.9358265348337,7066.684163270306,-139.57199689832572,car,0 days 02:20:10.269000
2024-12-08 14:26:57.806,0 days 02:20:10.589000,0 days 00:00:14.693000,10806,271,7,100,False,0,car,947.5636111111111,0.18146228891197808,2243.5982285023133,7314.735765118268,-146.8577057784673,car,0 days 02:20:10.589000
2024-12-08 14:26:58.046,0 days 02:20:10.829000,0 days 00:00:14.933000,10836,274,7,100,False,0,car,965.8302777777777,0.18496042993940592,2279.7003494839855,7519.166335360789,-155.0900607963043,car,0 days 02:20:10.829000
2024-12-08 14:26:58.526,0 days 02:20:11.309000,0 days 00:00:15.413000,11055,279,7,100,False,0,car,1003.0302777777778,0.1920843813748247,2338.513903516147,7847.515779244832,-167.468659288837,car,0 days 02:20:11.309000
2024-12-08 14:26:58.806,0 days 02:20:11.589000,0 days 00:00:15.693000,11072,280,7,100,False,0,car,1024.8080555555555,0.196254914473218,2375.7564652906062,8087.520986112251,-176.28256338354038,car,0 days 02:20:11.589000
2024-12-08 14:26:59.166,0 days 02:20:11.949000,0 days 00:00:16.053000,11179,282,7,100,False,0,car,1053.0080555555555,0.20165532927103544,2408.2648477142684,8373.626796323228,-185.94889767602987,car,0 days 02:20:11.949000
2024-12-08 14:26:59.446,0 days 02:20:12.229000,0 days 00:00:16.333000,11128,284,7,100,False,0,car,1075.0969444444443,0.20588544141369147,2416.6408007345067,8575.23366619263,-191.68593699529697,car,0 days 02:20:12.229000
2024-12-08 14:26:59.766,0 days 02:20:12.549000,0 days 00:00:16.653000,11285,286,7,100,False,0,car,1100.5191666666665,0.21075390045916284,2418.737815102879,8862.057859294933,-199.08481891171064,car,0 days 02:20:12.549000
2024-12-08 14:27:00.006,0 days 02:20:12.789000,0 days 00:00:16.893000,11334,287,7,100,False,0,car,1119.6525,0.21441801168132268,2417.009580417607,9124.681414738407,-205.2127962801525,car,0 days 02:20:12.789000
2024-12-08 14:27:00.206,0 days 02:20:12.989000,0 days 00:00:17.093000,11400,288,7,100,False,0,car,1135.6525,0.21748207681483614,2414.83273076804,9167.223354101616,-205.609739320085,car,0 days 02:20:12.989000
2024-12-08 14:27:00.526,0 days 02:20:13.309000,0 days 00:00:17.413000,11430,288,7,100,False,0,car,1161.2525,0.22238458102845768,2404.7003064760934,9450.660561194887,-209.05537243674587,car,0 days 02:20:13.309000
2024-12-08 14:27:00.766,0 days 02:20:13.549000,0 days 00:00:17.653000,11362,289,7,100,False,0,car,1180.5191666666667,0.22607422612673012,2391.918824915834,9715.50956246681,-210.39149903631892,car,0 days 02:20:13.549000
2024-12-08 14:27:00.926,0 days 02:20:13.709000,0 days 00:00:17.813000,11373,289,7,100,False,0,car,1193.3636111111111,0.2285339895255784,2386.600778686105,9796.992290064169,-210.79224050429633,car,0 days 02:20:13.709000
2024-12-08 14:27:01.166,0 days 02:20:13.949000,0 days 00:00:18.053000,11381,288,7,100,False,0,car,1212.5636111111112,0.23221086768579455,2378.6437913014197,9915.012701942891,-211.00357846061314,car,0 days 02:20:13.949000
2024-12-08 14:27:01.366,0 days 02:20:14.149000,0 days 00:00:18.253000,11359,288,7,100,False,0,car,1228.5636111111112,0.235274932819308,2368.496727643692,10074.433832060009,-211.00791487148547,car,0 days 02:20:14.149000
2024-12-08 14:27:01.607,0 days 02:20:14.390000,0 days 00:00:18.494000,11347,288,7,100,False,0,car,1247.8436111111112,0.2389671313051917,2351.7915168828463,10264.877268559389,-211.824589601319,car,0 days 02:20:14.390000
2024-12-08 14:27:01.927,0 days 02:20:14.710000,0 days 00:00:18.814000,11162,285,7,0,False,0,car,1273.1769444444444,0.24381856776658797,2327.2135089715334,10579.567517986472,-211.18730182218857,car,0 days 02:20:14.710000
2024-12-08 14:27:02.207,0 days 02:20:14.990000,0 days 00:00:19.094000,10802,276,7,0,True,0,car,1294.643611111111,0.2479295218207185,2310.3526843081404,10762.997355170146,-211.14168515852907,car,0 days 02:20:14.990000
2024-12-08 14:27:02.447,0 days 02:20:15.230000,0 days 00:00:19.334000,10055,240,7,0,True,0,car,1310.643611111111,0.25099358695423196,2295.3645317615865,10910.970866645685,-210.42865552261986,car,0 days 02:20:15.230000
2024-12-08 14:27:02.607,0 days 02:20:15.390000,0 days 00:00:19.494000,9635,228,7,0,True,0,car,1320.7769444444446,0.2529341615387905,2282.662297956966,11016.263159653116,-209.49662157647634,car,0 days 02:20:15.390000
2024-12-08 14:27:02.967,0 days 02:20:15.750000,0 days 00:00:19.854000,8136,190,7,0,True,0,car,1339.7769444444446,0.2565727388848377,2248.7795015940274,11225.89219580085,-206.8705377905866,car,0 days 02:20:15.750000
2024-12-08 14:27:03.246,0 days 02:20:16.029000,0 days 00:00:20.133000,8948,161,7,0,True,0,car,1352.2544444444445,0.2589622309288011,2214.7098990151285,11358.263288102255,-204.3072660138603,car,0 days 02:20:16.029000
2024-12-08 14:27:03.406,0 days 02:20:16.189000,0 days 00:00:20.293000,9863,148,7,0,True,0,car,1358.8322222222223,0.2602219021503566,2195.055094822656,11418.592822452221,-203.41813849050885,car,0 days 02:20:16.189000
2024-12-08 14:27:03.846,0 days 02:20:16.629000,0 days 00:00:20.733000,8773,123,3,0,True,0,car,1373.8655555555556,0.26310084668205364,2098.416341148035,11601.363144802599,-202.01921689293368,car,0 days 02:20:16.629000
2024-12-08 14:27:04.286,0 days 02:20:17.069000,0 days 00:00:21.173000,7715,112,3,0,True,0,car,1387.5544444444445,0.2657223246296151,2033.9988545649048,11671.936245909907,-201.9240192455855,car,0 days 02:20:17.069000
2024-12-08 14:27:04.486,0 days 02:20:17.269000,0 days 00:00:21.373000,7501,109,3,0,False,0,car,1393.6100000000001,0.2668819881697296,1984.090861662589,11713.394809647723,-202.14679152199346,car,0 days 02:20:17.269000
2024-12-08 14:27:04.686,0 days 02:20:17.469000,0 days 00:00:21.573000,7357,106,3,0,False,0,car,1399.498888888889,0.2680097343647033,1933.9260574975397,11743.044695182694,-202.9701001633004,car,0 days 02:20:17.469000
2024-12-08 14:27:04.886,0 days 02:20:17.669000,0 days 00:00:21.773000,7134,103,3,0,False,0,car,1405.2211111111112,0.2691055632145362,1888.5232340543519,11762.40659785119,-203.460089766363,car,0 days 02:20:17.669000
2024-12-08 14:27:05.126,0 days 02:20:17.909000,0 days 00:00:22.013000,7037,101,3,0,False,0,car,1411.9544444444446,0.2703950239582231,1802.5001942271288,11771.577046441447,-204.6278322519499,car,0 days 02:20:17.909000
2024-12-08 14:27:05.286,0 days 02:20:18.069000,0 days 00:00:22.173000,6920,98,3,0,False,0,car,1416.31,0.27122913057790177,1744.1377310727016,11763.461862784563,-204.95635133773806,car,0 days 02:20:18.069000
2024-12-08 14:27:05.646,0 days 02:20:18.429000,0 days 00:00:22.533000,6937,96,3,36,False,0,car,1425.91,0.2730675696580099,1687.699223560918,11743.003711590352,-204.98313660607934,car,0 days 02:20:18.429000
2024-12-08 14:27:05.846,0 days 02:20:18.629000,0 days 00:00:22.733000,7245,96,3,48,False,0,car,1431.2433333333333,0.27408892470251434,1643.3628531142576,11716.372640677375,-205.65362845269524,car,0 days 02:20:18.629000
2024-12-08 14:27:06.086,0 days 02:20:18.869000,0 days 00:00:22.973000,7618,99,3,52,False,0,car,1437.8433333333332,0.2753528515700886,1584.4459965200504,11674.068182615538,-206.94853341796258,car,0 days 02:20:18.869000
2024-12-08 14:27:06.286,0 days 02:20:19.069000,0 days 00:00:23.173000,8036,103,3,59,False,0,car,1443.5655555555554,0.27644868041992154,1536.3010067940638,11627.991297481447,-207.81503251089885,car,0 days 02:20:19.069000
2024-12-08 14:27:06.486,0 days 02:20:19.269000,0 days 00:00:23.373000,8544,107,3,62,False,0,car,1449.51,0.2775870657299422,1501.4031540766357,11588.319446216416,-208.51588620412025,car,0 days 02:20:19.269000
2024-12-08 14:27:06.846,0 days 02:20:19.629000,0 days 00:00:23.733000,9107,118,3,72,False,0,car,1461.31,0.2798468137659083,1443.682044424369,11500.319912505112,-210.74618832086568,car,0 days 02:20:19.629000
2024-12-08 14:27:07.166,0 days 02:20:19.949000,0 days 00:00:24.053000,9728,125,3,83,False,0,car,1472.421111111111,0.28197463677529266,1393.5478922776176,11396.27340451131,-214.2031692560912,car,0 days 02:20:19.949000
2024-12-08 14:27:07.326,0 days 02:20:20.109000,0 days 00:00:24.213000,10298,134,3,86,False,0,car,1478.3766666666666,0.28311514990832265,1364.3795235388004,11323.91112305809,-216.51330806614664,car,0 days 02:20:20.109000
2024-12-08 14:27:07.486,0 days 02:20:20.269000,0 days 00:00:24.373000,10836,143,3,87,False,0,car,1484.7322222222222,0.2843322646696905,1344.972498958909,11273.07697809023,-217.5552669783832,car,0 days 02:20:20.269000
2024-12-08 14:27:07.766,0 days 02:20:20.549000,0 days 00:00:24.653000,11770,157,3,100,False,0,car,1496.9433333333332,0.2866707421570039,1317.2678219911647,11189.34428117515,-218.81571057329984,car,0 days 02:20:20.549000
2024-12-08 14:27:08.047,0 days 02:20:20.830000,0 days 00:00:24.934000,10595,162,4,100,False,0,car,1509.5883333333334,0.2890923111328338,1278.2180050339603,11064.720824554774,-221.61956282019807,car,0 days 02:20:20.830000
2024-12-08 14:27:08.207,0 days 02:20:20.990000,0 days 00:00:25.094000,10939,173,4,100,False,0,car,1517.2772222222222,0.2905647646553277,1255.5506804915785,10992.395551422944,-223.11444777310382,car,0 days 02:20:20.990000
2024-12-08 14:27:08.447,0 days 02:20:21.230000,0 days 00:00:25.334000,11299,185,4,100,False,0,car,1529.6105555555555,0.2929266481957443,1219.4512204485925,10878.076593798201,-226.0844194491922,car,0 days 02:20:21.230000
2024-12-08 14:27:08.607,0 days 02:20:21.390000,0 days 00:00:25.494000,10879,188,4,100,False,0,car,1537.966111111111,0.2945267710988014,1194.5020430653533,10798.42208374149,-226.87263751902844,car,0 days 02:20:21.390000
2024-12-08 14:27:08.887,0 days 02:20:21.670000,0 days 00:00:25.774000,10342,199,5,100,False,0,car,1553.443888888889,0.2974908285508738,1143.7912820348283,10636.008087872111,-228.57679993423335,car,0 days 02:20:21.670000
2024-12-08 14:27:09.047,0 days 02:20:21.830000,0 days 00:00:25.934000,10459,206,5,100,False,0,car,1562.5994444444445,0.29924415471060645,1099.189716405076,10493.940866754507,-229.9444104262303,car,0 days 02:20:21.830000
2024-12-08 14:27:09.247,0 days 02:20:22.030000,0 days 00:00:26.134000,10629,212,5,100,False,0,car,1574.3772222222224,0.3014996471005539,1071.7418200937009,10408.003255748934,-230.27413410173511,car,0 days 02:20:22.030000
2024-12-08 14:27:09.567,0 days 02:20:22.350000,0 days 00:00:26.454000,11368,221,5,100,False,0,car,1594.0216666666668,0.3052616381811454,1032.383340537424,10278.649119853015,-227.16946221614128,car,0 days 02:20:22.350000
2024-12-08 14:27:09.806,0 days 02:20:22.589000,0 days 00:00:26.693000,11592,224,5,100,False,0,car,1608.8927777777778,0.3081095164969053,985.3368610607691,10135.117449785743,-225.7400616786063,car,0 days 02:20:22.589000
2024-12-08 14:27:10.006,0 days 02:20:22.789000,0 days 00:00:26.893000,11852,231,5,100,False,0,car,1621.726111111111,0.3105671520727442,947.7920397295014,10012.806176061258,-223.36618385438817,car,0 days 02:20:22.789000
2024-12-08 14:27:10.286,0 days 02:20:23.069000,0 days 00:00:27.173000,11621,237,5,100,False,0,car,1640.1594444444443,0.3140972104453128,892.5750340852468,9837.265131336255,-220.29277210743305,car,0 days 02:20:23.069000
2024-12-08 14:27:10.726,0 days 02:20:23.509000,0 days 00:00:27.613000,11019,246,6,100,False,0,car,1670.226111111111,0.3198550995087069,790.4667097499565,9532.18280615202,-215.1056243025161,car,0 days 02:20:23.509000
2024-12-08 14:27:10.966,0 days 02:20:23.749000,0 days 00:00:27.853000,11208,246,6,100,False,0,car,1686.6261111111112,0.32299576627055815,745.8576159002502,9405.338181706984,-213.92638466452868,car,0 days 02:20:23.749000
2024-12-08 14:27:11.326,0 days 02:20:24.109000,0 days 00:00:28.213000,11339,256,6,100,False,0,car,1712.226111111111,0.3278982704841797,665.4262342680191,9175.651187712652,-214.98649651548448,car,0 days 02:20:24.109000
2024-12-08 14:27:11.486,0 days 02:20:24.269000,0 days 00:00:28.373000,11593,259,6,100,False,0,car,1723.7372222222223,0.3301026951219019,622.9434101098258,9054.64607971987,-214.17754798842654,car,0 days 02:20:24.269000
2024-12-08 14:27:11.726,0 days 02:20:24.509000,0 days 00:00:28.613000,11805,263,6,100,False,0,car,1741.2705555555556,0.33346039983071035,562.355710172928,8881.32116129703,-213.0462307879895,car,0 days 02:20:24.509000
2024-12-08 14:27:11.926,0 days 02:20:24.709000,0 days 00:00:28.813000,11245,266,6,100,False,0,car,1756.0483333333334,0.3362904044331915,523.7859008728906,8769.848015809552,-212.97174741571925,car,0 days 02:20:24.709000
2024-12-08 14:27:12.326,0 days 02:20:25.109000,0 days 00:00:29.213000,10714,271,7,100,False,0,car,1786.1594444444447,0.3420568047886231,398.7937777273094,8413.151108361802,-213.64253720630336,car,0 days 02:20:25.109000
2024-12-08 14:27:12.526,0 days 02:20:25.309000,0 days 00:00:29.413000,10842,273,7,100,False,0,car,1801.3261111111112,0.3449612831964327,345.73023073839454,8261.322444167878,-213.75192138857122,car,0 days 02:20:25.309000
2024-12-08 14:27:12.726,0 days 02:20:25.509000,0 days 00:00:29.613000,10936,276,7,100,False,0,car,1816.6594444444445,0.34789767894938306,323.70786985945773,8197.69581181108,-212.90544239562456,car,0 days 02:20:25.509000
2024-12-08 14:27:12.966,0 days 02:20:25.749000,0 days 00:00:29.853000,11067,279,7,100,False,0,car,1835.2594444444446,0.35145965466709245,246.37246666444398,7977.890889163225,-213.1884893371159,car,0 days 02:20:25.749000
2024-12-08 14:27:13.126,0 days 02:20:25.909000,0 days 00:00:30.013000,11092,279,7,100,False,0,car,1847.6594444444447,0.3538343051455654,187.09185055844372,7808.430605254332,-213.70049034922152,car,0 days 02:20:25.909000
2024-12-08 14:27:13.406,0 days 02:20:26.189000,0 days 00:00:30.293000,11159,283,7,100,False,0,car,1869.6705555555557,0.3580495225271558,122.02671096971713,7622.689855606935,-214.61055405645982,car,0 days 02:20:26.189000
2024-12-08 14:27:13.726,0 days 02:20:26.509000,0 days 00:00:30.613000,11326,285,7,100,False,0,car,1895.003888888889,0.362900958988552,58.890784616445615,7441.351557022124,-213.06806828500345,car,0 days 02:20:26.509000
2024-12-08 14:27:13.886,0 days 02:20:26.669000,0 days 00:00:30.773000,11332,288,7,100,False,0,car,1907.8038888888889,0.36535221109536276,18.17849911775495,7323.436730499401,-213.61904480171293,car,0 days 02:20:26.669000
2024-12-08 14:27:14.126,0 days 02:20:26.909000,0 days 00:00:31.013000,11373,288,7,100,False,0,car,1927.003888888889,0.3690290892555789,-52.947432749711794,7118.656632497751,-213.58570786992604,car,0 days 02:20:26.909000
2024-12-08 14:27:14.406,0 days 02:20:27.189000,0 days 00:00:31.293000,11505,290,7,100,False,0,car,1949.5594444444444,0.3733485699646291,-124.9146859645894,6914.1493243581,-212.92098733294407,car,0 days 02:20:27.189000
2024-12-08 14:27:14.647,0 days 02:20:27.430000,0 days 00:00:31.534000,11515,292,7,100,False,0,car,1969.1072222222222,0.37709204898503895,-184.52929348989406,6743.886316947471,-213.01360562265776,car,0 days 02:20:27.430000
2024-12-08 14:27:15.047,0 days 02:20:27.830000,0 days 00:00:31.934000,10748,295,7,100,False,0,car,2001.8850000000002,0.38336912686272284,-292.8355887855653,6433.0507399241815,-213.00013970658935,car,0 days 02:20:27.830000
2024-12-08 14:27:15.527,0 days 02:20:28.310000,0 days 00:00:32.414000,10533,296,8,100,False,0,car,2041.351666666667,0.390927154192056,-441.1365262361214,6011.028321987871,-212.9871383324414,car,0 days 02:20:28.310000
2024-12-08 14:27:15.767,0 days 02:20:28.550000,0 days 00:00:32.654000,10635,298,8,100,False,0,car,2061.2183333333337,0.3947317017328352,-493.88937364190576,5860.57533577832,-213.0050575893937,car,0 days 02:20:28.550000
2024-12-08 14:27:16.087,0 days 02:20:28.870000,0 days 00:00:32.974000,10635,299,8,100,False,0,car,2087.796111111111,0.3998214543712824,-608.3951432006559,5532.4653129298795,-213.00683088737648,car,0 days 02:20:28.870000
2024-12-08 14:27:16.486,0 days 02:20:29.269000,0 days 00:00:33.373000,10686,301,8,100,False,0,car,2121.1569444444444,0.40621018976138373,-686.0031621680316,5309.762771751487,-212.95354445055736,car,0 days 02:20:29.269000
2024-12-08 14:27:16.686,0 days 02:20:29.469000,0 days 00:00:33.573000,10746,302,8,100,False,0,car,2137.9347222222223,0.4094232025055541,-738.7368771068323,5158.131706287134,-214.00804830638006,car,0 days 02:20:29.469000
2024-12-08 14:27:16.926,0 days 02:20:29.709000,0 days 00:00:33.813000,10729,303,8,100,False,0,car,2158.1347222222225,0.41329158473661487,-855.0295468076081,4828.5042578393995,-212.67469462701035,car,0 days 02:20:29.709000
2024-12-08 14:27:17.206,0 days 02:20:29.989000,0 days 00:00:34.093000,10728,303,8,100,False,0,car,2181.701388888889,0.417804697339519,-896.0635213359485,4710.567668812419,-212.88735163696285,car,0 days 02:20:29.989000
2024-12-08 14:27:17.406,0 days 02:20:30.189000,0 days 00:00:34.293000,10799,305,8,100,False,0,car,2198.645833333333,0.42104962742883,-931.1528172130728,4609.451173696689,-212.9786450322239,car,0 days 02:20:30.189000
2024-12-08 14:27:17.726,0 days 02:20:30.509000,0 days 00:00:34.613000,10831,305,8,100,False,0,car,2225.7569444444443,0.42624151557172785,-1053.86199512112,4257.863637691635,-213.7612046989751,car,0 days 02:20:30.509000
2024-12-08 14:27:17.966,0 days 02:20:30.749000,0 days 00:00:34.853000,10843,305,8,100,False,0,car,2246.090277777778,0.4301354316789012,-1105.7254162679858,4110.115851144011,-214.69990394354278,car,0 days 02:20:30.749000
2024-12-08 14:27:18.126,0 days 02:20:30.909000,0 days 00:00:35.013000,10844,305,8,100,False,0,car,2259.645833333333,0.43273137575035003,-1136.615967944385,4021.8645222139457,-215.47772899949774,car,0 days 02:20:30.909000
2024-12-08 14:27:18.366,0 days 02:20:31.149000,0 days 00:00:35.253000,10895,308,8,100,False,0,car,2280.1791666666663,0.4366635926716923,-1207.5632869655828,3820.552945584599,-218.77708844763308,car,0 days 02:20:31.149000
2024-12-08 14:27:18.726,0 days 02:20:31.509000,0 days 00:00:35.613000,10873,308,8,100,False,0,car,2310.979166666666,0.4425619180537056,-1309.0558875801512,3540.723921901518,-221.94445661591237,car,0 days 02:20:31.509000
2024-12-08 14:27:19.046,0 days 02:20:31.829000,0 days 00:00:35.933000,10875,308,8,100,False,0,car,2338.356944444444,0.4478048739488286,-1434.8971240607739,3193.137716561587,-228.8601821198833,car,0 days 02:20:31.829000
2024-12-08 14:27:19.286,0 days 02:20:32.069000,0 days 00:00:36.173000,10956,309,8,100,False,0,car,2358.956944444444,0.45174985780822724,-1524.0766731020385,2947.7277935891134,-232.0564126673056,car,0 days 02:20:32.069000
2024-12-08 14:27:19.606,0 days 02:20:32.389000,0 days 00:00:36.493000,10977,309,8,100,False,0,car,2386.423611111111,0.4570098362874253,-1600.7986174613281,2737.064141578727,-234.0485626656504,car,0 days 02:20:32.389000
2024-12-08 14:27:20.006,0 days 02:20:32.789000,0 days 00:00:36.893000,10702,307,8,0,False,0,car,2420.5347222222217,0.4635422529262352,-1682.4791435540812,2512.7267766582418,-235.0913237802328,car,0 days 02:20:32.789000
2024-12-08 14:27:20.286,0 days 02:20:33.069000,0 days 00:00:37.173000,10357,301,8,0,False,0,car,2443.9458333333328,0.468025576007008,-1789.5825145494418,2223.513364652569,-234.9988978454119,car,0 days 02:20:33.069000
2024-12-08 14:27:20.606,0 days 02:20:33.389000,0 days 00:00:37.493000,10162,290,8,0,False,0,car,2469.7236111111106,0.47296212538877963,-1873.4668007620194,2002.0240318475205,-234.9220901413385,car,0 days 02:20:33.389000
2024-12-08 14:27:20.806,0 days 02:20:33.589000,0 days 00:00:37.693000,9754,284,8,0,True,0,car,2485.501388888888,0.47598363406210537,-1922.3861088022759,1869.504827043645,-235.37099851591736,car,0 days 02:20:33.589000
2024-12-08 14:27:21.046,0 days 02:20:33.829000,0 days 00:00:37.933000,9405,256,8,0,True,0,car,2502.5680555555546,0.47925197020451965,-1995.2965230762782,1667.6554370217787,-236.01352694225864,car,0 days 02:20:33.829000
2024-12-08 14:27:21.407,0 days 02:20:34.190000,0 days 00:00:38.294000,8258,215,8,0,True,0,car,2524.127777777777,0.4833807447763538,-2063.037197597793,1467.6369249401623,-235.12640546487603,car,0 days 02:20:34.190000
2024-12-08 14:27:21.567,0 days 02:20:34.350000,0 days 00:00:38.454000,8030,194,8,0,True,0,car,2532.749999999999,0.4850319354316361,-2092.2893445945924,1378.2830915856025,-235.96765299398334,car,0 days 02:20:34.350000
2024-12-08 14:27:21.807,0 days 02:20:34.590000,0 days 00:00:38.694000,8066,182,7,0,True,0,car,2544.8833333333323,0.48735551815788375,-2128.5489196800963,1261.5971281754503,-235.63922040769472,car,0 days 02:20:34.590000
2024-12-08 14:27:22.127,0 days 02:20:34.910000,0 days 00:00:39.014000,9429,145,5,0,True,0,car,2557.772222222221,0.48982379284876953,-2163.159059182499,1128.2730556654642,-235.15463594332897,car,0 days 02:20:34.910000
2024-12-08 14:27:22.447,0 days 02:20:35.230000,0 days 00:00:39.334000,10129,117,5,0,True,0,car,2568.172222222221,0.49181543518555326,-2184.3276840885665,1014.2477566149679,-233.95493280502626,car,0 days 02:20:35.230000
2024-12-08 14:27:22.687,0 days 02:20:35.470000,0 days 00:00:39.574000,9100,105,3,0,True,0,car,2575.172222222221,0.4931559636814654,-2192.1255022873775,943.8441455387826,-233.57812512123334,car,0 days 02:20:35.470000
2024-12-08 14:27:23.087,0 days 02:20:35.870000,0 days 00:00:39.974000,7347,88,2,0,True,0,car,2584.949999999999,0.49502844792972367,-2191.8432860294834,796.9091586278366,-231.62580648725665,car,0 days 02:20:35.870000
2024-12-08 14:27:23.366,0 days 02:20:36.149000,0 days 00:00:40.253000,6758,79,2,0,True,0,car,2591.072499999999,0.4962009316034696,-2184.105770474875,744.4015442236455,-230.23248069067247,car,0 days 02:20:36.149000
2024-12-08 14:27:23.726,0 days 02:20:36.509000,0 days 00:00:40.613000,6120,74,2,0,True,0,car,2598.472499999999,0.4976180617277196,-2170.277920212423,691.2895519828218,-230.00544475237993,car,0 days 02:20:36.509000
2024-12-08 14:27:24.086,0 days 02:20:36.869000,0 days 00:00:40.973000,5529,68,2,0,False,0,car,2605.272499999999,0.49892028940946287,-2146.2706043657927,635.7038839661463,-229.89804686966173,car,0 days 02:20:36.869000
2024-12-08 14:27:24.326,0 days 02:20:37.109000,0 days 00:00:41.213000,5313,66,2,0,False,0,car,2609.672499999999,0.4997629073211791,-2103.9742229022954,589.3595128633804,-231.1042108543826,car,0 days 02:20:37.109000
2024-12-08 14:27:24.486,0 days 02:20:37.269000,0 days 00:00:41.373000,5313,61,2,0,False,0,car,2612.3836111111104,0.5002820961354689,-2082.5413639848475,574.1665379865107,-231.12850680982305,car,0 days 02:20:37.269000
2024-12-08 14:27:24.686,0 days 02:20:37.469000,0 days 00:00:41.573000,5477,58,2,2,False,0,car,2615.6058333333326,0.5008991648081903,-2061.5373016598314,570.9131800878451,-230.33329293937794,car,0 days 02:20:37.469000
2024-12-08 14:27:24.846,0 days 02:20:37.629000,0 days 00:00:41.733000,5451,60,2,28,False,0,car,2618.272499999999,0.5014098423304425,-2037.7759098062372,569.3781762566042,-229.76060239622817,car,0 days 02:20:37.629000
2024-12-08 14:27:25.046,0 days 02:20:37.829000,0 days 00:00:41.933000,5695,62,2,32,False,0,car,2621.7169444444435,0.5020694674633517,-2003.055725331532,569.2932544027299,-228.77933113864867,car,0 days 02:20:37.829000
2024-12-08 14:27:25.366,0 days 02:20:38.149000,0 days 00:00:42.253000,6131,68,2,51,False,0,car,2627.7613888888877,0.5032270031804568,-1923.075730688573,580.9286980293084,-226.12222661316133,car,0 days 02:20:38.149000
2024-12-08 14:27:25.766,0 days 02:20:38.549000,0 days 00:00:42.653000,6469,83,2,62,False,0,car,2636.98361111111,0.5049930962782457,-1868.5840998702452,592.7311146581546,-225.66126000508956,car,0 days 02:20:38.549000
2024-12-08 14:27:26.206,0 days 02:20:38.989000,0 days 00:00:43.093000,6612,90,3,38,False,0,car,2647.98361111111,0.5070996410575362,-1752.8928640054296,607.5257320962376,-223.07891243069832,car,0 days 02:20:38.989000
2024-12-08 14:27:26.446,0 days 02:20:39.229000,0 days 00:00:43.333000,6709,92,3,35,False,0,car,2654.116944444443,0.5082741993587163,-1672.1699096256677,607.0267322713054,-221.76654000823936,car,0 days 02:20:39.229000
2024-12-08 14:27:26.646,0 days 02:20:39.429000,0 days 00:00:43.533000,6782,93,3,34,False,0,car,2659.2836111111096,0.50926363705808,-1644.0992211575287,600.096765398657,-221.62436005634663,car,0 days 02:20:39.429000
2024-12-08 14:27:26.806,0 days 02:20:39.589000,0 days 00:00:43.693000,6859,93,3,34,False,0,car,2663.416944444443,0.5100551872175709,-1617.1506049468394,587.0763035479301,-220.7647910341222,car,0 days 02:20:39.589000
2024-12-08 14:27:27.086,0 days 02:20:39.869000,0 days 00:00:43.973000,7061,93,3,37,False,0,car,2670.6502777777764,0.5114403999966802,-1557.637085037951,547.0951901541549,-216.90006876402623,car,0 days 02:20:39.869000
2024-12-08 14:27:27.486,0 days 02:20:40.269000,0 days 00:00:44.373000,7675,100,3,58,False,0,car,2681.7613888888873,0.5135682230060645,-1495.3422675468535,460.4369871891451,-213.98261149585815,car,0 days 02:20:40.269000
2024-12-08 14:27:27.727,0 days 02:20:40.510000,0 days 00:00:44.614000,8186,105,3,69,False,0,car,2688.790555555554,0.5149143370373763,-1466.2122594014268,396.47267538270216,-211.67828785001714,car,0 days 02:20:40.510000
2024-12-08 14:27:27.967,0 days 02:20:40.750000,0 days 00:00:44.854000,8465,115,3,73,False,0,car,2696.4572222222205,0.5163825349138514,-1441.242303735171,325.2208971372078,-211.0326657132802,car,0 days 02:20:40.750000
2024-12-08 14:27:28.287,0 days 02:20:41.070000,0 days 00:00:45.174000,9839,127,3,82,False,0,car,2707.7461111111093,0.5185444030913859,-1412.19458603544,222.11431374406118,-209.2275363687874,car,0 days 02:20:41.070000
2024-12-08 14:27:28.447,0 days 02:20:41.230000,0 days 00:00:45.334000,10459,137,3,91,False,0,car,2713.834999999998,0.5197104501005285,-1393.3004216026004,148.92978328276112,-208.26101024029882,car,0 days 02:20:41.230000
2024-12-08 14:27:28.647,0 days 02:20:41.430000,0 days 00:00:45.534000,11682,146,3,100,False,0,car,2721.946111111109,0.521263760897379,-1373.0108724652637,67.49162887841327,-207.97246502915368,car,0 days 02:20:41.430000
2024-12-08 14:27:28.807,0 days 02:20:41.590000,0 days 00:00:45.694000,11267,146,3,100,False,0,car,2728.434999999998,0.5225064095348595,-1361.351073943542,18.82289614521317,-208.06950833668324,car,0 days 02:20:41.590000
2024-12-08 14:27:29.087,0 days 02:20:41.870000,0 days 00:00:45.974000,10324,164,4,100,False,0,car,2741.1905555555536,0.5249491503496327,-1335.4704802202932,-88.41932093519722,-206.94556263755095,car,0 days 02:20:41.870000
2024-12-08 14:27:29.327,0 days 02:20:42.110000,0 days 00:00:46.214000,10665,172,4,100,False,0,car,2752.6572222222203,0.5271450636953174,-1306.614279032727,-204.09066595145026,-206.9706187338448,car,0 days 02:20:42.110000
2024-12-08 14:27:29.767,0 days 02:20:42.550000,0 days 00:00:46.654000,11092,177,4,100,False,0,car,2774.290555555554,0.5312879350945887,-1226.7706591981182,-471.416408780026,-208.34979846001602,car,0 days 02:20:42.550000
2024-12-08 14:27:30.006,0 days 02:20:42.789000,0 days 00:00:46.893000,11372,177,4,100,False,0,car,2786.041388888887,0.5335382675137383,-1177.6447655310117,-602.2478971620922,-209.57661627452086,car,0 days 02:20:42.789000
2024-12-08 14:27:30.206,0 days 02:20:42.989000,0 days 00:00:47.093000,11963,196,4,100,False,0,car,2796.930277777776,0.5356235340629351,-1148.4674141393898,-676.1570086976621,-210.88194249229875,car,0 days 02:20:42.989000
2024-12-08 14:27:30.486,0 days 02:20:43.269000,0 days 00:00:47.373000,10972,212,5,100,False,0,car,2813.4191666666648,0.5387812234088614,-1104.461038149111,-775.4378066400486,-213.08148222332497,car,0 days 02:20:43.269000
2024-12-08 14:27:30.726,0 days 02:20:43.509000,0 days 00:00:47.613000,11211,217,5,100,False,0,car,2827.8858333333314,0.5415516489670797,-1029.7015486036817,-927.3833766759075,-215.35959680143552,car,0 days 02:20:43.509000
2024-12-08 14:27:30.886,0 days 02:20:43.669000,0 days 00:00:47.773000,11571,223,5,100,False,0,car,2837.796944444443,0.5434496670914507,-982.1664019649971,-1010.081676149504,-217.30251536231498,car,0 days 02:20:43.669000
2024-12-08 14:27:31.086,0 days 02:20:43.869000,0 days 00:00:47.973000,11751,230,5,100,False,0,car,2850.5747222222203,0.5458966635522425,-919.0601350835824,-1114.3521463839675,-218.63754167104872,car,0 days 02:20:43.869000
2024-12-08 14:27:31.406,0 days 02:20:44.189000,0 days 00:00:48.293000,11007,235,5,100,False,0,car,2871.463611111109,0.5498969708098851,-752.6800788350131,-1357.4439944320472,-221.44478906834485,car,0 days 02:20:44.189000
2024-12-08 14:27:31.766,0 days 02:20:44.549000,0 days 00:00:48.653000,11060,245,6,100,False,0,car,2895.963611111109,0.5545888205455776,-590.6214714577354,-1559.792083585465,-223.95744593107108,car,0 days 02:20:44.549000
2024-12-08 14:27:32.006,0 days 02:20:44.789000,0 days 00:00:48.893000,11148,245,6,100,False,0,car,2912.2969444444425,0.5577167203693726,-550.99306504508,-1607.552257694175,-224.61823497575259,car,0 days 02:20:44.789000
2024-12-08 14:27:32.246,0 days 02:20:45.029000,0 days 00:00:49.133000,11304,253,6,100,False,0,car,2929.1636111111093,0.560946755697618,-402.4302283085695,-1759.3553530403706,-226.06202529908236,car,0 days 02:20:45.029000
2024-12-08 14:27:32.566,0 days 02:20:45.349000,0 days 00:00:49.453000,11557,257,6,100,False,0,car,2952.0080555555537,0.5653215598049122,-248.43302842243727,-1910.528371641741,-227.79784054276425,car,0 days 02:20:45.349000
2024-12-08 14:27:32.846,0 days 02:20:45.629000,0 days 00:00:49.733000,11503,262,6,100,False,0,car,2972.385833333331,0.5692239872041229,-106.49392560117987,-2033.8700626835057,-227.98956008398662,car,0 days 02:20:45.629000
2024-12-08 14:27:33.006,0 days 02:20:45.789000,0 days 00:00:49.893000,10523,263,6,100,False,0,car,2984.0747222222203,0.5714624570099954,14.377352818475348,-2138.321908910413,-228.01162107247978,car,0 days 02:20:45.789000
2024-12-08 14:27:33.246,0 days 02:20:46.029000,0 days 00:00:50.133000,10405,267,7,100,False,0,car,3001.8747222222205,0.5748712294710291,184.00568128149294,-2281.5451791415117,-228.68570458706526,car,0 days 02:20:46.029000
2024-12-08 14:27:33.446,0 days 02:20:46.229000,0 days 00:00:50.333000,10683,269,7,100,False,0,car,3016.819166666665,0.577733151418651,295.1299667479743,-2374.4626593990806,-228.9971015357969,car,0 days 02:20:46.229000
2024-12-08 14:27:33.726,0 days 02:20:46.509000,0 days 00:00:50.613000,10795,271,7,100,False,0,car,3037.896944444443,0.5817696316674532,391.47296662906916,-2455.780816368181,-228.24302286269528,car,0 days 02:20:46.509000
2024-12-08 14:27:34.006,0 days 02:20:46.789000,0 days 00:00:50.893000,10890,274,7,100,False,0,car,3059.208055555554,0.5858507961994524,538.4015534498703,-2580.4452651791717,-227.98131390830417,car,0 days 02:20:46.789000
2024-12-08 14:27:34.206,0 days 02:20:46.989000,0 days 00:00:51.093000,10982,277,7,100,False,0,car,3074.596944444443,0.5887978310674497,655.821985399585,-2678.6460653220283,-228.25825156780047,car,0 days 02:20:46.989000
2024-12-08 14:27:34.367,0 days 02:20:47.150000,0 days 00:00:51.254000,11074,278,7,100,False,0,car,3087.0297222222202,0.5911787586238002,749.8062869748882,-2758.4889968936836,-226.83266462122404,car,0 days 02:20:47.150000
2024-12-08 14:27:34.607,0 days 02:20:47.390000,0 days 00:00:51.494000,11131,280,7,100,False,0,car,3105.696388888887,0.5947535012795659,902.3524817941525,-2887.5406490601076,-228.36564956217774,car,0 days 02:20:47.390000
2024-12-08 14:27:34.767,0 days 02:20:47.550000,0 days 00:00:51.654000,11195,283,7,100,False,0,car,3118.274166666665,0.597162196926189,1030.9839294217115,-2996.1381466274465,-228.19311185158622,car,0 days 02:20:47.550000
2024-12-08 14:27:35.087,0 days 02:20:47.870000,0 days 00:00:51.974000,11269,284,7,100,False,0,car,3143.5186111111093,0.6019966108035102,1255.3686143958346,-3185.22224341139,-227.7930388201351,car,0 days 02:20:47.870000
2024-12-08 14:27:35.247,0 days 02:20:48.030000,0 days 00:00:52.134000,11243,285,7,100,False,0,car,3156.1852777777763,0.6044223290342083,1342.7118490638718,-3258.903098334819,-227.9302563657859,car,0 days 02:20:48.030000
2024-12-08 14:27:35.487,0 days 02:20:48.270000,0 days 00:00:52.374000,11365,288,7,100,False,0,car,3175.3852777777765,0.6080992071944246,1440.2839667874182,-3341.91411149964,-228.8343482281251,car,0 days 02:20:48.270000
2024-12-08 14:27:35.647,0 days 02:20:48.430000,0 days 00:00:52.534000,11426,289,7,100,False,0,car,3188.2297222222205,0.6105589705932728,1521.4986833607054,-3410.5800138117625,-228.94792722571486,car,0 days 02:20:48.430000
2024-12-08 14:27:36.087,0 days 02:20:48.870000,0 days 00:00:52.974000,11486,291,7,100,False,0,car,3223.796388888887,0.617370132046312,1825.187442231552,-3663.5657249265023,-228.6284188432253,car,0 days 02:20:48.870000
2024-12-08 14:27:36.407,0 days 02:20:49.190000,0 days 00:00:53.294000,11503,292,7,100,False,0,car,3249.751944444443,0.6223407265962339,2029.4886953029732,-3827.986411796901,-228.21504585927667,car,0 days 02:20:49.190000
2024-12-08 14:27:36.726,0 days 02:20:49.509000,0 days 00:00:53.613000,10306,293,8,100,False,0,car,3275.714999999999,0.6273127574266871,2231.915885809573,-3980.7194609406542,-227.97143757351216,car,0 days 02:20:49.509000
2024-12-08 14:27:36.886,0 days 02:20:49.669000,0 days 00:00:53.773000,10371,294,8,100,False,0,car,3288.781666666666,0.6298150772857232,2336.12584911709,-4056.3817968291396,-228.4581649256456,car,0 days 02:20:49.669000
2024-12-08 14:27:37.246,0 days 02:20:50.029000,0 days 00:00:54.133000,10509,296,8,100,False,0,car,3318.3816666666658,0.635483597782723,2672.530021643147,-4280.148743315486,-229.9292505629073,car,0 days 02:20:50.029000
2024-12-08 14:27:37.726,0 days 02:20:50.509000,0 days 00:00:54.613000,10538,297,8,100,False,0,car,3357.9816666666657,0.6430671589881688,3012.445024704519,-4483.398470449667,-230.0354805680137,car,0 days 02:20:50.509000
2024-12-08 14:27:37.966,0 days 02:20:50.749000,0 days 00:00:54.853000,10590,297,8,100,False,0,car,3377.781666666666,0.6468589395908917,3125.898291026404,-4544.6429343036825,-229.69094532323257,car,0 days 02:20:50.749000
2024-12-08 14:27:38.326,0 days 02:20:51.109000,0 days 00:00:55.213000,10546,297,8,100,False,0,car,3407.4816666666657,0.652546610494976,3343.7628049682576,-4650.644869500711,-231.18725816199571,car,0 days 02:20:51.109000
2024-12-08 14:27:38.566,0 days 02:20:51.349000,0 days 00:00:55.453000,10511,296,8,100,False,0,car,3427.2149999999992,0.6563256241596426,3526.00236562803,-4733.031623015176,-230.69967927542223,car,0 days 02:20:51.349000
2024-12-08 14:27:38.806,0 days 02:20:51.589000,0 days 00:00:55.693000,10483,296,8,100,False,0,car,3446.9483333333324,0.6601046378243092,3706.1961172131073,-4812.901747373312,-229.98474626072235,car,0 days 02:20:51.589000
2024-12-08 14:27:39.126,0 days 02:20:51.909000,0 days 00:00:56.013000,10448,295,8,100,False,0,car,3473.1705555555545,0.6651263001264561,3963.7346812573055,-4926.286830811644,-230.20390152356183,car,0 days 02:20:51.909000
2024-12-08 14:27:39.326,0 days 02:20:52.109000,0 days 00:00:56.213000,10473,294,8,100,False,0,car,3489.503888888888,0.6682541999502511,4133.501859338959,-4996.314170552143,-231.0871796196725,car,0 days 02:20:52.109000
2024-12-08 14:27:39.606,0 days 02:20:52.389000,0 days 00:00:56.493000,10215,289,8,0,False,0,car,3511.9816666666657,0.6725587858982357,4353.322783657079,-5081.2538104942605,-230.1285321439065,car,0 days 02:20:52.389000
2024-12-08 14:27:39.846,0 days 02:20:52.629000,0 days 00:00:56.733000,9913,273,8,0,True,0,car,3530.1816666666655,0.6760441599876071,4599.1351433250275,-5177.61156349741,-229.19915301037594,car,0 days 02:20:52.629000
2024-12-08 14:27:40.166,0 days 02:20:52.949000,0 days 00:00:57.053000,8804,239,8,0,True,0,car,3551.42611111111,0.6801125575815501,4834.719477075332,-5270.859741208685,-228.66738447105504,car,0 days 02:20:52.949000
2024-12-08 14:27:40.566,0 days 02:20:53.349000,0 days 00:00:57.453000,9658,231,8,0,True,0,car,3577.092777777777,0.685027828733228,5001.336568595838,-5329.390866372698,-230.11065333967153,car,0 days 02:20:53.349000
2024-12-08 14:27:40.846,0 days 02:20:53.629000,0 days 00:00:57.733000,9767,191,6,0,True,0,car,3591.9483333333324,0.6878727280967748,5116.860258897645,-5344.719038658863,-231.01502401567313,car,0 days 02:20:53.629000
2024-12-08 14:27:41.167,0 days 02:20:53.950000,0 days 00:00:58.054000,10416,179,4,0,True,0,car,3607.909166666666,0.6909292926541801,5279.1203103889,-5329.18183100034,-231.92090634268237,car,0 days 02:20:53.950000
2024-12-08 14:27:41.647,0 days 02:20:54.430000,0 days 00:00:58.534000,9932,173,4,0,True,0,car,3630.9758333333325,0.695346653221662,5496.025575575151,-5240.588323979597,-235.06068400683841,car,0 days 02:20:54.430000
2024-12-08 14:27:41.887,0 days 02:20:54.670000,0 days 00:00:58.774000,9563,164,4,0,False,0,car,3641.909166666666,0.6974404310628962,5585.973064272281,-5175.611480698349,-236.09900372595385,car,0 days 02:20:54.670000
2024-12-08 14:27:42.127,0 days 02:20:54.910000,0 days 00:00:59.014000,9476,160,4,24,False,0,car,3652.575833333333,0.6994831411519052,5661.006492814887,-5098.491615785148,-236.03471032382532,car,0 days 02:20:54.910000
2024-12-08 14:27:42.327,0 days 02:20:55.110000,0 days 00:00:59.214000,9226,154,4,56,False,0,car,3661.131388888888,0.7011215648691311,5709.76104071002,-5032.499588490011,-235.77154790131786,car,0 days 02:20:55.110000
2024-12-08 14:27:42.527,0 days 02:20:55.310000,0 days 00:00:59.414000,9404,154,4,65,False,0,car,3669.6869444444437,0.7027599885863571,5751.863606435042,-4944.162700351924,-234.62029463132274,car,0 days 02:20:55.310000
2024-12-08 14:27:42.887,0 days 02:20:55.670000,0 days 00:00:59.774000,9721,156,4,71,False,0,car,3685.2869444444436,0.7057474520915327,5795.927834339823,-4775.681638007892,-232.03120979651737,car,0 days 02:20:55.670000
2024-12-08 14:27:43.127,0 days 02:20:55.910000,0 days 00:01:00.014000,9837,160,4,74,False,0,car,3695.9536111111106,0.7077901621805417,5794.6532035057335,-4702.478671326536,-230.02505543872317,car,0 days 02:20:55.910000
2024-12-08 14:27:43.287,0 days 02:20:56.070000,0 days 00:01:00.174000,10077,163,4,76,False,0,car,3703.1980555555547,0.7091775027826602,5786.525202970133,-4617.412333690768,-228.25753608446612,car,0 days 02:20:56.070000
2024-12-08 14:27:43.526,0 days 02:20:56.309000,0 days 00:01:00.413000,10338,166,4,84,False,0,car,3714.21861111111,0.711287984034518,5754.504696793398,-4471.543581624976,-226.21489846160736,car,0 days 02:20:56.309000
2024-12-08 14:27:43.686,0 days 02:20:56.469000,0 days 00:01:00.573000,10635,173,4,84,False,0,car,3721.907499999999,0.712760437557012,5738.483784459744,-4415.486335903401,-225.1701759599954,car,0 days 02:20:56.469000
2024-12-08 14:27:43.966,0 days 02:20:56.749000,0 days 00:01:00.853000,11071,181,4,89,False,0,car,3735.985277777777,0.715456389309902,5687.20919400713,-4311.551048119098,-223.32297553022127,car,0 days 02:20:56.749000
2024-12-08 14:27:44.166,0 days 02:20:56.949000,0 days 00:01:01.053000,11085,185,4,87,False,0,car,3746.2630555555543,0.7174246255935824,5622.309625644799,-4193.354469617241,-221.9559755640063,car,0 days 02:20:56.949000
2024-12-08 14:27:44.566,0 days 02:20:57.349000,0 days 00:01:01.453000,10195,195,5,91,False,0,car,3767.9297222222212,0.721573880461882,5527.715043194837,-4068.77457890412,-222.19604784395742,car,0 days 02:20:57.349000
2024-12-08 14:27:44.806,0 days 02:20:57.589000,0 days 00:01:01.693000,10385,199,5,92,False,0,car,3781.1963888888877,0.7241145011350868,5429.190552162398,-3967.1553767274672,-223.07355052692566,car,0 days 02:20:57.589000
2024-12-08 14:27:45.046,0 days 02:20:57.829000,0 days 00:01:01.933000,10658,205,5,94,False,0,car,3794.8630555555546,0.7267317234366296,5308.756385540672,-3887.8129474800003,-222.98416171162103,car,0 days 02:20:57.829000
2024-12-08 14:27:45.406,0 days 02:20:58.189000,0 days 00:01:02.293000,11098,213,5,100,False,0,car,3816.163055555555,0.7308107601456194,5114.184581580274,-3820.384424056282,-222.99910619006175,car,0 days 02:20:58.189000
2024-12-08 14:27:45.606,0 days 02:20:58.389000,0 days 00:01:02.493000,11328,213,5,100,False,0,car,3827.9963888888883,0.7330768916506137,4998.015507020821,-3805.293514490554,-223.01001597074236,car,0 days 02:20:58.389000
2024-12-08 14:27:46.046,0 days 02:20:58.829000,0 days 00:01:02.933000,11616,228,5,100,False,0,car,3855.8630555555546,0.7384134717581496,4666.448362083403,-3768.841912771209,-223.15322507895894,car,0 days 02:20:58.829000
2024-12-08 14:27:46.326,0 days 02:20:59.109000,0 days 00:01:03.213000,11887,233,5,100,False,0,car,3873.985277777777,0.7418839510864554,4454.370332023644,-3726.32227431245,-224.55336956784828,car,0 days 02:20:59.109000
2024-12-08 14:27:46.606,0 days 02:20:59.389000,0 days 00:01:03.493000,12121,237,5,100,False,0,car,3892.4186111111103,0.7454140094590241,4311.524122175246,-3706.350651674465,-226.00862926758646,car,0 days 02:20:59.389000
2024-12-08 14:27:46.806,0 days 02:20:59.589000,0 days 00:01:03.693000,11001,239,5,100,False,0,car,3905.6963888888877,0.7479567579552383,4179.240160202426,-3692.2452847336326,-226.11760512229066,car,0 days 02:20:59.589000
2024-12-08 14:27:47.086,0 days 02:20:59.869000,0 days 00:01:03.973000,11037,246,6,100,False,0,car,3924.829722222221,0.7516208691773981,3950.5888695492968,-3674.132928002889,-227.598192254851,car,0 days 02:20:59.869000
2024-12-08 14:27:47.246,0 days 02:21:00.029000,0 days 00:01:04.133000,11037,250,6,100,False,0,car,3935.9408333333317,0.7537486921867824,3809.783286187854,-3663.3835679140147,-228.1118236542883,car,0 days 02:21:00.029000
2024-12-08 14:27:47.446,0 days 02:21:00.229000,0 days 00:01:04.333000,11183,253,6,100,False,0,car,3949.9963888888874,0.7564403882936536,3712.485761147167,-3656.006610514176,-229.10361594104842,car,0 days 02:21:00.229000
2024-12-08 14:27:47.767,0 days 02:21:00.550000,0 days 00:01:04.654000,11458,257,6,100,False,0,car,3972.9122222222204,0.760828863663783,3515.784122186387,-3640.4420790876993,-231.05984157744555,car,0 days 02:21:00.550000
2024-12-08 14:27:47.967,0 days 02:21:00.750000,0 days 00:01:04.854000,11621,259,6,100,False,0,car,3987.3011111111095,0.7635843944609357,3373.8165845061626,-3629.382635410067,-232.0285231639285,car,0 days 02:21:00.750000
2024-12-08 14:27:48.207,0 days 02:21:00.990000,0 days 00:01:05.094000,11704,260,6,100,False,0,car,4004.6344444444426,0.7669037983555753,3198.3851056381827,-3611.942398806974,-232.05408197855758,car,0 days 02:21:00.990000
2024-12-08 14:27:48.487,0 days 02:21:01.270000,0 days 00:01:05.374000,11424,264,6,100,False,0,car,4025.167777777776,0.7708360152769176,3004.5049240286135,-3583.4222911089446,-232.00101400674956,car,0 days 02:21:01.270000
2024-12-08 14:27:48.887,0 days 02:21:01.670000,0 days 00:01:05.774000,10629,267,7,100,False,0,car,4054.834444444443,0.7765173027119738,2630.4097403433984,-3444.5642286567486,-232.54901555151514,car,0 days 02:21:01.670000
2024-12-08 14:27:49.127,0 days 02:21:01.910000,0 days 00:01:06.014000,10736,269,7,100,False,0,car,4072.767777777776,0.77995160904912,2509.5466956582673,-3371.748508131162,-233.08340611857784,car,0 days 02:21:01.910000
2024-12-08 14:27:49.367,0 days 02:21:02.150000,0 days 00:01:06.254000,10815,270,7,100,False,0,car,4090.7677777777762,0.7833986823243227,2390.834711865968,-3300.479766153024,-232.98523232971493,car,0 days 02:21:02.150000
2024-12-08 14:27:49.567,0 days 02:21:02.350000,0 days 00:01:06.454000,10717,271,7,100,False,0,car,4105.823333333331,0.7862818825020383,2287.8387486742463,-3232.843596619813,-233.06458487997122,car,0 days 02:21:02.350000
2024-12-08 14:27:49.887,0 days 02:21:02.670000,0 days 00:01:06.774000,10762,270,7,100,False,0,car,4129.823333333332,0.7908779802023087,2087.019857713797,-3082.761186286304,-231.93464773419555,car,0 days 02:21:02.670000
2024-12-08 14:27:50.166,0 days 02:21:02.949000,0 days 00:01:07.053000,10581,269,7,97,False,0,car,4150.670833333332,0.7948703613192413,1937.071131546136,-2944.8989302857644,-231.56460981406343,car,0 days 02:21:02.949000
2024-12-08 14:27:50.566,0 days 02:21:03.349000,0 days 00:01:07.453000,10212,262,7,0,False,0,car,4179.781944444443,0.8004452576038282,1767.5917588882307,-2709.5834286996633,-231.59307240453367,car,0 days 02:21:03.349000
2024-12-08 14:27:50.766,0 days 02:21:03.549000,0 days 00:01:07.653000,9740,253,7,0,True,0,car,4193.837499999999,0.8031369537106995,1708.8490922541287,-2579.5544829790388,-232.44257780414753,car,0 days 02:21:03.549000
2024-12-08 14:27:51.006,0 days 02:21:03.789000,0 days 00:01:07.893000,9125,245,7,0,True,0,car,4210.170833333332,0.8062648535344944,1658.6452000377708,-2419.329855975116,-233.02958235477777,car,0 days 02:21:03.789000
2024-12-08 14:27:51.406,0 days 02:21:04.189000,0 days 00:01:08.293000,8703,193,7,0,True,0,car,4231.615277777776,0.8103715519426061,1607.903534335521,-2196.5754219936907,-232.99882677526054,car,0 days 02:21:04.189000
2024-12-08 14:27:51.646,0 days 02:21:04.429000,0 days 00:01:08.533000,9229,169,6,0,True,0,car,4242.8819444444425,0.8125291644741218,1587.5049587524718,-2070.10455322869,-233.07480232351628,car,0 days 02:21:04.429000
2024-12-08 14:27:52.046,0 days 02:21:04.829000,0 days 00:01:08.933000,10233,142,5,0,True,0,car,4258.659722222221,0.8155506731474477,1574.079894549424,-1883.033877221817,-232.0185491524098,car,0 days 02:21:04.829000
2024-12-08 14:27:52.206,0 days 02:21:04.989000,0 days 00:01:09.093000,9414,142,3,0,True,0,car,4264.970833333332,0.8167592766167779,1574.2774943567115,-1828.1725756363503,-232.0041772204932,car,0 days 02:21:04.989000
2024-12-08 14:27:52.446,0 days 02:21:05.229000,0 days 00:01:09.333000,8862,131,3,0,True,0,car,4273.7041666666655,0.8184317455021541,1576.2155155239652,-1760.3828412568118,-231.6727315210391,car,0 days 02:21:05.229000
2024-12-08 14:27:52.806,0 days 02:21:05.589000,0 days 00:01:09.693000,8006,116,3,0,True,0,car,4285.304166666666,0.8206531927239514,1603.3932804859764,-1599.9565855518047,-230.9720361881321,car,0 days 02:21:05.589000
2024-12-08 14:27:53.286,0 days 02:21:06.069000,0 days 00:01:10.173000,7360,107,3,0,False,0,car,4299.570833333332,0.8233853174680009,1647.0289780309477,-1502.5556056611617,-232.00214653135282,car,0 days 02:21:06.069000
2024-12-08 14:27:53.606,0 days 02:21:06.389000,0 days 00:01:10.493000,7179,99,3,25,False,0,car,4308.3708333333325,0.8250705532914333,1732.0624942934176,-1434.0165528190491,-232.87067613457882,car,0 days 02:21:06.389000
2024-12-08 14:27:53.806,0 days 02:21:06.589000,0 days 00:01:10.693000,7373,98,3,53,False,0,car,4313.815277777777,0.8261131865660316,1780.5022281833449,-1411.5105042527334,-233.56646554582994,car,0 days 02:21:06.589000
2024-12-08 14:27:53.966,0 days 02:21:06.749000,0 days 00:01:10.853000,7373,99,3,53,False,0,car,4318.2152777777765,0.8269558044777477,1808.5412063133954,-1407.2607610148225,-233.88824454799433,car,0 days 02:21:06.749000
2024-12-08 14:27:54.167,0 days 02:21:06.950000,0 days 00:01:11.054000,7824,104,3,60,False,0,car,4324.021944444444,0.8280678047824521,1858.6185616779894,-1401.988865531744,-234.0038724473733,car,0 days 02:21:06.950000
2024-12-08 14:27:54.367,0 days 02:21:07.150000,0 days 00:01:11.254000,7964,106,3,60,False,0,car,4329.910833333332,0.8291955509774258,1918.9017061073957,-1397.4143955002262,-234.07224994050935,car,0 days 02:21:07.150000
2024-12-08 14:27:54.567,0 days 02:21:07.350000,0 days 00:01:11.454000,8465,111,3,68,False,0,car,4336.0774999999985,0.830376492747634,1980.4960088686641,-1398.5643981908668,-233.28184430027432,car,0 days 02:21:07.350000
2024-12-08 14:27:54.887,0 days 02:21:07.670000,0 days 00:01:11.774000,9132,123,3,76,False,0,car,4347.010833333332,0.8324702705888681,2086.1617495042383,-1407.4253845765138,-232.5477972128955,car,0 days 02:21:07.670000
2024-12-08 14:27:55.127,0 days 02:21:07.910000,0 days 00:01:12.014000,9628,130,3,80,False,0,car,4355.677499999998,0.8341299725361878,2171.2970302035615,-1416.8804634779067,-232.71363258109204,car,0 days 02:21:07.910000
2024-12-08 14:27:55.287,0 days 02:21:08.070000,0 days 00:01:12.174000,8648,137,3,73,False,0,car,4361.766388888887,0.8352960195453306,2231.5492587954213,-1418.5386927355003,-233.01151104432307,car,0 days 02:21:08.070000
2024-12-08 14:27:55.567,0 days 02:21:08.350000,0 days 00:01:12.454000,8528,140,4,55,False,0,car,4372.655277777776,0.8373812860945272,2334.794276253947,-1406.6165644260661,-232.09652852254592,car,0 days 02:21:08.350000
2024-12-08 14:27:55.727,0 days 02:21:08.510000,0 days 00:01:12.614000,8360,139,4,11,False,0,car,4378.833055555554,0.8385643556877449,2392.2285170245823,-1386.8146981498562,-232.98462759981462,car,0 days 02:21:08.510000
2024-12-08 14:27:55.887,0 days 02:21:08.670000,0 days 00:01:12.774000,8222,138,4,11,False,0,car,4384.966388888887,0.839738913988925,2469.0680709706053,-1342.6331614059707,-232.4771829401497,car,0 days 02:21:08.670000
2024-12-08 14:27:56.167,0 days 02:21:08.950000,0 days 00:01:13.054000,7895,135,4,12,False,0,car,4395.466388888887,0.8417497067327933,2551.5807726223616,-1284.9519798602362,-231.4657893118453,car,0 days 02:21:08.950000
2024-12-08 14:27:56.367,0 days 02:21:09.150000,0 days 00:01:13.254000,7765,131,4,12,False,0,car,4402.7441666666655,0.84314343080394,2587.9993399146615,-1252.1007093024537,-230.74660544364843,car,0 days 02:21:09.150000
2024-12-08 14:27:56.647,0 days 02:21:09.430000,0 days 00:01:13.534000,7770,128,4,15,False,0,car,4412.699722222221,0.8450499602203484,2659.270116100835,-1178.2384370447742,-229.9244475403301,car,0 days 02:21:09.430000
2024-12-08 14:27:57.006,0 days 02:21:09.789000,0 days 00:01:13.893000,7943,128,4,58,False,0,car,4425.464166666665,0.847494403293529,2727.750873145328,-1056.3562188771716,-229.7703110988225,car,0 days 02:21:09.789000
2024-12-08 14:27:57.366,0 days 02:21:10.149000,0 days 00:01:14.253000,8157,133,4,63,False,0,car,4438.764166666665,0.8500414074357621,2762.5701722136814,-932.7374553173873,-225.88856392036286,car,0 days 02:21:10.149000
2024-12-08 14:27:57.606,0 days 02:21:10.389000,0 days 00:01:14.493000,8563,136,4,77,False,0,car,4447.830833333332,0.8517777110114197,2766.6254332321237,-859.7526969129444,-223.95846432043433,car,0 days 02:21:10.389000
2024-12-08 14:27:57.846,0 days 02:21:10.629000,0 days 00:01:14.733000,8794,144,4,80,False,0,car,4457.430833333332,0.8536161500915279,2776.857872780214,-705.144419445979,-226.15977326267193,car,0 days 02:21:10.629000
2024-12-08 14:27:58.086,0 days 02:21:10.869000,0 days 00:01:14.973000,9354,151,4,85,False,0,car,4467.497499999999,0.85554395773803,2778.0344076488427,-654.637291299455,-225.97644419899152,car,0 days 02:21:10.869000
2024-12-08 14:27:58.446,0 days 02:21:11.229000,0 days 00:01:15.333000,9201,152,4,5,False,0,car,4482.697499999998,0.8584548196148678,2759.055677576697,-478.33029410205694,-229.67198173847643,car,0 days 02:21:11.229000
2024-12-08 14:27:58.726,0 days 02:21:11.509000,0 days 00:01:15.613000,8798,150,4,0,False,0,car,4494.364166666665,0.8606890337747214,2727.720495528891,-361.61461583065693,-232.76708378915058,car,0 days 02:21:11.509000
2024-12-08 14:27:58.966,0 days 02:21:11.749000,0 days 00:01:15.853000,8585,146,4,0,False,0,car,4504.097499999999,0.8625530067309422,2695.2953333250853,-311.20770176051985,-232.8779799321702,car,0 days 02:21:11.749000
2024-12-08 14:27:59.166,0 days 02:21:11.949000,0 days 00:01:16.053000,8389,144,4,1,False,0,car,4512.097499999999,0.8640850392976989,2648.379820976899,-245.17632790288494,-231.83337656023903,car,0 days 02:21:11.949000
2024-12-08 14:27:59.486,0 days 02:21:12.269000,0 days 00:01:16.373000,8379,138,4,41,False,0,car,4524.364166666666,0.8664341559000593,2558.022384015556,-158.48699798027818,-232.00105115472581,car,0 days 02:21:12.269000
2024-12-08 14:27:59.646,0 days 02:21:12.429000,0 days 00:01:16.533000,8546,137,4,60,False,0,car,4530.453055555555,0.8676002029092018,2506.9200063462927,-119.43507380223156,-231.99000796879758,car,0 days 02:21:12.429000
2024-12-08 14:27:59.926,0 days 02:21:12.709000,0 days 00:01:16.813000,8689,142,4,67,False,0,car,4541.4974999999995,0.8697152589805299,2393.2237896553393,-58.56500064213558,-232.0822689850272,car,0 days 02:21:12.709000
2024-12-08 14:28:00.246,0 days 02:21:13.029000,0 days 00:01:17.133000,9146,147,4,76,False,0,car,4554.564166666666,0.8722175788395659,2273.8680705242286,-18.2187471556314,-231.50724326792553,car,0 days 02:21:13.029000
2024-12-08 14:28:00.406,0 days 02:21:13.189000,0 days 00:01:17.293000,9531,152,4,80,False,0,car,4561.3197222222225,0.8735112952292717,2221.2405646153165,-11.063995968656656,-231.03382399912783,car,0 days 02:21:13.189000
2024-12-08 14:28:00.727,0 days 02:21:13.510000,0 days 00:01:17.614000,10167,162,4,100,False,0,car,4575.764722222222,0.8762775715326218,2086.555173917452,-7.19104108190219,-230.90767263989343,car,0 days 02:21:13.510000
2024-12-08 14:28:01.127,0 days 02:21:13.910000,0 days 00:01:18.014000,10756,175,4,100,False,0,car,4595.2091666666665,0.8800012617990444,1838.840852654085,-33.8457602132131,-232.04023034295264,car,0 days 02:21:13.910000
2024-12-08 14:28:01.287,0 days 02:21:14.070000,0 days 00:01:18.174000,10896,186,4,100,False,0,car,4603.475833333334,0.8815843621180264,1753.8315159254787,-46.67654014029654,-232.62010678895382,car,0 days 02:21:14.070000
2024-12-08 14:28:01.487,0 days 02:21:14.270000,0 days 00:01:18.374000,11654,189,4,100,False,0,car,4613.975833333333,0.8835951548618944,1657.195567447055,-62.44235361880873,-233.0002999912522,car,0 days 02:21:14.270000
2024-12-08 14:28:01.687,0 days 02:21:14.470000,0 days 00:01:18.574000,11867,196,4,100,False,0,car,4624.864722222222,0.885680421411091,1528.6492115473543,-80.4798080186622,-232.71176330457806,car,0 days 02:21:14.470000
2024-12-08 14:28:01.967,0 days 02:21:14.750000,0 days 00:01:18.854000,10788,205,4,100,False,0,car,4640.809166666666,0.8887338474295575,1358.4447648097355,-102.80505069500674,-231.952242939972,car,0 days 02:21:14.750000
2024-12-08 14:28:02.247,0 days 02:21:15.030000,0 days 00:01:19.134000,10883,216,5,100,False,0,car,4657.609166666666,0.8919511158197467,1261.987291390409,-115.63744873466598,-232.0238289953923,car,0 days 02:21:15.030000
2024-12-08 14:28:02.527,0 days 02:21:15.310000,0 days 00:01:19.414000,11330,216,5,100,False,0,car,4674.409166666666,0.8951683842099358,1092.5314183662124,-137.34753426500274,-232.95134293354818,car,0 days 02:21:15.310000
2024-12-08 14:28:02.767,0 days 02:21:15.550000,0 days 00:01:19.654000,11653,228,5,100,False,0,car,4689.609166666666,0.8980792460867736,942.5688523440554,-161.0353126469445,-232.99943683951824,car,0 days 02:21:15.550000
2024-12-08 14:28:03.167,0 days 02:21:15.950000,0 days 00:01:20.054000,10960,235,6,100,False,0,car,4715.7202777777775,0.9030796301588269,689.675947371121,-205.57640996992103,-231.872568763299,car,0 days 02:21:15.950000
2024-12-08 14:28:03.367,0 days 02:21:16.150000,0 days 00:01:20.254000,10786,240,6,100,False,0,car,4729.053611111111,0.9056330177700882,560.3897721547684,-228.11744957394976,-230.92131567114737,car,0 days 02:21:16.150000
2024-12-08 14:28:03.846,0 days 02:21:16.629000,0 days 00:01:20.733000,11010,246,6,100,False,0,car,4761.785277777778,0.911901265182283,235.63325519059768,-261.4284677537684,-225.9640574728279,car,0 days 02:21:16.629000
2024-12-08 14:28:04.086,0 days 02:21:16.869000,0 days 00:01:20.973000,11222,248,6,100,False,0,car,4778.318611111111,0.9150674658202468,98.99235003084576,-252.91311277983235,-222.59349921404728,car,0 days 02:21:16.869000
2024-12-08 14:28:04.406,0 days 02:21:17.189000,0 days 00:01:21.293000,11276,249,6,89,False,0,car,4800.451944444445,0.9193060892549405,-211.13496698392146,-142.78249757357923,-219.27425028943756,car,0 days 02:21:17.189000
2024-12-08 14:28:04.766,0 days 02:21:17.549000,0 days 00:01:21.653000,11330,251,6,100,False,0,car,4825.551944444445,0.9241128414331399,-329.60514213436505,-72.93717857608179,-219.09434450110012,car,0 days 02:21:17.549000
2024-12-08 14:28:05.046,0 days 02:21:17.829000,0 days 00:01:21.933000,11469,253,6,100,False,0,car,4845.229722222223,0.9278812159827595,-527.4324428577834,127.33136404287026,-220.0088233732352,car,0 days 02:21:17.829000
2024-12-08 14:28:05.286,0 days 02:21:18.069000,0 days 00:01:22.173000,11458,253,6,100,False,0,car,4862.096388888889,0.9311112513110048,-613.4438022486983,260.7896249223808,-219.0520260836445,car,0 days 02:21:18.069000
2024-12-08 14:28:05.646,0 days 02:21:18.429000,0 days 00:01:22.533000,11344,254,6,100,False,0,car,4887.496388888889,0.9359754547104573,-735.2882919460171,466.9279078487267,-220.057842386032,car,0 days 02:21:18.429000
2024-12-08 14:28:05.846,0 days 02:21:18.629000,0 days 00:01:22.733000,11341,254,6,100,False,0,car,4901.6075,0.9386777899323755,-815.548475962634,599.9195866077079,-219.84329539073394,car,0 days 02:21:18.629000
2024-12-08 14:28:06.086,0 days 02:21:18.869000,0 days 00:01:22.973000,10929,255,6,0,False,0,car,4918.6075,0.9419333591367335,-893.6335383556734,732.8712300661778,-221.0825794600509,car,0 days 02:21:18.869000
2024-12-08 14:28:06.446,0 days 02:21:19.229000,0 days 00:01:23.333000,10106,243,6,0,True,0,car,4942.9075,0.9465869080582571,-1006.1020433170768,960.113704768957,-221.03863221916856,car,0 days 02:21:19.229000
2024-12-08 14:28:06.726,0 days 02:21:19.509000,0 days 00:01:23.613000,8815,211,6,0,True,0,car,4959.318611111112,0.9497297026431178,-1060.102928485126,1115.234311654358,-222.29228875593463,car,0 days 02:21:19.509000
2024-12-08 14:28:06.926,0 days 02:21:19.709000,0 days 00:01:23.813000,9041,183,5,0,True,0,car,4969.485277777779,0.9516766606967045,-1085.7179231734922,1214.401393734806,-221.64511747106855,car,0 days 02:21:19.709000
2024-12-08 14:28:07.287,0 days 02:21:20.070000,0 days 00:01:24.174000,9504,169,4,0,True,0,car,4986.432222222224,0.9549220695461929,-1115.7570689828613,1433.0578208746138,-221.7518947444517,car,0 days 02:21:20.070000
2024-12-08 14:28:07.527,0 days 02:21:20.310000,0 days 00:01:24.414000,8490,151,4,0,True,0,car,4996.49888888889,0.9568498771926951,-1121.3646208127009,1518.5504128017546,-222.1358975375407,car,0 days 02:21:20.310000
2024-12-08 14:28:07.767,0 days 02:21:20.550000,0 days 00:01:24.654000,7934,139,4,0,True,0,car,5005.765555555557,0.9586244815825216,-1119.5395049128645,1567.9667976587511,-221.97819169943213,car,0 days 02:21:20.550000
2024-12-08 14:28:08.047,0 days 02:21:20.830000,0 days 00:01:24.934000,7498,133,4,0,True,0,car,5016.1100000000015,0.9606054848042584,-1109.2953978036285,1682.2962899745467,-222.00143454974878,car,0 days 02:21:20.830000
2024-12-08 14:28:08.407,0 days 02:21:21.190000,0 days 00:01:25.294000,7331,123,4,17,False,0,car,5028.410000000002,0.962960984875647,-1077.0662370488521,1803.6025868302752,-221.999820191086,car,0 days 02:21:21.190000
2024-12-08 14:28:08.607,0 days 02:21:21.390000,0 days 00:01:25.494000,7181,120,4,44,False,0,car,5035.076666666669,0.9642376786812776,-1048.932358778524,1847.27353925884,-222.0000322667569,car,0 days 02:21:21.390000
2024-12-08 14:28:08.967,0 days 02:21:21.750000,0 days 00:01:25.854000,7405,120,4,59,False,0,car,5047.076666666669,0.9665357275314127,-962.5322012670457,1921.8008524222605,-222.0000020233827,car,0 days 02:21:21.750000
2024-12-08 14:28:09.207,0 days 02:21:21.990000,0 days 00:01:26.094000,7767,122,4,72,False,0,car,5055.210000000002,0.968093293974282,-879.7399806368533,1951.6685351493193,-221.9999926342218,car,0 days 02:21:21.990000
2024-12-08 14:28:09.407,0 days 02:21:22.190000,0 days 00:01:26.294000,7902,127,4,74,False,0,car,5062.2655555555575,0.9694444615852411,-782.485144925221,1969.4733981648685,-221.9999943808109,car,0 days 02:21:22.190000
2024-12-08 14:28:09.727,0 days 02:21:22.510000,0 days 00:01:26.614000,8939,132,4,89,False,0,car,5073.998888888891,0.971691442683151,-702.7302489163294,1976.0401860464472,-222.00017920458424,car,0 days 02:21:22.510000
2024-12-08 14:28:10.007,0 days 02:21:22.790000,0 days 00:01:26.894000,9440,147,4,91,False,0,car,5085.4322222222245,0.9738809725598074,-594.8850110953773,1984.5568092201934,-222.00222021025175,car,0 days 02:21:22.790000
2024-12-08 14:28:10.286,0 days 02:21:23.069000,0 days 00:01:27.173000,9901,160,4,100,False,0,car,5097.832222222224,0.9762556230382803,-493.86301946067346,1998.8886799707263,-221.96120410245317,car,0 days 02:21:23.069000
2024-12-08 14:28:10.486,0 days 02:21:23.269000,0 days 00:01:27.373000,10853,163,4,100,False,0,car,5106.88777777778,0.9779897987909286,-377.8462898116226,2013.1948767986519,-223.44231992725656,car,0 days 02:21:23.269000
2024-12-08 14:28:10.646,0 days 02:21:23.429000,0 days 00:01:27.533000,10953,175,4,100,False,0,car,5114.665555555557,0.9794792748974975,-250.1734177477756,2023.429679631795,-226.10161914699023,car,0 days 02:21:23.429000
2024-12-08 14:28:10.806,0 days 02:21:23.589000,0 days 00:01:27.693000,11181,179,4,100,False,0,car,5122.621111111112,0.9810027961722166,-207.05598982273497,2025.87840710131,-226.19554706139925,car,0 days 02:21:23.589000
2024-12-08 14:28:10.966,0 days 02:21:23.749000,0 days 00:01:27.853000,11457,186,4,100,False,0,car,5130.887777777779,0.9825858964911985,-161.63014129642872,2027.6515331865971,-227.5508042042204,car,0 days 02:21:23.749000
2024-12-08 14:28:11.126,0 days 02:21:23.909000,0 days 00:01:28.013000,11016,189,4,100,False,0,car,5139.287777777779,0.9841945306862933,-65.00297514058413,2032.7020829643525,-231.78165803318927,car,0 days 02:21:23.909000
2024-12-08 14:28:11.326,0 days 02:21:24.109000,0 days 00:01:28.213000,10175,193,5,100,False,0,car,5150.010000000001,0.986247879890349,44.476986249586474,2037.6406102005676,-234.37533066520086,car,0 days 02:21:24.109000
2024-12-08 14:28:11.606,0 days 02:21:24.389000,0 days 00:01:28.493000,10596,203,5,100,False,0,car,5165.79888888889,0.9892715163866842,189.36412008758484,2045.8751000836976,-236.1637719924156,car,0 days 02:21:24.389000
2024-12-08 14:28:11.766,0 days 02:21:24.549000,0 days 00:01:28.653000,10885,209,5,100,False,0,car,5175.08777777778,0.9910503764225296,272.4561994349214,2050.2955358710474,-237.0722508041846,car,0 days 02:21:24.549000
2024-12-08 14:28:12.006,0 days 02:21:24.789000,0 days 00:01:28.893000,11174,215,5,100,False,0,car,5189.421111111113,0.9937952681046354,413.00040129280586,2059.536401053041,-239.05648496525822,car,0 days 02:21:24.789000
2024-12-08 14:28:12.206,0 days 02:21:24.989000,0 days 00:01:29.093000,11362,220,5,100,False,0,car,5201.643333333335,0.9961358734149582,533.849269822801,2073.5816895235243,-239.42089864901772,car,0 days 02:21:24.989000
